#!ascii label  , from subject Paciente_3 vox2ras=TkReg
748
30978  -18.721  -49.983  72.855 0.0000000000
122487  -42.835  -37.990  66.121 0.0000000000
47337  -46.619  -31.785  63.016 0.0000000000
50073  -53.037  -27.935  56.763 0.0000000000
38675  -39.320  -41.171  65.545 0.0000000000
48246  -50.693  -30.667  59.984 0.0000000000
108199  -52.264  -22.628  51.332 0.0000000000
54782  -57.457  -22.584  50.220 0.0000000000
37828  -44.863  -40.777  65.339 0.0000000000
41274  -47.426  -37.051  62.403 0.0000000000
43838  -44.467  -34.206  65.994 0.0000000000
33707  -19.836  -46.590  75.329 0.0000000000
36878  -20.509  -42.306  75.303 0.0000000000
39421  -24.965  -40.027  75.541 0.0000000000
39451  -29.688  -40.524  73.748 0.0000000000
110356  -34.382  -40.043  71.734 0.0000000000
112174  -37.733  -42.571  69.361 0.0000000000
36196  -42.248  -43.520  67.713 0.0000000000
42922  -48.612  -34.035  60.426 0.0000000000
55689  -59.710  -22.686  47.767 0.0000000000
39558  -44.238  -39.276  66.565 0.0000000000
115654  -45.006  -37.761  66.190 0.0000000000
42834  -43.624  -36.182  66.236 0.0000000000
35249  -18.565  -44.295  74.252 0.0000000000
111044  -20.080  -44.016  75.530 0.0000000000
39510  -35.007  -39.603  69.911 0.0000000000
38577  -36.201  -40.700  70.656 0.0000000000
38626  -37.413  -40.622  68.853 0.0000000000
39556  -42.072  -39.916  66.202 0.0000000000
37826  -41.233  -41.763  67.225 0.0000000000
38646  -43.117  -40.494  67.038 0.0000000000
36211  -43.397  -42.713  66.091 0.0000000000
43847  -47.157  -34.357  63.245 0.0000000000
42070  -48.348  -36.209  62.234 0.0000000000
45709  -47.729  -33.163  61.863 0.0000000000
49128  -51.997  -29.633  58.332 0.0000000000
46543  -51.644  -31.263  59.289 0.0000000000
47412  -53.401  -30.310  57.501 0.0000000000
49200  -53.727  -29.209  55.331 0.0000000000
53718  -53.872  -22.951  52.820 0.0000000000
53708  -51.907  -23.705  53.030 0.0000000000
38674  -37.348  -40.500  66.158 0.0000000000
48321  -49.866  -29.508  55.537 0.0000000000
54772  -54.823  -22.054  51.011 0.0000000000
116939  -56.064  -23.639  51.284 0.0000000000
52805  -58.581  -23.833  46.264 0.0000000000
37050  -45.077  -41.445  62.527 0.0000000000
40446  -45.610  -38.630  64.138 0.0000000000
113613  -45.204  -35.630  64.760 0.0000000000
31619  -19.806  -48.767  74.837 0.0000000000
36917  -21.827  -42.301  74.170 0.0000000000
120153  -22.425  -40.795  75.401 0.0000000000
36892  -23.911  -41.408  75.524 0.0000000000
116298  -26.247  -42.212  75.863 0.0000000000
36883  -28.307  -42.449  74.251 0.0000000000
37714  -30.908  -41.506  75.034 0.0000000000
107644  -31.906  -40.122  73.018 0.0000000000
36935  -34.910  -41.809  71.015 0.0000000000
37799  -39.202  -42.066  68.081 0.0000000000
36167  -39.906  -43.526  68.347 0.0000000000
106719  -40.245  -44.738  67.256 0.0000000000
34572  -42.031  -45.133  65.544 0.0000000000
115776  -43.875  -42.881  64.127 0.0000000000
45727  -50.478  -31.874  60.773 0.0000000000
52673  -50.646  -25.230  53.758 0.0000000000
51759  -52.943  -25.291  55.852 0.0000000000
122382  -18.766  -49.984  74.239 0.0000000000
40421  -43.487  -38.184  66.567 0.0000000000
41242  -43.763  -37.494  66.514 0.0000000000
42023  -43.443  -36.927  66.346 0.0000000000
106028  -34.936  -39.712  68.238 0.0000000000
105641  -36.116  -39.827  69.080 0.0000000000
39524  -36.523  -39.988  68.463 0.0000000000
121650  -42.638  -39.210  66.104 0.0000000000
38663  -42.370  -40.319  66.846 0.0000000000
39540  -42.954  -39.914  67.021 0.0000000000
38647  -43.682  -40.267  66.919 0.0000000000
44816  -47.557  -33.697  62.443 0.0000000000
46512  -47.456  -32.353  62.264 0.0000000000
49147  -52.633  -28.965  57.529 0.0000000000
49129  -52.648  -29.509  58.065 0.0000000000
49149  -53.341  -28.889  56.895 0.0000000000
48306  -53.643  -29.580  56.039 0.0000000000
50084  -53.441  -27.828  56.092 0.0000000000
52716  -54.559  -24.130  51.811 0.0000000000
52701  -53.219  -23.317  52.741 0.0000000000
51820  -53.105  -24.731  51.646 0.0000000000
55672  -54.862  -21.949  49.453 0.0000000000
55666  -55.959  -21.844  50.596 0.0000000000
117169  -55.641  -22.248  51.788 0.0000000000
54774  -57.359  -22.903  50.698 0.0000000000
52737  -56.849  -24.353  50.188 0.0000000000
53753  -58.245  -23.259  49.798 0.0000000000
112709  -59.629  -23.523  48.042 0.0000000000
37846  -45.147  -41.339  64.024 0.0000000000
37856  -45.446  -40.463  62.964 0.0000000000
38690  -45.183  -40.212  64.524 0.0000000000
42837  -45.002  -35.407  66.194 0.0000000000
42035  -45.160  -36.307  65.252 0.0000000000
115216  -45.191  -34.882  65.909 0.0000000000
43839  -45.211  -34.109  64.012 0.0000000000
113737  -44.814  -33.079  65.203 0.0000000000
33022  -20.336  -47.222  74.408 0.0000000000
33716  -20.059  -46.495  75.352 0.0000000000
36077  -20.143  -43.228  75.777 0.0000000000
39432  -24.114  -39.812  74.459 0.0000000000
39420  -23.602  -39.985  75.662 0.0000000000
37710  -23.403  -41.102  75.844 0.0000000000
38499  -24.744  -40.721  75.918 0.0000000000
36879  -25.375  -41.665  76.059 0.0000000000
38500  -25.657  -40.967  75.855 0.0000000000
39426  -29.054  -41.423  73.920 0.0000000000
36896  -29.572  -42.433  74.501 0.0000000000
38542  -30.216  -40.576  74.697 0.0000000000
40373  -33.865  -39.689  71.192 0.0000000000
39484  -32.355  -39.576  71.788 0.0000000000
39455  -32.824  -40.144  72.363 0.0000000000
38543  -32.133  -40.733  72.687 0.0000000000
38553  -33.107  -40.386  71.911 0.0000000000
37754  -33.461  -41.033  71.449 0.0000000000
37743  -34.406  -40.793  71.242 0.0000000000
37779  -36.383  -41.652  70.005 0.0000000000
36951  -35.752  -42.100  70.759 0.0000000000
115208  -36.854  -42.858  69.727 0.0000000000
35311  -38.211  -43.754  69.284 0.0000000000
38642  -38.312  -40.875  67.462 0.0000000000
37810  -39.515  -41.789  67.345 0.0000000000
124022  -41.667  -42.442  68.020 0.0000000000
36985  -40.396  -42.731  68.231 0.0000000000
36182  -41.571  -43.444  68.086 0.0000000000
35328  -40.364  -43.937  68.086 0.0000000000
35358  -41.637  -44.723  67.444 0.0000000000
35375  -42.610  -44.427  66.769 0.0000000000
37837  -44.373  -41.515  65.578 0.0000000000
36224  -43.821  -42.816  65.350 0.0000000000
125164  -44.619  -42.045  64.642 0.0000000000
37040  -44.380  -42.207  63.779 0.0000000000
33715  -19.256  -46.479  74.895 0.0000000000
33007  -19.688  -47.528  75.697 0.0000000000
32301  -19.647  -48.024  75.835 0.0000000000
39630  -46.862  -38.942  62.141 0.0000000000
39631  -47.228  -38.378  61.828 0.0000000000
42909  -48.280  -35.420  61.244 0.0000000000
48229  -49.462  -30.878  60.916 0.0000000000
108286  -49.579  -31.476  61.152 0.0000000000
47361  -50.742  -31.005  60.826 0.0000000000
119241  -52.341  -32.162  57.818 0.0000000000
111452  -51.433  -32.150  58.796 0.0000000000
52689  -51.766  -24.721  53.129 0.0000000000
52687  -50.934  -24.672  53.278 0.0000000000
52675  -51.525  -25.325  53.931 0.0000000000
51758  -51.455  -25.310  55.085 0.0000000000
114162  -52.270  -25.300  54.937 0.0000000000
50920  -53.628  -26.185  54.926 0.0000000000
123267  -57.656  -21.924  48.161 0.0000000000
55676  -58.592  -22.387  48.992 0.0000000000
55699  -59.027  -21.811  47.706 0.0000000000
55710  -59.429  -21.510  46.934 0.0000000000
38665  -44.496  -39.975  66.084 0.0000000000
38678  -45.054  -39.814  65.356 0.0000000000
40422  -44.679  -38.491  66.357 0.0000000000
112230  -44.151  -36.967  66.475 0.0000000000
42853  -44.164  -34.831  66.273 0.0000000000
34434  -19.550  -45.225  74.939 0.0000000000
34435  -19.920  -45.490  75.367 0.0000000000
37706  -20.001  -41.875  75.116 0.0000000000
39486  -34.690  -39.795  71.418 0.0000000000
39472  -35.307  -40.050  71.901 0.0000000000
39500  -36.154  -39.782  70.930 0.0000000000
38593  -36.596  -40.216  70.415 0.0000000000
38594  -37.434  -41.486  69.242 0.0000000000
38677  -41.247  -40.734  65.677 0.0000000000
37825  -40.421  -41.739  66.846 0.0000000000
38644  -41.810  -41.037  67.114 0.0000000000
37812  -41.927  -41.580  67.479 0.0000000000
113589  -42.460  -42.134  67.556 0.0000000000
36210  -43.142  -43.155  66.669 0.0000000000
37814  -43.321  -40.996  66.934 0.0000000000
37815  -43.779  -40.694  66.800 0.0000000000
117164  -17.915  -45.534  74.278 0.0000000000
42047  -47.657  -35.770  63.132 0.0000000000
41275  -48.013  -36.878  62.447 0.0000000000
42869  -48.056  -35.222  63.059 0.0000000000
43863  -48.132  -34.332  61.612 0.0000000000
43877  -48.666  -33.774  60.916 0.0000000000
49114  -50.791  -30.283  58.984 0.0000000000
47370  -50.978  -30.880  60.097 0.0000000000
48263  -51.914  -30.383  58.749 0.0000000000
47384  -52.946  -30.765  58.220 0.0000000000
54761  -52.911  -22.495  52.088 0.0000000000
116792  -52.100  -22.762  52.169 0.0000000000
113177  -53.184  -22.993  52.965 0.0000000000
108115  -52.343  -23.892  52.887 0.0000000000
41252  -42.461  -37.936  65.307 0.0000000000
40432  -41.911  -38.967  64.977 0.0000000000
48207  -47.756  -31.377  62.005 0.0000000000
48274  -49.670  -29.969  58.490 0.0000000000
103991  -50.286  -29.774  57.700 0.0000000000
48305  -50.953  -29.429  56.343 0.0000000000
49167  -51.198  -28.818  56.004 0.0000000000
54770  -53.158  -22.396  51.062 0.0000000000
54763  -54.783  -22.127  51.861 0.0000000000
53720  -55.315  -23.011  52.377 0.0000000000
52735  -54.932  -24.928  51.151 0.0000000000
53772  -59.395  -23.312  48.529 0.0000000000
111088  -58.579  -24.167  47.832 0.0000000000
37866  -45.408  -40.845  62.104 0.0000000000
38709  -45.936  -39.713  62.474 0.0000000000
40459  -46.190  -38.338  63.166 0.0000000000
40434  -45.611  -38.129  65.016 0.0000000000
41263  -45.727  -37.763  63.850 0.0000000000
114988  -45.867  -36.813  63.357 0.0000000000
43846  -46.073  -34.454  63.477 0.0000000000
109417  -45.954  -33.694  63.474 0.0000000000
42866  -42.949  -35.661  65.281 0.0000000000
107021  -43.495  -34.839  65.574 0.0000000000
45694  -43.920  -32.518  64.598 0.0000000000
31624  -19.610  -49.044  73.575 0.0000000000
107743  -20.119  -48.024  73.316 0.0000000000
36918  -22.587  -42.162  73.506 0.0000000000
37739  -19.983  -41.753  73.877 0.0000000000
37707  -20.513  -41.762  74.944 0.0000000000
37695  -21.160  -41.699  75.039 0.0000000000
37726  -22.981  -41.379  75.258 0.0000000000
36089  -26.947  -43.088  74.766 0.0000000000
36090  -27.474  -43.252  74.577 0.0000000000
39452  -30.120  -39.937  73.272 0.0000000000
39469  -31.101  -39.838  72.766 0.0000000000
39453  -30.822  -40.268  73.443 0.0000000000
39439  -31.261  -40.870  73.263 0.0000000000
37728  -31.280  -41.267  73.270 0.0000000000
37757  -35.421  -40.974  70.988 0.0000000000
38641  -37.672  -40.531  68.067 0.0000000000
38627  -38.146  -40.869  68.398 0.0000000000
37789  -38.567  -42.432  68.610 0.0000000000
37811  -40.339  -42.050  67.611 0.0000000000
37790  -39.487  -42.621  68.317 0.0000000000
36964  -38.558  -43.272  68.923 0.0000000000
35326  -38.832  -44.056  68.753 0.0000000000
34531  -39.041  -44.393  67.989 0.0000000000
34587  -41.531  -45.089  64.914 0.0000000000
35391  -42.988  -43.992  65.700 0.0000000000
35401  -42.813  -43.946  64.979 0.0000000000
36242  -42.628  -43.514  63.734 0.0000000000
36254  -43.149  -42.950  62.996 0.0000000000
31613  -19.278  -49.178  75.379 0.0000000000
46521  -48.206  -32.132  61.626 0.0000000000
45717  -49.409  -32.242  61.277 0.0000000000
43878  -49.845  -33.124  60.736 0.0000000000
46538  -51.007  -31.210  60.056 0.0000000000
106862  -50.360  -32.919  60.219 0.0000000000
43896  -49.974  -33.293  60.049 0.0000000000
50090  -50.007  -27.606  55.390 0.0000000000
50080  -51.084  -27.536  55.974 0.0000000000
53738  -50.990  -23.571  52.378 0.0000000000
52686  -50.270  -24.930  53.058 0.0000000000
51770  -50.248  -25.712  54.202 0.0000000000
116142  -51.567  -25.646  55.456 0.0000000000
115188  -52.923  -26.160  55.907 0.0000000000
116986  -53.622  -27.200  55.330 0.0000000000
30973  -18.240  -50.620  72.930 0.0000000000
41241  -43.297  -37.736  66.473 0.0000000000
39523  -35.774  -39.821  68.341 0.0000000000
39538  -36.223  -39.999  67.609 0.0000000000
40433  -42.533  -38.657  65.759 0.0000000000
39557  -42.838  -39.502  66.621 0.0000000000
40420  -43.065  -38.545  66.499 0.0000000000
40408  -43.446  -39.030  66.587 0.0000000000
46511  -46.898  -32.334  62.917 0.0000000000
45698  -47.194  -32.734  62.751 0.0000000000
47338  -47.341  -31.968  62.352 0.0000000000
49169  -52.503  -28.152  56.814 0.0000000000
49148  -53.137  -28.849  57.284 0.0000000000
49170  -53.434  -28.368  56.347 0.0000000000
50074  -53.293  -27.959  56.453 0.0000000000
51821  -54.036  -24.865  51.377 0.0000000000
55674  -56.955  -22.119  49.698 0.0000000000
55667  -56.657  -22.080  50.559 0.0000000000
54773  -56.881  -22.442  51.029 0.0000000000
53752  -57.686  -23.181  50.314 0.0000000000
54775  -58.003  -23.023  50.073 0.0000000000
112117  -45.200  -40.995  64.513 0.0000000000
43825  -44.860  -34.644  66.123 0.0000000000
104184  -45.087  -34.132  65.193 0.0000000000
112118  -44.816  -33.898  65.533 0.0000000000
33008  -19.971  -47.184  75.693 0.0000000000
33708  -19.867  -46.360  75.342 0.0000000000
36877  -20.199  -42.881  75.635 0.0000000000
107321  -24.189  -39.875  75.280 0.0000000000
108187  -23.544  -39.923  75.070 0.0000000000
39409  -24.402  -40.044  75.862 0.0000000000
38498  -23.786  -40.523  75.927 0.0000000000
39410  -25.152  -40.461  75.712 0.0000000000
39436  -28.910  -41.334  73.720 0.0000000000
38541  -29.807  -40.707  74.307 0.0000000000
38523  -29.963  -40.864  74.707 0.0000000000
103431  -34.262  -39.910  71.763 0.0000000000
39485  -33.316  -39.804  71.809 0.0000000000
39471  -33.640  -39.955  71.882 0.0000000000
39456  -33.590  -40.132  71.829 0.0000000000
38554  -34.207  -40.297  71.516 0.0000000000
36962  -37.025  -42.431  69.502 0.0000000000
36153  -37.443  -43.647  69.720 0.0000000000
36963  -37.826  -43.013  69.484 0.0000000000
38643  -38.957  -41.391  66.925 0.0000000000
37824  -39.664  -41.623  66.620 0.0000000000
36986  -42.068  -42.687  67.999 0.0000000000
36975  -41.197  -42.867  68.206 0.0000000000
119747  -41.102  -43.930  68.045 0.0000000000
35343  -41.665  -44.155  67.799 0.0000000000
35359  -42.237  -44.295  67.357 0.0000000000
37017  -44.364  -42.222  65.095 0.0000000000
37018  -44.864  -41.605  64.783 0.0000000000
37031  -44.765  -41.885  64.209 0.0000000000
40460  -46.944  -37.934  62.370 0.0000000000
40475  -47.246  -38.295  62.052 0.0000000000
42921  -48.390  -35.034  60.385 0.0000000000
42939  -48.691  -34.549  59.834 0.0000000000
48245  -49.844  -30.647  60.418 0.0000000000
48230  -50.280  -30.868  60.795 0.0000000000
48231  -50.755  -30.877  60.617 0.0000000000
54768  -51.052  -22.934  51.151 0.0000000000
51786  -51.778  -25.304  53.799 0.0000000000
39559  -45.016  -39.168  66.044 0.0000000000
40410  -44.115  -38.578  66.599 0.0000000000
42024  -44.014  -36.403  66.437 0.0000000000
42836  -44.451  -35.484  66.341 0.0000000000
42835  -43.984  -35.636  66.393 0.0000000000
109608  -19.025  -44.969  74.669 0.0000000000
36903  -19.735  -42.378  74.857 0.0000000000
39522  -34.548  -39.555  68.987 0.0000000000
40388  -34.117  -39.459  69.685 0.0000000000
40381  -34.458  -39.611  70.616 0.0000000000
39499  -35.447  -39.721  71.066 0.0000000000
39511  -36.002  -39.779  70.024 0.0000000000
39512  -36.785  -40.040  69.385 0.0000000000
122358  -36.696  -40.345  69.960 0.0000000000
38610  -36.961  -40.707  69.481 0.0000000000
111657  -36.556  -41.135  69.724 0.0000000000
38662  -41.177  -41.338  66.482 0.0000000000
116882  -41.775  -40.705  66.497 0.0000000000
38645  -42.464  -40.822  67.101 0.0000000000
37813  -42.576  -41.447  67.245 0.0000000000
114279  -43.025  -41.848  67.127 0.0000000000
39542  -43.883  -39.701  66.833 0.0000000000
38664  -44.049  -40.124  66.790 0.0000000000
37827  -44.142  -40.842  66.271 0.0000000000
34447  -18.390  -45.083  74.435 0.0000000000
42868  -46.802  -35.127  63.260 0.0000000000
119447  -47.545  -35.008  63.144 0.0000000000
43862  -47.855  -34.480  62.360 0.0000000000
44817  -47.964  -33.647  61.640 0.0000000000
44826  -48.896  -33.372  61.109 0.0000000000
49127  -51.270  -29.845  58.507 0.0000000000
48262  -51.259  -30.338  58.883 0.0000000000
49116  -51.861  -30.050  58.561 0.0000000000
48265  -53.264  -30.180  58.006 0.0000000000
48264  -52.762  -30.250  58.331 0.0000000000
47397  -53.159  -30.754  57.921 0.0000000000
46559  -52.904  -31.313  57.739 0.0000000000
46572  -53.389  -30.522  56.611 0.0000000000
54745  -53.481  -22.729  52.595 0.0000000000
51801  -52.022  -24.695  52.951 0.0000000000
48304  -50.182  -29.887  56.066 0.0000000000
48322  -50.615  -29.382  55.824 0.0000000000
48287  -51.680  -28.893  56.754 0.0000000000
55665  -55.209  -21.859  50.405 0.0000000000
55664  -54.445  -22.128  50.233 0.0000000000
54781  -53.730  -22.448  50.242 0.0000000000
54771  -54.125  -22.186  51.124 0.0000000000
53740  -56.402  -23.116  51.459 0.0000000000
116974  -55.833  -22.784  52.096 0.0000000000
53739  -55.756  -23.332  52.009 0.0000000000
52717  -55.402  -24.034  51.365 0.0000000000
52736  -55.539  -24.841  50.791 0.0000000000
51841  -55.172  -25.094  50.317 0.0000000000
103407  -56.058  -24.254  50.716 0.0000000000
52752  -57.763  -24.005  49.892 0.0000000000
55688  -59.274  -22.467  48.331 0.0000000000
124764  -59.150  -23.130  48.954 0.0000000000
54797  -59.488  -22.993  48.529 0.0000000000
52786  -59.088  -24.014  47.168 0.0000000000
52772  -59.433  -23.836  47.924 0.0000000000
37056  -44.621  -41.778  62.010 0.0000000000
37057  -45.170  -41.257  61.883 0.0000000000
38691  -45.346  -39.910  63.716 0.0000000000
38701  -45.633  -39.891  63.094 0.0000000000
39614  -45.870  -39.218  63.357 0.0000000000
39629  -46.288  -39.340  62.649 0.0000000000
40423  -45.318  -38.393  65.834 0.0000000000
39577  -45.394  -39.018  65.143 0.0000000000
113260  -45.395  -37.758  65.589 0.0000000000
41255  -45.486  -37.208  64.779 0.0000000000
42036  -45.429  -36.220  64.079 0.0000000000
42046  -46.247  -35.857  63.057 0.0000000000
42867  -45.672  -35.327  63.798 0.0000000000
44786  -45.324  -33.267  64.023 0.0000000000
32334  -20.067  -48.571  73.970 0.0000000000
35226  -19.910  -44.799  75.777 0.0000000000
114392  -20.041  -44.685  75.848 0.0000000000
36107  -21.933  -42.621  73.344 0.0000000000
37740  -20.619  -41.502  73.391 0.0000000000
37725  -20.534  -41.509  74.274 0.0000000000
37696  -22.304  -41.200  75.269 0.0000000000
37708  -21.466  -41.582  75.022 0.0000000000
36906  -23.621  -41.737  74.772 0.0000000000
123512  -24.214  -42.065  74.399 0.0000000000
36894  -25.786  -42.203  75.806 0.0000000000
36895  -26.339  -42.816  75.434 0.0000000000
37701  -27.603  -42.136  74.449 0.0000000000
38502  -27.116  -41.803  74.974 0.0000000000
36882  -27.280  -42.417  74.704 0.0000000000
36079  -27.291  -42.789  74.730 0.0000000000
36080  -28.156  -42.948  74.396 0.0000000000
36081  -29.081  -43.024  74.360 0.0000000000
36897  -30.541  -42.362  75.003 0.0000000000
36092  -29.876  -43.162  75.027 0.0000000000
110682  -30.299  -43.064  74.868 0.0000000000
36898  -30.852  -42.170  74.904 0.0000000000
114630  -31.921  -39.785  72.455 0.0000000000
39438  -30.502  -40.865  73.968 0.0000000000
107271  -31.281  -40.524  73.235 0.0000000000
38544  -32.789  -40.829  72.392 0.0000000000
37729  -31.974  -41.184  72.699 0.0000000000
36910  -31.351  -41.492  73.206 0.0000000000
37755  -34.112  -41.256  71.198 0.0000000000
105232  -34.178  -41.708  71.105 0.0000000000
38576  -35.988  -40.423  71.683 0.0000000000
37768  -35.608  -41.254  70.844 0.0000000000
39539  -36.972  -40.321  67.785 0.0000000000
38659  -37.589  -40.573  67.111 0.0000000000
38628  -38.725  -41.414  67.859 0.0000000000
37798  -38.247  -41.652  68.680 0.0000000000
36974  -40.293  -43.158  68.398 0.0000000000
111594  -39.779  -42.980  68.495 0.0000000000
36973  -38.945  -42.969  68.595 0.0000000000
109740  -39.464  -43.293  68.545 0.0000000000
36166  -39.051  -43.665  68.651 0.0000000000
34532  -40.186  -44.541  67.590 0.0000000000
34515  -39.981  -44.141  68.124 0.0000000000
108519  -39.562  -44.395  67.789 0.0000000000
34559  -41.490  -45.239  66.247 0.0000000000
34588  -42.352  -44.616  64.882 0.0000000000
112027  -43.255  -42.311  66.666 0.0000000000
36235  -43.911  -43.024  64.704 0.0000000000
36234  -43.340  -43.400  65.125 0.0000000000
105639  -43.353  -43.405  64.458 0.0000000000
35415  -42.808  -43.926  64.338 0.0000000000
36243  -43.326  -43.251  63.881 0.0000000000
37049  -44.531  -42.036  62.954 0.0000000000
37048  -43.872  -42.307  62.582 0.0000000000
31614  -19.816  -48.523  75.165 0.0000000000
32311  -19.473  -48.591  75.732 0.0000000000
31618  -19.398  -49.329  74.390 0.0000000000
123441  -48.246  -36.798  62.393 0.0000000000
41287  -48.009  -37.260  62.091 0.0000000000
41288  -48.330  -37.029  62.075 0.0000000000
47353  -48.321  -31.322  61.321 0.0000000000
46520  -47.881  -32.057  61.932 0.0000000000
46531  -49.933  -31.638  61.136 0.0000000000
45718  -50.160  -32.048  61.005 0.0000000000
44827  -49.743  -32.722  61.058 0.0000000000
44828  -50.252  -32.607  60.759 0.0000000000
47371  -51.246  -31.089  59.777 0.0000000000
47362  -50.967  -31.012  60.470 0.0000000000
44849  -50.620  -32.494  59.548 0.0000000000
105738  -50.413  -32.878  59.876 0.0000000000
42941  -50.200  -33.106  59.746 0.0000000000
50091  -50.774  -26.514  55.535 0.0000000000
53716  -51.856  -23.236  52.718 0.0000000000
54760  -51.343  -22.992  51.962 0.0000000000
53707  -51.341  -23.911  52.980 0.0000000000
51785  -49.939  -25.591  53.409 0.0000000000
107384  -52.235  -25.240  55.491 0.0000000000
50906  -52.816  -25.203  55.763 0.0000000000
50896  -52.616  -25.910  55.901 0.0000000000
50897  -52.863  -25.221  55.873 0.0000000000
50898  -52.993  -26.136  55.701 0.0000000000
50907  -53.230  -25.975  55.387 0.0000000000
114055  -43.825  -39.096  66.675 0.0000000000
40409  -43.766  -38.331  66.594 0.0000000000
106796  -35.408  -39.688  69.096 0.0000000000
39525  -37.092  -40.342  68.530 0.0000000000
39541  -43.541  -39.718  66.878 0.0000000000
112137  -47.066  -33.173  63.126 0.0000000000
103650  -47.314  -33.671  63.086 0.0000000000
115399  -47.388  -33.057  62.581 0.0000000000
124497  -47.600  -32.740  62.014 0.0000000000
49146  -51.849  -29.246  57.754 0.0000000000
48276  -53.161  -29.597  57.852 0.0000000000
48288  -53.464  -29.649  57.185 0.0000000000
47413  -53.535  -30.176  56.857 0.0000000000
49150  -53.509  -28.974  56.486 0.0000000000
115050  -53.630  -29.099  56.148 0.0000000000
49171  -53.560  -28.357  56.023 0.0000000000
52702  -54.215  -23.327  52.473 0.0000000000
52715  -53.642  -24.014  52.054 0.0000000000
55673  -55.654  -21.840  49.727 0.0000000000
55658  -55.503  -21.979  51.257 0.0000000000
55659  -56.207  -22.072  51.219 0.0000000000
54765  -56.866  -22.835  51.182 0.0000000000
53741  -57.139  -23.175  50.908 0.0000000000
52718  -56.689  -23.659  50.848 0.0000000000
52738  -57.366  -23.632  50.377 0.0000000000
52739  -57.902  -23.520  50.025 0.0000000000
52753  -58.257  -23.620  49.661 0.0000000000
54808  -59.751  -23.113  48.002 0.0000000000
53779  -59.877  -23.103  47.365 0.0000000000
52787  -59.680  -23.536  47.446 0.0000000000
37041  -44.996  -41.579  63.393 0.0000000000
115428  -45.306  -41.037  63.394 0.0000000000
38700  -45.323  -40.649  63.729 0.0000000000
39597  -45.372  -39.427  64.272 0.0000000000
42026  -44.960  -36.191  66.003 0.0000000000
41254  -45.139  -37.064  65.741 0.0000000000
42854  -45.158  -35.417  65.786 0.0000000000
42855  -45.209  -34.846  64.779 0.0000000000
44785  -45.162  -33.220  65.018 0.0000000000
45680  -45.190  -32.488  64.974 0.0000000000
32312  -19.996  -47.995  75.653 0.0000000000
32324  -20.139  -48.025  74.803 0.0000000000
33015  -20.129  -47.239  75.255 0.0000000000
33723  -20.303  -46.566  74.654 0.0000000000
36891  -22.131  -41.855  74.644 0.0000000000
37697  -23.156  -41.024  75.839 0.0000000000
106539  -23.971  -41.012  75.940 0.0000000000
37711  -24.166  -41.213  75.905 0.0000000000
36893  -24.743  -41.835  75.879 0.0000000000
37698  -24.753  -41.255  75.952 0.0000000000
37699  -25.495  -41.253  75.986 0.0000000000
36880  -25.903  -41.943  76.048 0.0000000000
37712  -28.958  -41.825  74.100 0.0000000000
37713  -30.239  -41.461  75.007 0.0000000000
38524  -30.597  -40.880  75.015 0.0000000000
40372  -32.880  -39.332  70.939 0.0000000000
39470  -32.751  -39.976  72.568 0.0000000000
124368  -32.562  -39.822  73.095 0.0000000000
39454  -31.983  -40.189  72.919 0.0000000000
37741  -32.992  -41.038  71.790 0.0000000000
37756  -35.148  -40.989  71.037 0.0000000000
37769  -35.898  -41.401  70.697 0.0000000000
36952  -36.255  -42.243  70.256 0.0000000000
36137  -36.164  -42.622  70.306 0.0000000000
35310  -37.605  -44.274  69.640 0.0000000000
35325  -38.229  -44.200  69.132 0.0000000000
117736  -38.400  -40.972  66.239 0.0000000000
37801  -41.207  -42.265  67.817 0.0000000000
36168  -40.763  -43.459  68.246 0.0000000000
104323  -40.891  -44.464  67.773 0.0000000000
34533  -40.948  -44.896  67.377 0.0000000000
114106  -41.626  -45.130  66.959 0.0000000000
34548  -42.194  -44.864  67.058 0.0000000000
34560  -42.309  -44.979  66.349 0.0000000000
37007  -43.807  -42.055  65.933 0.0000000000
124186  -44.167  -42.689  64.903 0.0000000000
33714  -18.369  -46.694  75.004 0.0000000000
33014  -18.553  -47.229  75.385 0.0000000000
33006  -18.993  -47.430  75.547 0.0000000000
115642  -48.329  -36.678  61.723 0.0000000000
42085  -48.265  -36.324  60.936 0.0000000000
48218  -48.976  -31.085  61.073 0.0000000000
47354  -49.095  -31.308  61.058 0.0000000000
48219  -49.732  -31.026  60.938 0.0000000000
47355  -50.283  -31.215  61.048 0.0000000000
46532  -50.496  -31.400  60.983 0.0000000000
45746  -52.083  -31.658  58.663 0.0000000000
53709  -52.043  -23.940  53.095 0.0000000000
52688  -51.488  -24.519  53.196 0.0000000000
52674  -51.152  -25.132  54.005 0.0000000000
51771  -50.945  -25.263  54.570 0.0000000000
51772  -51.588  -25.225  54.806 0.0000000000
112368  -52.796  -25.108  55.726 0.0000000000
51773  -53.018  -25.470  55.452 0.0000000000
55675  -57.790  -22.309  49.386 0.0000000000
54783  -58.355  -22.771  49.615 0.0000000000
121705  -57.960  -22.078  48.748 0.0000000000
104772  -58.482  -21.959  48.316 0.0000000000
55700  -59.680  -22.137  47.393 0.0000000000
55701  -60.035  -22.219  46.855 0.0000000000
41243  -44.237  -37.787  66.519 0.0000000000
41244  -44.617  -37.000  66.259 0.0000000000
42025  -44.497  -36.218  66.283 0.0000000000
116084  -19.808  -45.657  75.289 0.0000000000
36075  -19.973  -44.042  75.524 0.0000000000
36076  -20.217  -43.237  75.624 0.0000000000
36876  -20.160  -42.534  75.524 0.0000000000
40380  -33.581  -39.418  70.317 0.0000000000
105944  -35.186  -39.894  71.752 0.0000000000
39487  -35.903  -39.901  71.687 0.0000000000
38592  -36.372  -39.997  71.255 0.0000000000
123481  -36.465  -39.916  70.804 0.0000000000
37780  -37.158  -41.949  69.331 0.0000000000
38661  -40.226  -41.374  65.988 0.0000000000
37802  -42.028  -42.046  67.823 0.0000000000
36996  -42.770  -42.768  67.351 0.0000000000
114209  -43.570  -41.407  66.610 0.0000000000
34441  -18.827  -45.762  74.730 0.0000000000
42055  -46.905  -36.452  62.638 0.0000000000
42056  -48.001  -36.438  62.943 0.0000000000
105581  -48.265  -35.924  63.108 0.0000000000
42880  -48.240  -35.486  62.587 0.0000000000
43848  -47.642  -34.394  62.956 0.0000000000
42896  -48.172  -34.973  61.669 0.0000000000
42910  -48.467  -34.252  60.880 0.0000000000
43886  -49.291  -33.450  60.519 0.0000000000
48261  -50.157  -30.402  59.541 0.0000000000
49107  -50.945  -30.459  59.307 0.0000000000
109187  -51.383  -30.745  59.448 0.0000000000
47372  -52.000  -31.011  59.114 0.0000000000
49117  -52.520  -29.948  58.350 0.0000000000
47383  -52.264  -30.696  58.720 0.0000000000
46544  -52.354  -31.087  58.735 0.0000000000
46550  -52.753  -31.213  58.265 0.0000000000
117732  -51.655  -22.823  51.505 0.0000000000
54744  -52.700  -22.887  52.719 0.0000000000
53717  -52.507  -23.339  52.910 0.0000000000
38676  -40.205  -40.862  65.135 0.0000000000
39575  -40.962  -40.318  64.763 0.0000000000
39576  -41.757  -39.927  65.194 0.0000000000
123390  -42.179  -39.330  65.621 0.0000000000
48205  -46.006  -30.648  62.833 0.0000000000
47346  -47.096  -31.455  62.434 0.0000000000
48216  -47.211  -31.044  61.935 0.0000000000
48227  -47.744  -30.843  61.135 0.0000000000
48244  -49.080  -30.862  60.677 0.0000000000
48260  -49.172  -30.470  59.861 0.0000000000
111883  -49.674  -30.246  59.118 0.0000000000
48275  -50.524  -30.042  58.691 0.0000000000
49145  -50.937  -29.607  58.039 0.0000000000
106461  -50.521  -29.746  56.764 0.0000000000
48286  -51.112  -29.450  57.218 0.0000000000
49168  -51.784  -28.103  56.378 0.0000000000
54780  -52.276  -22.705  50.315 0.0000000000
54762  -53.787  -22.200  52.015 0.0000000000
54746  -54.290  -22.600  52.437 0.0000000000
54747  -55.106  -22.594  52.292 0.0000000000
53719  -54.686  -22.958  52.645 0.0000000000
52703  -55.059  -23.428  52.288 0.0000000000
51840  -54.306  -25.186  50.434 0.0000000000
116586  -58.658  -23.094  49.461 0.0000000000
53763  -58.817  -23.419  49.203 0.0000000000
105865  -58.362  -24.027  49.314 0.0000000000
52762  -59.087  -23.822  48.571 0.0000000000
37855  -45.358  -40.985  62.793 0.0000000000
37867  -45.518  -40.286  62.388 0.0000000000
39615  -46.648  -38.773  62.587 0.0000000000
41273  -46.431  -37.389  62.811 0.0000000000
123746  -45.273  -39.628  64.834 0.0000000000
44801  -46.853  -33.688  63.305 0.0000000000
114851  -45.856  -31.658  63.547 0.0000000000
41253  -42.892  -37.307  66.042 0.0000000000
42034  -42.984  -36.401  65.864 0.0000000000
42852  -43.503  -35.551  66.052 0.0000000000
43837  -43.953  -34.067  65.770 0.0000000000
44784  -44.378  -33.629  65.415 0.0000000000
45679  -44.328  -32.772  65.125 0.0000000000
47345  -46.254  -31.150  63.158 0.0000000000
117004  -19.100  -49.666  73.590 0.0000000000
121056  -19.182  -49.042  72.831 0.0000000000
32342  -19.779  -48.480  73.144 0.0000000000
115423  -20.013  -46.006  75.264 0.0000000000
37724  -20.003  -41.814  74.665 0.0000000000
37694  -20.475  -42.046  75.260 0.0000000000
37709  -22.543  -41.196  75.424 0.0000000000
36905  -22.756  -41.811  74.359 0.0000000000
105609  -25.114  -42.379  75.472 0.0000000000
120903  -26.148  -41.084  75.726 0.0000000000
113657  -26.375  -41.797  75.675 0.0000000000
36078  -26.742  -42.612  75.027 0.0000000000
35240  -29.829  -43.862  75.036 0.0000000000
103910  -29.483  -40.246  73.218 0.0000000000
39483  -31.325  -39.486  71.751 0.0000000000
39468  -30.426  -39.736  72.237 0.0000000000
39437  -30.165  -40.463  74.065 0.0000000000
38525  -30.680  -41.379  74.508 0.0000000000
37727  -30.920  -41.557  74.455 0.0000000000
36909  -30.775  -41.811  73.890 0.0000000000
38563  -35.051  -40.622  71.369 0.0000000000
36936  -35.371  -41.666  70.895 0.0000000000
110425  -37.739  -41.033  69.060 0.0000000000
37788  -37.869  -42.188  69.129 0.0000000000
37800  -40.155  -42.368  68.017 0.0000000000
36972  -38.149  -42.753  69.082 0.0000000000
35327  -39.521  -43.946  68.317 0.0000000000
34514  -39.213  -44.249  68.154 0.0000000000
35360  -42.786  -43.731  67.127 0.0000000000
35376  -43.012  -43.911  66.448 0.0000000000
35390  -42.569  -44.598  65.581 0.0000000000
36267  -42.370  -42.769  62.285 0.0000000000
36244  -43.856  -42.585  63.411 0.0000000000
30970  -18.594  -49.851  74.914 0.0000000000
40461  -47.651  -37.529  62.106 0.0000000000
123256  -47.752  -32.191  61.894 0.0000000000
45710  -48.220  -32.467  61.593 0.0000000000
46522  -49.075  -31.926  61.367 0.0000000000
103521  -48.855  -33.073  61.251 0.0000000000
124362  -49.571  -33.383  60.181 0.0000000000
46537  -50.777  -31.253  60.739 0.0000000000
45728  -50.668  -31.680  60.330 0.0000000000
45737  -50.452  -32.461  60.270 0.0000000000
44839  -50.261  -32.966  60.452 0.0000000000
43887  -50.148  -33.098  60.354 0.0000000000
114905  -48.983  -33.717  59.898 0.0000000000
49182  -49.694  -28.656  55.301 0.0000000000
49183  -50.473  -28.708  55.616 0.0000000000
50081  -52.136  -27.060  56.269 0.0000000000
53737  -50.670  -23.427  51.564 0.0000000000
53715  -50.174  -23.912  52.036 0.0000000000
52700  -50.632  -24.263  52.690 0.0000000000
119244  -49.522  -26.224  53.755 0.0000000000
50917  -49.765  -26.405  54.553 0.0000000000
50918  -50.630  -25.791  55.005 0.0000000000
50905  -51.700  -26.200  55.900 0.0000000000
50082  -52.837  -26.930  56.335 0.0000000000
50899  -53.301  -27.113  55.968 0.0000000000
50092  -53.488  -27.487  55.725 0.0000000000
49184  -53.629  -28.013  55.477 0.0000000000
50921  -53.702  -26.644  55.073 0.0000000000
50101  -53.787  -27.614  54.987 0.0000000000
49199  -53.744  -28.623  55.198 0.0000000000
36223  -43.245  -43.318  65.891 0.0000000000
37030  -44.300  -42.431  64.495 0.0000000000
37700  -26.709  -41.985  75.169 0.0000000000
39501  -36.436  -39.917  70.328 0.0000000000
40476  -47.628  -37.770  61.888 0.0000000000
42057  -48.308  -36.351  62.765 0.0000000000
45699  -47.564  -32.529  62.070 0.0000000000
45753  -52.562  -31.735  58.069 0.0000000000
46571  -53.096  -30.997  56.698 0.0000000000
47347  -47.911  -32.041  62.138 0.0000000000
47348  -48.964  -31.913  61.413 0.0000000000
48217  -47.908  -31.037  61.289 0.0000000000
48247  -50.838  -30.683  59.854 0.0000000000
48248  -51.793  -30.972  59.293 0.0000000000
48289  -53.578  -29.601  56.466 0.0000000000
49115  -51.265  -30.111  58.667 0.0000000000
49185  -53.706  -28.940  55.704 0.0000000000
50083  -53.157  -26.969  56.181 0.0000000000
50908  -53.442  -26.695  55.473 0.0000000000
54764  -56.336  -22.552  51.527 0.0000000000
54796  -59.042  -22.882  49.046 0.0000000000
106346  -50.402  -31.000  60.950 0.0000000000
113616  -26.137  -41.317  75.844 0.0000000000
114884  -42.733  -44.444  66.178 0.0000000000
117874  -52.249  -25.390  55.762 0.0000000000
122601  -43.991  -41.463  66.158 0.0000000000
122976  -48.256  -37.206  61.816 0.0000000000
123934  -49.942  -31.198  61.041 0.0000000000
