#!ascii label  , from subject Paciente_3 vox2ras=TkReg
1057
38531  -9.173  -39.895  74.534 0.0000000000
109693  -35.952  -35.303  60.761 0.0000000000
49109  -33.290  -28.638  59.440 0.0000000000
46486  -28.211  -30.478  66.542 0.0000000000
55679  -40.003  -21.192  48.430 0.0000000000
51808  -35.166  -25.163  51.125 0.0000000000
43834  -37.278  -34.218  65.612 0.0000000000
43857  -31.731  -34.211  63.372 0.0000000000
57343  -45.559  -18.286  50.929 0.0000000000
58243  -49.421  -16.524  47.962 0.0000000000
118399  -51.511  -15.636  46.418 0.0000000000
117014  -35.127  -22.957  60.670 0.0000000000
51750  -31.794  -24.912  55.238 0.0000000000
103678  -38.540  -22.219  56.723 0.0000000000
51766  -41.453  -25.287  54.230 0.0000000000
42031  -19.951  -35.221  65.096 0.0000000000
104781  -5.634  -37.684  74.700 0.0000000000
47376  -36.128  -31.395  60.439 0.0000000000
50848  -35.331  -26.015  63.586 0.0000000000
42887  -22.809  -34.724  62.019 0.0000000000
114232  -27.047  -32.170  59.616 0.0000000000
60006  -51.339  -16.133  40.449 0.0000000000
59988  -54.548  -14.433  44.452 0.0000000000
50994  -38.331  -24.574  49.644 0.0000000000
106964  -43.949  -22.266  52.897 0.0000000000
37786  -10.946  -40.673  69.822 0.0000000000
37691  -1.861  -42.045  74.938 0.0000000000
58216  -47.492  -17.649  49.524 0.0000000000
104053  -36.437  -22.583  58.546 0.0000000000
40439  -18.140  -37.750  63.785 0.0000000000
104985  -7.680  -38.790  75.412 0.0000000000
43917  -36.078  -34.202  58.658 0.0000000000
44845  -37.263  -33.352  60.511 0.0000000000
116632  -24.716  -31.497  64.658 0.0000000000
111415  -24.367  -32.960  61.568 0.0000000000
117039  -27.206  -31.063  62.921 0.0000000000
42891  -33.759  -35.501  62.435 0.0000000000
43892  -31.177  -35.047  60.996 0.0000000000
42917  -33.409  -35.531  60.161 0.0000000000
45651  -26.019  -31.266  67.464 0.0000000000
43829  -23.426  -34.041  65.329 0.0000000000
59106  -45.515  -17.207  43.980 0.0000000000
104377  -49.364  -16.426  41.468 0.0000000000
59975  -53.554  -16.172  44.696 0.0000000000
52677  -33.272  -24.257  52.989 0.0000000000
50950  -37.430  -24.849  50.272 0.0000000000
51797  -44.080  -25.003  52.630 0.0000000000
39547  -15.658  -38.726  66.795 0.0000000000
38617  -14.178  -39.333  69.284 0.0000000000
38566  -13.428  -40.054  71.394 0.0000000000
38613  -11.493  -40.341  68.086 0.0000000000
36887  -3.591  -42.737  75.032 0.0000000000
42878  -37.080  -35.105  63.197 0.0000000000
45716  -38.189  -32.883  62.832 0.0000000000
46499  -38.224  -31.490  65.368 0.0000000000
44764  -30.911  -32.111  67.604 0.0000000000
45692  -30.273  -32.383  64.729 0.0000000000
43819  -32.744  -33.713  66.222 0.0000000000
42862  -35.084  -35.044  65.033 0.0000000000
56535  -42.778  -19.718  49.861 0.0000000000
57358  -44.359  -18.036  48.673 0.0000000000
58240  -46.689  -17.210  47.496 0.0000000000
59095  -48.053  -15.966  45.976 0.0000000000
121022  -49.693  -15.035  45.167 0.0000000000
59087  -50.062  -15.926  47.428 0.0000000000
51689  -33.040  -25.671  60.609 0.0000000000
50891  -31.923  -26.631  57.808 0.0000000000
107052  -33.232  -24.136  58.216 0.0000000000
53689  -34.704  -23.006  55.950 0.0000000000
53698  -36.692  -22.984  54.333 0.0000000000
51778  -38.618  -24.275  52.687 0.0000000000
53693  -39.684  -23.469  55.410 0.0000000000
41240  -18.567  -36.005  66.495 0.0000000000
114465  -16.573  -38.116  65.490 0.0000000000
122336  -55.871  -13.909  40.297 0.0000000000
41968  -3.735  -37.151  74.512 0.0000000000
45749  -35.602  -32.818  58.401 0.0000000000
48252  -35.071  -30.124  59.924 0.0000000000
47350  -37.060  -30.337  62.463 0.0000000000
48221  -36.041  -29.083  61.779 0.0000000000
50039  -34.033  -27.492  61.719 0.0000000000
52578  -34.887  -23.682  62.495 0.0000000000
44822  -29.938  -32.805  62.041 0.0000000000
42826  -22.734  -34.236  66.459 0.0000000000
110450  -21.688  -34.945  63.235 0.0000000000
106913  -51.800  -15.688  44.043 0.0000000000
60815  -53.059  -14.615  42.234 0.0000000000
60823  -54.196  -14.178  41.261 0.0000000000
60811  -56.077  -13.738  43.843 0.0000000000
37761  -8.163  -41.221  71.283 0.0000000000
37733  -6.935  -40.935  73.012 0.0000000000
52756  -39.419  -22.898  49.827 0.0000000000
50953  -40.160  -24.067  51.768 0.0000000000
124831  -41.590  -23.521  50.652 0.0000000000
53757  -41.831  -21.969  50.953 0.0000000000
55657  -44.667  -20.319  52.755 0.0000000000
107746  -10.247  -39.995  72.305 0.0000000000
38506  -4.801  -39.906  74.380 0.0000000000
103588  -3.271  -39.130  74.756 0.0000000000
105887  -1.220  -39.128  75.135 0.0000000000
38508  -8.084  -39.646  75.107 0.0000000000
42933  -34.792  -35.394  59.770 0.0000000000
42935  -36.242  -35.102  59.735 0.0000000000
43894  -37.107  -34.727  60.934 0.0000000000
45690  -25.533  -30.614  65.138 0.0000000000
46514  -25.580  -31.328  63.073 0.0000000000
46505  -27.707  -30.553  64.467 0.0000000000
42904  -34.572  -35.545  61.536 0.0000000000
106668  -32.987  -35.476  60.912 0.0000000000
103936  -34.139  -35.527  60.165 0.0000000000
104875  -33.929  -35.481  59.258 0.0000000000
45654  -29.205  -31.079  67.791 0.0000000000
45643  -27.410  -31.298  68.662 0.0000000000
46485  -27.195  -30.597  67.157 0.0000000000
45674  -25.344  -31.016  66.237 0.0000000000
59991  -48.799  -16.294  42.343 0.0000000000
48268  -33.971  -30.121  58.462 0.0000000000
49122  -33.020  -28.861  58.482 0.0000000000
51791  -34.007  -24.730  51.764 0.0000000000
50947  -34.549  -25.760  50.624 0.0000000000
50949  -36.564  -25.550  50.348 0.0000000000
39528  -14.288  -39.353  66.648 0.0000000000
39516  -15.055  -39.132  68.244 0.0000000000
38632  -13.473  -39.570  66.905 0.0000000000
38615  -12.920  -39.664  68.332 0.0000000000
38650  -12.202  -40.468  66.518 0.0000000000
113517  -37.471  -34.281  64.771 0.0000000000
43844  -37.957  -33.708  64.627 0.0000000000
44782  -38.126  -33.092  65.307 0.0000000000
44755  -32.423  -33.060  68.111 0.0000000000
44775  -31.887  -33.146  66.621 0.0000000000
43804  -33.096  -33.564  67.809 0.0000000000
43822  -36.301  -34.326  66.853 0.0000000000
42831  -35.364  -35.107  66.312 0.0000000000
42850  -36.248  -35.089  65.358 0.0000000000
42876  -35.766  -35.392  63.851 0.0000000000
56531  -44.133  -19.163  50.365 0.0000000000
57349  -43.340  -18.797  49.334 0.0000000000
57346  -44.749  -18.348  49.884 0.0000000000
106002  -48.201  -17.394  48.704 0.0000000000
58226  -47.052  -17.520  47.996 0.0000000000
58241  -47.633  -17.013  47.444 0.0000000000
58252  -47.519  -16.528  46.516 0.0000000000
58253  -48.493  -16.536  47.291 0.0000000000
59086  -49.078  -16.033  47.122 0.0000000000
122674  -49.990  -16.248  47.969 0.0000000000
52600  -33.923  -24.217  60.563 0.0000000000
105234  -33.187  -24.318  59.114 0.0000000000
52619  -34.874  -22.886  59.307 0.0000000000
103985  -37.896  -22.212  57.531 0.0000000000
53671  -35.385  -22.606  57.449 0.0000000000
53681  -36.391  -22.220  55.972 0.0000000000
53690  -35.568  -22.633  55.311 0.0000000000
103920  -37.331  -22.394  55.501 0.0000000000
53700  -38.467  -23.329  54.510 0.0000000000
53683  -39.165  -22.737  56.044 0.0000000000
42021  -20.878  -34.991  66.670 0.0000000000
42014  -20.332  -35.843  67.206 0.0000000000
42019  -19.341  -35.768  65.887 0.0000000000
40426  -17.015  -38.024  64.651 0.0000000000
60826  -56.271  -13.307  42.135 0.0000000000
114636  -57.668  -12.992  41.619 0.0000000000
41193  -4.498  -37.688  74.525 0.0000000000
114676  -36.297  -32.936  59.125 0.0000000000
44867  -35.779  -33.359  58.428 0.0000000000
45750  -36.123  -32.519  59.201 0.0000000000
47389  -35.380  -31.419  59.053 0.0000000000
47375  -35.419  -30.934  60.162 0.0000000000
46518  -38.145  -31.490  63.661 0.0000000000
46528  -37.844  -31.504  62.837 0.0000000000
48202  -37.936  -29.662  63.855 0.0000000000
50849  -36.171  -26.495  63.982 0.0000000000
50037  -36.765  -28.203  63.412 0.0000000000
50856  -35.715  -26.972  63.345 0.0000000000
50040  -34.783  -27.959  62.082 0.0000000000
50855  -34.863  -26.488  62.967 0.0000000000
51676  -34.033  -25.106  62.460 0.0000000000
51670  -34.555  -24.500  63.111 0.0000000000
45730  -25.389  -31.968  60.462 0.0000000000
44797  -31.284  -33.543  64.642 0.0000000000
44795  -29.967  -32.361  63.869 0.0000000000
44823  -30.525  -33.311  62.524 0.0000000000
43890  -30.124  -33.667  59.818 0.0000000000
43802  -23.541  -33.223  67.793 0.0000000000
116576  -22.829  -33.705  64.236 0.0000000000
42860  -22.434  -34.167  64.176 0.0000000000
42052  -22.064  -34.603  62.928 0.0000000000
42065  -21.762  -36.209  62.247 0.0000000000
59111  -51.028  -15.508  45.884 0.0000000000
59973  -50.160  -14.909  44.424 0.0000000000
59112  -51.904  -15.441  45.389 0.0000000000
59976  -54.356  -15.805  44.782 0.0000000000
59986  -53.246  -15.602  44.075 0.0000000000
59996  -53.517  -14.577  43.690 0.0000000000
116318  -53.727  -14.330  41.903 0.0000000000
60809  -54.298  -14.103  43.466 0.0000000000
122866  -55.599  -13.391  42.275 0.0000000000
60810  -55.263  -13.736  43.699 0.0000000000
51740  -31.562  -25.714  56.473 0.0000000000
50078  -31.590  -27.710  56.298 0.0000000000
51879  -38.873  -24.742  47.639 0.0000000000
51868  -39.007  -23.348  49.627 0.0000000000
118508  -39.885  -24.988  53.654 0.0000000000
51796  -39.391  -24.422  52.410 0.0000000000
50925  -41.054  -24.904  52.995 0.0000000000
52696  -43.684  -23.844  52.903 0.0000000000
104723  -42.344  -24.045  51.845 0.0000000000
52710  -42.556  -23.611  52.103 0.0000000000
52748  -41.713  -22.838  51.040 0.0000000000
53748  -43.004  -22.224  51.931 0.0000000000
122612  -43.114  -21.121  51.584 0.0000000000
54759  -43.775  -21.652  52.521 0.0000000000
37775  -12.057  -40.105  70.640 0.0000000000
37765  -11.948  -40.060  71.315 0.0000000000
37750  -10.970  -40.180  72.275 0.0000000000
37773  -10.442  -40.568  70.669 0.0000000000
116480  -9.520  -41.085  70.586 0.0000000000
37785  -10.091  -41.160  69.777 0.0000000000
36914  -5.754  -42.350  72.888 0.0000000000
37717  -5.673  -40.814  73.699 0.0000000000
37716  -4.669  -41.232  73.836 0.0000000000
123082  -2.600  -42.559  75.325 0.0000000000
38504  -3.500  -40.639  74.503 0.0000000000
38486  -2.416  -40.993  74.573 0.0000000000
39415  -2.709  -38.988  74.806 0.0000000000
38485  -1.895  -41.107  74.669 0.0000000000
43794  -34.791  -33.892  68.589 0.0000000000
58195  -47.183  -17.936  51.592 0.0000000000
58206  -46.508  -17.926  50.243 0.0000000000
58207  -47.479  -17.675  50.636 0.0000000000
53650  -36.419  -22.566  59.470 0.0000000000
41268  -19.955  -36.796  63.508 0.0000000000
41259  -19.228  -36.495  64.267 0.0000000000
41185  -7.687  -37.539  75.964 0.0000000000
40352  -6.575  -38.032  75.402 0.0000000000
42951  -35.378  -35.160  58.217 0.0000000000
43918  -36.539  -33.842  59.462 0.0000000000
114600  -37.189  -32.676  60.454 0.0000000000
53584  -35.414  -23.729  64.384 0.0000000000
44810  -23.538  -33.302  63.564 0.0000000000
42888  -23.225  -34.091  62.236 0.0000000000
45713  -24.903  -32.136  62.854 0.0000000000
46524  -25.461  -31.505  62.120 0.0000000000
45722  -26.995  -31.294  61.379 0.0000000000
103878  -32.599  -35.048  63.141 0.0000000000
43873  -31.642  -34.359  62.578 0.0000000000
42901  -31.824  -35.170  61.349 0.0000000000
42915  -31.614  -35.153  60.416 0.0000000000
42948  -32.442  -35.516  57.975 0.0000000000
103798  -25.520  -31.700  68.836 0.0000000000
110554  -24.035  -32.798  67.270 0.0000000000
44772  -24.571  -32.655  66.786 0.0000000000
44794  -23.448  -32.827  64.924 0.0000000000
58275  -44.961  -17.257  44.702 0.0000000000
60000  -50.045  -16.176  40.993 0.0000000000
59099  -52.896  -15.760  46.910 0.0000000000
59959  -52.746  -16.109  45.295 0.0000000000
52656  -32.497  -24.401  54.647 0.0000000000
50992  -37.305  -26.370  49.363 0.0000000000
50972  -37.671  -25.313  49.787 0.0000000000
50914  -43.369  -24.841  54.534 0.0000000000
50927  -42.486  -25.784  53.474 0.0000000000
105503  -43.882  -24.080  54.216 0.0000000000
40390  -16.371  -38.139  68.050 0.0000000000
39517  -15.903  -38.946  68.808 0.0000000000
39489  -15.065  -39.247  70.500 0.0000000000
38600  -13.819  -39.541  69.935 0.0000000000
38598  -12.307  -40.110  69.484 0.0000000000
38597  -11.343  -40.371  69.042 0.0000000000
37794  -10.150  -41.525  68.563 0.0000000000
37805  -10.590  -41.613  67.790 0.0000000000
42894  -36.765  -35.201  62.204 0.0000000000
43884  -37.158  -34.910  61.727 0.0000000000
43860  -37.995  -33.863  63.400 0.0000000000
45706  -38.208  -32.382  63.805 0.0000000000
116812  -29.894  -31.181  67.016 0.0000000000
121093  -29.083  -30.968  65.303 0.0000000000
112698  -30.674  -32.343  66.164 0.0000000000
109062  -31.234  -33.087  66.039 0.0000000000
43831  -31.867  -33.960  64.973 0.0000000000
43821  -34.413  -34.283  66.719 0.0000000000
42847  -33.868  -34.366  65.324 0.0000000000
42875  -32.982  -35.155  64.073 0.0000000000
123899  -34.361  -35.377  63.788 0.0000000000
42893  -35.223  -35.499  62.915 0.0000000000
45646  -30.557  -31.979  68.301 0.0000000000
55681  -41.630  -20.730  49.143 0.0000000000
55694  -41.158  -20.185  48.634 0.0000000000
56541  -42.251  -19.143  48.554 0.0000000000
57357  -42.784  -18.449  48.336 0.0000000000
58238  -44.324  -17.613  47.704 0.0000000000
57351  -45.621  -18.052  49.214 0.0000000000
58239  -45.318  -17.566  47.913 0.0000000000
58265  -45.290  -16.927  45.967 0.0000000000
58266  -46.124  -16.645  46.000 0.0000000000
108468  -47.247  -16.355  45.123 0.0000000000
118864  -47.933  -15.793  45.023 0.0000000000
59971  -48.444  -15.734  44.272 0.0000000000
59108  -48.669  -15.614  45.389 0.0000000000
59097  -49.654  -15.700  46.593 0.0000000000
59088  -51.057  -15.997  47.711 0.0000000000
58245  -51.521  -16.309  48.509 0.0000000000
58257  -51.871  -16.156  47.941 0.0000000000
50870  -32.703  -26.980  59.995 0.0000000000
50058  -32.230  -27.209  58.547 0.0000000000
111881  -32.317  -25.783  59.378 0.0000000000
52628  -32.552  -24.821  58.002 0.0000000000
105090  -32.544  -24.276  56.603 0.0000000000
53661  -35.403  -22.787  58.399 0.0000000000
53679  -34.596  -22.926  56.923 0.0000000000
52648  -33.238  -23.835  56.057 0.0000000000
103630  -33.976  -23.621  54.743 0.0000000000
52678  -34.867  -23.740  53.065 0.0000000000
52694  -36.260  -24.060  52.329 0.0000000000
107078  -36.808  -24.423  51.633 0.0000000000
52681  -37.780  -23.861  52.942 0.0000000000
52670  -38.968  -23.925  53.869 0.0000000000
51751  -40.900  -24.700  55.076 0.0000000000
52651  -41.358  -24.292  55.717 0.0000000000
51753  -42.416  -24.621  55.555 0.0000000000
41239  -17.923  -36.477  67.132 0.0000000000
41258  -17.535  -36.245  64.891 0.0000000000
40427  -16.967  -37.179  65.502 0.0000000000
40414  -16.675  -37.755  66.419 0.0000000000
40413  -16.150  -38.388  66.192 0.0000000000
48269  -34.663  -30.475  58.955 0.0000000000
49110  -33.999  -29.068  59.871 0.0000000000
121140  -37.803  -33.505  61.668 0.0000000000
45734  -37.377  -32.218  61.217 0.0000000000
47357  -37.056  -30.529  61.504 0.0000000000
49102  -36.459  -29.459  62.386 0.0000000000
48235  -36.932  -29.957  61.147 0.0000000000
49106  -35.746  -29.095  61.104 0.0000000000
49104  -34.316  -28.692  60.609 0.0000000000
50045  -33.841  -27.897  60.962 0.0000000000
50859  -33.251  -26.176  61.343 0.0000000000
52588  -33.800  -24.769  61.520 0.0000000000
108699  -34.848  -23.563  61.775 0.0000000000
53599  -35.244  -23.350  63.659 0.0000000000
119109  -35.869  -22.536  62.070 0.0000000000
111168  -29.165  -31.558  63.812 0.0000000000
45714  -28.681  -31.558  62.893 0.0000000000
122211  -28.628  -32.169  61.204 0.0000000000
44835  -30.400  -33.511  61.665 0.0000000000
44844  -29.641  -33.046  60.258 0.0000000000
42817  -22.540  -35.170  67.719 0.0000000000
42022  -21.673  -34.301  66.277 0.0000000000
116714  -23.181  -33.814  66.246 0.0000000000
42859  -22.135  -34.201  64.785 0.0000000000
104366  -20.512  -35.456  64.320 0.0000000000
41269  -20.716  -36.615  63.015 0.0000000000
59983  -49.860  -15.644  43.453 0.0000000000
122634  -50.226  -15.742  42.684 0.0000000000
59993  -50.843  -15.616  42.229 0.0000000000
104447  -52.687  -16.040  44.370 0.0000000000
59985  -52.167  -15.033  43.933 0.0000000000
60814  -52.481  -15.145  41.438 0.0000000000
60822  -53.479  -15.018  41.164 0.0000000000
60829  -54.096  -14.844  40.408 0.0000000000
60830  -54.813  -14.084  40.537 0.0000000000
103637  -55.539  -13.729  40.797 0.0000000000
60825  -55.793  -13.426  41.758 0.0000000000
109836  -8.245  -39.874  72.287 0.0000000000
37719  -7.457  -39.915  73.474 0.0000000000
37746  -7.159  -41.308  72.240 0.0000000000
49121  -32.362  -28.314  57.902 0.0000000000
53766  -39.463  -22.282  49.038 0.0000000000
51810  -37.654  -24.387  51.186 0.0000000000
50951  -38.239  -24.371  50.674 0.0000000000
50974  -39.509  -23.732  51.103 0.0000000000
50955  -41.969  -24.662  52.191 0.0000000000
51831  -41.219  -23.423  51.318 0.0000000000
51854  -39.527  -23.192  50.296 0.0000000000
52746  -40.836  -22.963  50.623 0.0000000000
53755  -40.757  -22.499  50.357 0.0000000000
54788  -41.122  -21.416  49.385 0.0000000000
55669  -42.338  -20.580  50.419 0.0000000000
56526  -43.689  -19.959  50.893 0.0000000000
56522  -45.112  -19.474  52.347 0.0000000000
38532  -10.095  -40.016  74.584 0.0000000000
37722  -10.498  -40.178  73.808 0.0000000000
37735  -9.063  -39.776  72.596 0.0000000000
37762  -9.117  -40.953  71.370 0.0000000000
37772  -8.451  -41.422  70.437 0.0000000000
38507  -7.143  -39.403  74.716 0.0000000000
113980  -6.080  -38.851  74.722 0.0000000000
39398  -4.878  -38.873  74.385 0.0000000000
38505  -4.117  -40.247  74.517 0.0000000000
118450  -4.113  -39.743  74.592 0.0000000000
40349  -4.012  -38.340  74.612 0.0000000000
40348  -3.343  -38.496  74.698 0.0000000000
119517  -2.991  -38.294  74.545 0.0000000000
108375  -1.436  -42.363  75.143 0.0000000000
38484  -0.750  -40.305  75.122 0.0000000000
38509  -8.809  -39.946  75.348 0.0000000000
42919  -35.451  -35.360  60.357 0.0000000000
115581  -36.107  -35.206  60.068 0.0000000000
42920  -36.495  -35.135  60.560 0.0000000000
46496  -27.092  -30.167  66.257 0.0000000000
105369  -26.895  -30.337  65.242 0.0000000000
46497  -28.159  -30.443  65.474 0.0000000000
42905  -35.414  -35.409  61.280 0.0000000000
42918  -34.687  -35.463  60.679 0.0000000000
46477  -28.268  -30.756  67.406 0.0000000000
46495  -26.001  -30.069  66.023 0.0000000000
59121  -48.091  -16.702  42.173 0.0000000000
49123  -33.727  -29.316  58.929 0.0000000000
48267  -33.295  -29.657  57.973 0.0000000000
51792  -34.774  -24.638  51.741 0.0000000000
51807  -34.218  -25.134  51.193 0.0000000000
50948  -35.565  -25.651  50.438 0.0000000000
51809  -36.149  -25.100  51.045 0.0000000000
38652  -13.632  -39.732  65.964 0.0000000000
38651  -12.871  -40.043  66.258 0.0000000000
38631  -12.657  -39.910  67.244 0.0000000000
43835  -37.777  -33.802  65.308 0.0000000000
43824  -37.758  -33.507  66.123 0.0000000000
117016  -32.946  -33.412  68.602 0.0000000000
43793  -33.587  -33.707  68.346 0.0000000000
43823  -37.107  -34.097  66.513 0.0000000000
42832  -36.006  -35.038  66.166 0.0000000000
42833  -36.595  -34.659  65.919 0.0000000000
42851  -36.901  -34.768  65.018 0.0000000000
44745  -32.313  -33.035  68.953 0.0000000000
57342  -44.811  -18.750  50.649 0.0000000000
58228  -48.819  -16.958  48.206 0.0000000000
58227  -47.947  -17.295  48.067 0.0000000000
58242  -48.549  -16.838  47.743 0.0000000000
119663  -48.951  -16.518  47.656 0.0000000000
58254  -49.488  -16.261  47.659 0.0000000000
52601  -34.542  -23.218  60.243 0.0000000000
53682  -37.363  -22.197  56.593 0.0000000000
104145  -38.226  -22.359  55.820 0.0000000000
108733  -20.699  -34.622  65.728 0.0000000000
42020  -20.163  -35.538  66.245 0.0000000000
61629  -56.840  -13.197  42.452 0.0000000000
61634  -56.975  -13.269  41.357 0.0000000000
41194  -6.152  -37.347  75.107 0.0000000000
41963  -6.076  -37.117  75.092 0.0000000000
41961  -5.073  -37.206  74.661 0.0000000000
114910  -5.406  -37.371  74.650 0.0000000000
45744  -36.684  -32.544  59.773 0.0000000000
46547  -36.202  -32.099  59.788 0.0000000000
46546  -35.659  -31.687  59.732 0.0000000000
47340  -37.891  -30.655  63.634 0.0000000000
51677  -34.515  -25.501  63.153 0.0000000000
51671  -35.079  -25.087  63.773 0.0000000000
42067  -22.284  -35.103  62.255 0.0000000000
43841  -31.077  -33.761  63.857 0.0000000000
44813  -30.576  -33.140  63.401 0.0000000000
43856  -31.014  -33.876  63.016 0.0000000000
42873  -22.720  -33.932  63.116 0.0000000000
42872  -22.514  -33.994  63.665 0.0000000000
109426  -22.398  -34.416  62.792 0.0000000000
42066  -22.300  -36.004  61.914 0.0000000000
60821  -51.771  -15.497  40.785 0.0000000000
59987  -53.888  -15.356  44.215 0.0000000000
51741  -31.802  -24.886  56.303 0.0000000000
50895  -31.462  -26.636  56.202 0.0000000000
51749  -31.446  -25.677  55.709 0.0000000000
50993  -38.084  -25.765  49.372 0.0000000000
51007  -38.177  -26.223  48.392 0.0000000000
51008  -38.443  -25.225  48.888 0.0000000000
51867  -38.681  -24.451  48.683 0.0000000000
51853  -38.700  -24.022  49.509 0.0000000000
51781  -41.269  -25.329  53.669 0.0000000000
51780  -40.446  -25.051  53.404 0.0000000000
53735  -43.692  -22.900  52.913 0.0000000000
52711  -43.058  -23.342  52.623 0.0000000000
121417  -43.208  -22.679  52.432 0.0000000000
52731  -42.666  -22.885  52.071 0.0000000000
53734  -43.546  -22.207  52.425 0.0000000000
38579  -11.754  -40.284  69.982 0.0000000000
37774  -11.248  -40.244  70.573 0.0000000000
37764  -11.068  -40.120  71.430 0.0000000000
122813  -10.713  -40.710  70.190 0.0000000000
37731  -5.245  -41.804  73.370 0.0000000000
37692  -2.445  -41.929  74.800 0.0000000000
111603  -37.589  -22.647  60.592 0.0000000000
41267  -19.376  -37.435  62.725 0.0000000000
120537  -8.391  -39.272  75.501 0.0000000000
40338  -7.983  -37.921  75.939 0.0000000000
40353  -7.418  -38.159  75.670 0.0000000000
40337  -7.313  -38.172  75.651 0.0000000000
39400  -6.756  -38.502  75.227 0.0000000000
43905  -37.055  -34.110  60.142 0.0000000000
43904  -36.491  -34.542  59.513 0.0000000000
44857  -36.964  -33.227  59.693 0.0000000000
44811  -24.216  -32.672  63.563 0.0000000000
45703  -24.902  -31.867  63.749 0.0000000000
46515  -26.465  -30.927  63.371 0.0000000000
46525  -26.485  -31.137  62.344 0.0000000000
45721  -26.066  -31.225  61.377 0.0000000000
46526  -27.729  -31.331  62.236 0.0000000000
42890  -32.985  -35.257  62.391 0.0000000000
42889  -32.110  -35.060  62.291 0.0000000000
114353  -32.291  -35.339  60.887 0.0000000000
42916  -32.511  -35.349  60.031 0.0000000000
42931  -31.735  -35.174  59.333 0.0000000000
104876  -33.070  -35.501  59.417 0.0000000000
42949  -33.929  -35.479  57.951 0.0000000000
44752  -27.837  -32.024  69.147 0.0000000000
44763  -26.269  -31.339  68.405 0.0000000000
44762  -25.366  -31.974  67.920 0.0000000000
105437  -25.214  -32.156  67.165 0.0000000000
45689  -24.695  -31.583  65.640 0.0000000000
121342  -24.074  -32.093  65.124 0.0000000000
106679  -24.103  -32.352  64.349 0.0000000000
44793  -23.495  -33.139  64.276 0.0000000000
52664  -32.510  -24.519  53.604 0.0000000000
51776  -31.983  -25.281  53.317 0.0000000000
51777  -32.628  -25.007  52.718 0.0000000000
50971  -37.050  -26.124  50.020 0.0000000000
51768  -43.584  -23.963  54.865 0.0000000000
50915  -44.046  -25.011  54.089 0.0000000000
53705  -44.316  -22.645  53.842 0.0000000000
39530  -15.721  -38.695  67.732 0.0000000000
121252  -14.449  -39.283  68.634 0.0000000000
39504  -14.927  -39.276  69.253 0.0000000000
38601  -14.532  -39.417  70.072 0.0000000000
121198  -12.202  -40.114  67.910 0.0000000000
110461  -12.789  -39.823  69.097 0.0000000000
38614  -12.190  -40.140  68.652 0.0000000000
37795  -10.783  -40.811  68.315 0.0000000000
37806  -11.130  -40.935  67.483 0.0000000000
43874  -37.368  -34.651  62.474 0.0000000000
43859  -37.569  -34.422  63.283 0.0000000000
45693  -38.195  -32.280  64.841 0.0000000000
44798  -38.160  -33.071  64.335 0.0000000000
115286  -30.215  -31.529  67.706 0.0000000000
45666  -30.128  -31.593  66.299 0.0000000000
45655  -30.553  -31.800  66.951 0.0000000000
43818  -31.959  -33.572  65.739 0.0000000000
44781  -31.475  -33.370  65.307 0.0000000000
43832  -32.599  -34.063  65.265 0.0000000000
43807  -35.341  -34.244  67.675 0.0000000000
43806  -34.650  -34.178  67.600 0.0000000000
106602  -35.053  -35.055  65.761 0.0000000000
42830  -34.768  -35.007  66.234 0.0000000000
42848  -34.477  -34.822  65.358 0.0000000000
42846  -33.145  -34.650  64.849 0.0000000000
104669  -33.750  -35.013  64.702 0.0000000000
104863  -33.876  -35.314  63.887 0.0000000000
120776  -34.559  -35.156  64.459 0.0000000000
42877  -36.639  -35.278  63.704 0.0000000000
115577  -36.196  -35.364  63.022 0.0000000000
121406  -31.258  -32.221  68.170 0.0000000000
55682  -42.206  -20.224  49.453 0.0000000000
56533  -42.055  -19.939  48.828 0.0000000000
113268  -43.480  -18.254  48.570 0.0000000000
57362  -43.461  -17.891  47.883 0.0000000000
58215  -46.520  -17.960  49.324 0.0000000000
117085  -46.202  -17.573  47.970 0.0000000000
110085  -45.981  -17.293  47.498 0.0000000000
58250  -45.296  -17.217  47.122 0.0000000000
58251  -46.170  -16.944  46.878 0.0000000000
59094  -46.667  -16.579  45.573 0.0000000000
59096  -48.816  -15.748  46.362 0.0000000000
59098  -50.692  -15.754  46.798 0.0000000000
50863  -32.544  -26.148  60.055 0.0000000000
50869  -32.316  -26.567  59.360 0.0000000000
51705  -32.710  -25.501  59.907 0.0000000000
52629  -32.754  -24.743  58.682 0.0000000000
52638  -32.244  -24.862  57.191 0.0000000000
52639  -32.924  -24.247  57.389 0.0000000000
104402  -35.803  -22.780  59.075 0.0000000000
53680  -35.431  -22.467  56.446 0.0000000000
52649  -33.919  -23.401  56.456 0.0000000000
52658  -33.968  -23.463  55.561 0.0000000000
52657  -33.274  -23.964  55.134 0.0000000000
53696  -34.701  -23.228  54.994 0.0000000000
107722  -36.063  -22.741  54.515 0.0000000000
53697  -35.410  -23.156  54.383 0.0000000000
53704  -36.165  -23.199  53.761 0.0000000000
52679  -35.778  -23.692  53.015 0.0000000000
52680  -36.721  -23.720  53.026 0.0000000000
52668  -37.166  -23.392  53.730 0.0000000000
52659  -39.309  -23.771  54.633 0.0000000000
51764  -39.699  -24.533  54.067 0.0000000000
52660  -40.162  -24.209  54.782 0.0000000000
52652  -42.298  -24.181  56.685 0.0000000000
51743  -42.745  -24.377  56.411 0.0000000000
51752  -41.678  -24.709  55.278 0.0000000000
51754  -43.224  -24.413  56.025 0.0000000000
42013  -19.529  -36.064  66.843 0.0000000000
41235  -18.733  -36.155  67.402 0.0000000000
123531  -18.564  -37.467  63.678 0.0000000000
118000  -18.371  -35.937  64.666 0.0000000000
40440  -18.422  -37.016  64.223 0.0000000000
40415  -17.110  -36.956  66.754 0.0000000000
39563  -15.898  -38.674  65.245 0.0000000000
41204  -3.083  -37.778  74.202 0.0000000000
114143  -35.021  -33.246  57.363 0.0000000000
46565  -35.225  -32.588  58.012 0.0000000000
47374  -35.079  -30.833  59.318 0.0000000000
48251  -34.391  -29.742  59.429 0.0000000000
49111  -34.770  -29.331  60.212 0.0000000000
44824  -38.033  -33.512  62.301 0.0000000000
44837  -37.535  -34.174  61.837 0.0000000000
104289  -38.095  -32.977  62.002 0.0000000000
47351  -37.370  -30.781  62.951 0.0000000000
46535  -37.612  -31.851  61.966 0.0000000000
47358  -37.236  -31.096  62.222 0.0000000000
46534  -37.168  -31.406  61.368 0.0000000000
49098  -36.120  -28.858  62.893 0.0000000000
120339  -36.504  -29.645  61.618 0.0000000000
48234  -36.267  -29.586  60.980 0.0000000000
50046  -34.549  -28.317  61.322 0.0000000000
50865  -33.413  -27.045  61.253 0.0000000000
50860  -33.662  -26.599  61.955 0.0000000000
51682  -33.587  -25.696  61.921 0.0000000000
104176  -34.326  -24.238  62.165 0.0000000000
52589  -34.535  -23.746  61.174 0.0000000000
54648  -35.546  -22.876  64.168 0.0000000000
107692  -24.011  -33.799  61.763 0.0000000000
42900  -23.389  -34.439  61.304 0.0000000000
118769  -23.972  -34.197  60.774 0.0000000000
45691  -29.618  -31.628  64.772 0.0000000000
46498  -28.722  -30.961  64.574 0.0000000000
44812  -30.039  -32.583  62.887 0.0000000000
45705  -29.500  -31.994  63.153 0.0000000000
45715  -29.412  -32.134  62.395 0.0000000000
108694  -28.637  -31.878  61.927 0.0000000000
45724  -29.301  -32.384  61.581 0.0000000000
43883  -31.423  -34.779  61.745 0.0000000000
43872  -30.968  -34.042  62.152 0.0000000000
43882  -30.885  -34.211  61.298 0.0000000000
117238  -22.410  -34.688  66.949 0.0000000000
43817  -23.604  -33.179  66.194 0.0000000000
43816  -23.398  -33.353  66.776 0.0000000000
112866  -23.298  -33.705  65.932 0.0000000000
42844  -23.466  -34.168  65.027 0.0000000000
42042  -21.880  -34.482  63.933 0.0000000000
103293  -21.453  -34.567  64.404 0.0000000000
42041  -21.164  -35.210  63.867 0.0000000000
42040  -20.753  -36.154  63.788 0.0000000000
42050  -21.483  -36.046  63.110 0.0000000000
59972  -49.286  -15.404  44.557 0.0000000000
59982  -49.071  -15.999  43.368 0.0000000000
59984  -50.858  -15.478  43.456 0.0000000000
103860  -51.594  -15.555  42.953 0.0000000000
59960  -53.226  -16.164  45.884 0.0000000000
59995  -52.870  -14.580  43.348 0.0000000000
59994  -52.243  -14.921  42.598 0.0000000000
103511  -54.313  -13.817  42.279 0.0000000000
60824  -55.086  -13.633  41.644 0.0000000000
60818  -55.869  -13.407  42.893 0.0000000000
60819  -56.334  -13.451  43.182 0.0000000000
37747  -7.930  -40.890  72.021 0.0000000000
37760  -7.395  -41.657  71.469 0.0000000000
50072  -32.040  -27.477  57.665 0.0000000000
52755  -38.781  -23.567  48.813 0.0000000000
53765  -38.760  -22.971  48.498 0.0000000000
106038  -39.353  -22.687  49.499 0.0000000000
51794  -37.810  -24.191  52.106 0.0000000000
51795  -38.556  -24.244  51.990 0.0000000000
50936  -39.772  -24.300  52.075 0.0000000000
50935  -38.886  -24.186  51.617 0.0000000000
50952  -39.124  -24.065  51.341 0.0000000000
123014  -43.059  -25.724  53.064 0.0000000000
50939  -42.374  -25.473  52.550 0.0000000000
50940  -43.245  -25.374  52.442 0.0000000000
51832  -41.738  -23.409  51.321 0.0000000000
51812  -41.932  -23.969  51.772 0.0000000000
51830  -40.188  -23.319  50.830 0.0000000000
51855  -40.921  -23.115  50.720 0.0000000000
51856  -41.662  -23.481  50.706 0.0000000000
120487  -41.282  -22.527  50.673 0.0000000000
53768  -40.678  -21.918  49.791 0.0000000000
53756  -41.152  -21.819  50.252 0.0000000000
54789  -41.595  -20.950  49.823 0.0000000000
54777  -41.751  -21.262  50.546 0.0000000000
54767  -43.629  -21.044  52.030 0.0000000000
55662  -43.385  -20.700  51.473 0.0000000000
55663  -43.901  -20.408  51.654 0.0000000000
56527  -44.298  -19.613  51.165 0.0000000000
56521  -44.462  -20.004  51.969 0.0000000000
37737  -10.818  -40.271  73.038 0.0000000000
37736  -9.941  -39.852  72.843 0.0000000000
37749  -9.494  -39.955  71.930 0.0000000000
37748  -8.616  -40.264  71.789 0.0000000000
37784  -8.963  -41.599  69.685 0.0000000000
38529  -7.310  -39.771  74.296 0.0000000000
37718  -6.573  -40.370  73.563 0.0000000000
38527  -5.204  -40.219  74.130 0.0000000000
107544  -5.907  -39.402  74.458 0.0000000000
39399  -5.862  -38.521  74.705 0.0000000000
38488  -5.023  -39.303  74.371 0.0000000000
36900  -4.053  -41.945  74.391 0.0000000000
37704  -3.505  -41.482  74.563 0.0000000000
124698  -3.499  -40.060  74.617 0.0000000000
104990  -3.915  -39.187  74.629 0.0000000000
39414  -2.113  -39.373  74.823 0.0000000000
40358  -2.060  -38.720  74.660 0.0000000000
119090  -2.553  -38.349  74.319 0.0000000000
37690  -1.135  -42.071  74.950 0.0000000000
37703  -1.091  -41.158  74.813 0.0000000000
38490  -8.004  -39.383  75.269 0.0000000000
42934  -35.701  -35.210  59.305 0.0000000000
43893  -36.858  -34.942  60.109 0.0000000000
45704  -25.597  -31.049  64.046 0.0000000000
46504  -26.601  -30.574  64.287 0.0000000000
46516  -27.381  -30.796  63.613 0.0000000000
118262  -33.993  -35.612  61.813 0.0000000000
121780  -33.358  -35.474  61.689 0.0000000000
42903  -33.860  -35.546  61.002 0.0000000000
45645  -29.647  -31.658  68.497 0.0000000000
45644  -28.560  -31.392  68.661 0.0000000000
45652  -27.254  -31.058  67.854 0.0000000000
124279  -25.484  -31.498  66.878 0.0000000000
45665  -26.128  -30.699  66.782 0.0000000000
59116  -46.009  -17.192  43.392 0.0000000000
47387  -34.161  -30.966  58.033 0.0000000000
52692  -34.215  -24.224  52.429 0.0000000000
51790  -33.364  -24.779  52.161 0.0000000000
51806  -33.520  -25.172  51.503 0.0000000000
50946  -33.479  -25.938  50.979 0.0000000000
39529  -15.023  -39.080  67.263 0.0000000000
38633  -14.228  -39.326  67.730 0.0000000000
38616  -13.824  -39.396  68.510 0.0000000000
108054  -13.427  -39.517  67.751 0.0000000000
38630  -11.795  -40.371  67.281 0.0000000000
37818  -11.606  -41.115  66.713 0.0000000000
42865  -37.274  -35.067  64.021 0.0000000000
112369  -37.723  -34.138  64.009 0.0000000000
45677  -38.210  -32.164  65.758 0.0000000000
44765  -31.756  -32.624  67.579 0.0000000000
44766  -32.566  -33.260  67.213 0.0000000000
104124  -33.288  -33.744  66.981 0.0000000000
42821  -35.563  -34.744  66.876 0.0000000000
42849  -35.629  -35.137  65.572 0.0000000000
124590  -35.208  -35.252  64.415 0.0000000000
42863  -35.802  -35.225  64.787 0.0000000000
42864  -36.448  -35.223  64.476 0.0000000000
44754  -31.768  -32.579  68.500 0.0000000000
56530  -43.433  -19.409  50.124 0.0000000000
57345  -44.047  -18.621  49.590 0.0000000000
57350  -44.806  -18.105  49.158 0.0000000000
114634  -47.295  -17.715  48.632 0.0000000000
104425  -46.993  -16.908  47.000 0.0000000000
59085  -48.382  -16.247  46.729 0.0000000000
58255  -50.601  -16.143  47.987 0.0000000000
52599  -33.471  -25.002  60.802 0.0000000000
52617  -33.237  -24.767  60.016 0.0000000000
52618  -33.864  -23.647  59.573 0.0000000000
108841  -33.626  -23.687  58.768 0.0000000000
53662  -37.344  -22.343  58.260 0.0000000000
106004  -36.107  -22.637  57.842 0.0000000000
53673  -36.879  -22.391  57.653 0.0000000000
53672  -36.248  -22.361  57.024 0.0000000000
53691  -36.580  -22.525  55.008 0.0000000000
53699  -37.494  -22.965  54.547 0.0000000000
109482  -38.065  -22.763  55.104 0.0000000000
53692  -38.807  -23.080  55.268 0.0000000000
42015  -21.047  -35.545  67.584 0.0000000000
40438  -17.514  -38.160  63.874 0.0000000000
60831  -56.219  -13.622  40.790 0.0000000000
61639  -57.140  -13.499  40.288 0.0000000000
61635  -57.870  -13.154  40.668 0.0000000000
41199  -4.173  -37.543  74.582 0.0000000000
44868  -36.357  -33.447  59.109 0.0000000000
46554  -35.750  -32.117  58.841 0.0000000000
47364  -35.864  -30.021  60.397 0.0000000000
120708  -38.161  -32.114  63.072 0.0000000000
113275  -38.066  -32.321  62.378 0.0000000000
48210  -37.307  -30.099  63.296 0.0000000000
50032  -37.304  -27.661  63.901 0.0000000000
50031  -36.559  -27.358  63.652 0.0000000000
50036  -35.974  -27.930  63.148 0.0000000000
50041  -35.482  -28.473  62.470 0.0000000000
50035  -35.186  -27.499  62.776 0.0000000000
50861  -34.349  -27.038  62.419 0.0000000000
50854  -34.034  -26.062  62.573 0.0000000000
54664  -36.010  -22.195  63.752 0.0000000000
44832  -24.758  -32.406  60.959 0.0000000000
44796  -30.675  -33.017  64.291 0.0000000000
113257  -31.144  -35.002  60.389 0.0000000000
43891  -30.879  -34.285  60.319 0.0000000000
42819  -23.118  -33.740  67.215 0.0000000000
112531  -23.467  -34.166  64.867 0.0000000000
42845  -23.568  -34.256  65.025 0.0000000000
42861  -23.320  -34.108  64.653 0.0000000000
42043  -22.167  -34.337  63.538 0.0000000000
42051  -21.954  -35.449  62.632 0.0000000000
59110  -50.213  -15.398  45.703 0.0000000000
59974  -51.125  -14.951  44.776 0.0000000000
60816  -53.651  -14.324  42.875 0.0000000000
60817  -55.140  -13.529  42.735 0.0000000000
36941  -7.718  -41.968  70.687 0.0000000000
50890  -31.633  -26.175  57.083 0.0000000000
50071  -31.716  -27.124  57.029 0.0000000000
50088  -31.364  -27.475  55.523 0.0000000000
52683  -39.288  -24.535  53.303 0.0000000000
124015  -39.128  -24.498  52.728 0.0000000000
51779  -39.703  -24.812  53.041 0.0000000000
50924  -40.206  -24.689  52.697 0.0000000000
50937  -40.712  -24.443  52.361 0.0000000000
110081  -43.273  -25.122  52.006 0.0000000000
51815  -43.222  -24.167  52.357 0.0000000000
51833  -42.089  -23.596  51.617 0.0000000000
52729  -41.573  -23.318  51.188 0.0000000000
52730  -42.137  -23.141  51.549 0.0000000000
53747  -42.357  -22.457  51.471 0.0000000000
53758  -42.698  -21.610  51.464 0.0000000000
54758  -43.346  -21.511  51.916 0.0000000000
55656  -44.015  -20.889  52.531 0.0000000000
38565  -12.719  -40.063  71.049 0.0000000000
37751  -11.832  -40.148  72.168 0.0000000000
37763  -10.093  -40.274  71.471 0.0000000000
37793  -9.563  -41.695  69.090 0.0000000000
37732  -6.066  -41.385  73.169 0.0000000000
36886  -3.044  -42.562  75.260 0.0000000000
37693  -2.922  -41.702  74.705 0.0000000000
38487  -2.946  -40.867  74.533 0.0000000000
104638  -3.085  -40.018  74.612 0.0000000000
39397  -2.458  -39.951  74.637 0.0000000000
39396  -1.984  -40.082  75.032 0.0000000000
105993  -34.029  -33.764  68.927 0.0000000000
43809  -37.012  -34.003  67.433 0.0000000000
58194  -46.464  -18.063  51.234 0.0000000000
123165  -47.984  -17.386  49.974 0.0000000000
103719  -49.126  -16.982  48.836 0.0000000000
58229  -49.759  -16.610  48.445 0.0000000000
53632  -35.942  -22.738  60.662 0.0000000000
53649  -35.546  -22.658  59.932 0.0000000000
118574  -36.412  -22.635  60.180 0.0000000000
53633  -37.067  -22.581  60.035 0.0000000000
53651  -37.317  -22.325  59.128 0.0000000000
53663  -38.230  -22.202  58.474 0.0000000000
103566  -39.595  -22.476  56.878 0.0000000000
41260  -20.006  -36.070  64.401 0.0000000000
109229  -19.053  -37.221  63.610 0.0000000000
40336  -6.478  -37.619  75.410 0.0000000000
43916  -35.609  -34.871  57.735 0.0000000000
42952  -36.044  -35.120  58.839 0.0000000000
46540  -36.941  -31.846  60.472 0.0000000000
51664  -35.479  -24.681  64.447 0.0000000000
43871  -23.404  -33.623  62.860 0.0000000000
44821  -24.214  -33.023  62.617 0.0000000000
114844  -24.850  -32.299  61.909 0.0000000000
45720  -25.344  -31.669  61.223 0.0000000000
123639  -25.850  -31.445  60.747 0.0000000000
45732  -27.241  -31.748  60.483 0.0000000000
42874  -32.148  -34.693  63.045 0.0000000000
42902  -32.596  -35.299  61.597 0.0000000000
103935  -33.187  -35.504  58.456 0.0000000000
108229  -24.163  -32.797  68.120 0.0000000000
43803  -24.784  -32.631  67.567 0.0000000000
44773  -24.997  -32.068  66.436 0.0000000000
44779  -24.065  -32.565  65.880 0.0000000000
43830  -23.268  -33.415  65.462 0.0000000000
111735  -23.184  -33.304  64.319 0.0000000000
58264  -44.342  -17.284  45.376 0.0000000000
60001  -50.798  -15.667  41.081 0.0000000000
113356  -52.268  -15.846  47.401 0.0000000000
112002  -52.344  -15.706  46.437 0.0000000000
60804  -55.403  -14.119  44.664 0.0000000000
51762  -31.431  -25.701  54.741 0.0000000000
51763  -31.883  -25.039  54.215 0.0000000000
50913  -42.676  -25.327  54.215 0.0000000000
50912  -41.945  -25.724  53.939 0.0000000000
118681  -43.292  -25.460  53.794 0.0000000000
51782  -44.313  -24.849  53.506 0.0000000000
52684  -44.121  -24.222  53.366 0.0000000000
52697  -43.938  -23.256  53.444 0.0000000000
53714  -44.203  -22.548  53.343 0.0000000000
54742  -44.234  -21.860  53.129 0.0000000000
38581  -13.438  -40.023  70.620 0.0000000000
108966  -13.458  -39.453  69.183 0.0000000000
38599  -13.029  -39.598  69.818 0.0000000000
38580  -12.569  -40.012  70.281 0.0000000000
118753  -10.497  -40.902  69.095 0.0000000000
36873  -2.234  -42.827  75.587 0.0000000000
42906  -36.254  -35.287  61.463 0.0000000000
42907  -36.799  -35.076  61.326 0.0000000000
43875  -37.824  -34.038  62.693 0.0000000000
109153  -38.095  -33.513  62.944 0.0000000000
109466  -38.036  -33.609  63.970 0.0000000000
44814  -38.149  -33.226  63.528 0.0000000000
46478  -29.120  -30.790  66.873 0.0000000000
46487  -29.027  -30.775  66.045 0.0000000000
125219  -29.594  -31.100  66.402 0.0000000000
45676  -30.164  -32.067  65.502 0.0000000000
44774  -31.150  -32.540  66.846 0.0000000000
44780  -30.836  -32.840  65.240 0.0000000000
43842  -31.785  -34.155  64.185 0.0000000000
43805  -33.854  -33.928  67.514 0.0000000000
43820  -33.727  -34.005  66.193 0.0000000000
42820  -35.044  -34.812  66.919 0.0000000000
42829  -34.358  -34.553  65.952 0.0000000000
43833  -33.234  -34.125  65.531 0.0000000000
43843  -32.480  -34.466  64.488 0.0000000000
43858  -32.277  -34.754  63.722 0.0000000000
109456  -33.421  -35.298  63.191 0.0000000000
109954  -34.292  -35.482  63.195 0.0000000000
104608  -34.899  -35.410  63.749 0.0000000000
42892  -34.483  -35.575  62.337 0.0000000000
115615  -35.832  -35.412  62.167 0.0000000000
45638  -30.073  -32.196  69.084 0.0000000000
55680  -40.908  -21.080  48.856 0.0000000000
55693  -40.383  -20.533  48.283 0.0000000000
56540  -41.468  -19.341  48.184 0.0000000000
56534  -42.645  -19.211  49.051 0.0000000000
57356  -41.915  -18.476  47.832 0.0000000000
57347  -45.593  -18.100  50.016 0.0000000000
58225  -45.472  -17.879  48.529 0.0000000000
118812  -46.407  -17.863  48.557 0.0000000000
103167  -44.427  -17.230  46.541 0.0000000000
120559  -45.866  -17.011  45.050 0.0000000000
58267  -46.729  -16.628  46.455 0.0000000000
59107  -46.408  -16.794  44.351 0.0000000000
122683  -46.936  -16.477  44.195 0.0000000000
118703  -47.517  -16.111  43.987 0.0000000000
59981  -48.182  -16.094  43.161 0.0000000000
59109  -49.347  -15.437  45.703 0.0000000000
104580  -51.634  -15.829  47.262 0.0000000000
58244  -50.504  -16.313  48.324 0.0000000000
58258  -52.424  -15.942  47.839 0.0000000000
50050  -32.981  -27.813  59.783 0.0000000000
50059  -32.723  -28.034  58.937 0.0000000000
50049  -32.512  -27.320  59.359 0.0000000000
50883  -32.076  -26.172  58.639 0.0000000000
122014  -32.702  -25.090  59.318 0.0000000000
51722  -32.307  -25.372  58.675 0.0000000000
51732  -32.015  -25.623  57.794 0.0000000000
52630  -34.328  -23.151  58.687 0.0000000000
53670  -34.546  -23.009  57.833 0.0000000000
52640  -33.750  -23.554  57.390 0.0000000000
116530  -33.311  -23.902  56.792 0.0000000000
52647  -32.389  -24.294  55.702 0.0000000000
52665  -33.411  -23.982  54.040 0.0000000000
52666  -34.550  -23.608  54.028 0.0000000000
120233  -34.059  -23.935  53.302 0.0000000000
52693  -35.274  -24.058  52.317 0.0000000000
51793  -35.765  -24.701  51.779 0.0000000000
52695  -37.115  -24.062  52.386 0.0000000000
52669  -38.109  -23.558  53.772 0.0000000000
52682  -38.627  -24.010  53.222 0.0000000000
51765  -40.577  -25.093  54.263 0.0000000000
113352  -41.276  -25.081  54.743 0.0000000000
53684  -40.087  -23.249  56.244 0.0000000000
52650  -40.574  -23.873  55.536 0.0000000000
52641  -41.612  -23.661  56.922 0.0000000000
53685  -40.991  -23.749  56.331 0.0000000000
51767  -42.054  -25.038  54.658 0.0000000000
50902  -42.825  -24.690  54.962 0.0000000000
50903  -43.298  -24.280  55.213 0.0000000000
41251  -19.081  -35.580  64.846 0.0000000000
41250  -18.208  -35.590  65.399 0.0000000000
106251  -17.563  -37.430  64.412 0.0000000000
41249  -17.392  -36.057  66.085 0.0000000000
40402  -16.781  -37.550  67.387 0.0000000000
40401  -16.267  -38.204  67.117 0.0000000000
39562  -15.147  -39.153  65.447 0.0000000000
39546  -15.039  -39.122  66.321 0.0000000000
47388  -34.826  -31.242  58.564 0.0000000000
44836  -37.460  -33.830  61.038 0.0000000000
45725  -37.850  -32.489  61.739 0.0000000000
44846  -37.629  -33.009  61.220 0.0000000000
104477  -36.909  -30.944  60.841 0.0000000000
48209  -36.879  -29.690  62.831 0.0000000000
48222  -36.854  -29.905  61.909 0.0000000000
121148  -37.013  -30.383  60.958 0.0000000000
47365  -36.426  -30.423  60.724 0.0000000000
48233  -35.471  -29.538  60.630 0.0000000000
49101  -35.257  -28.752  61.621 0.0000000000
49105  -35.075  -28.940  60.887 0.0000000000
50051  -33.588  -28.304  60.242 0.0000000000
50044  -33.198  -27.467  60.529 0.0000000000
50864  -32.987  -26.574  60.663 0.0000000000
51681  -33.416  -25.480  61.254 0.0000000000
53631  -35.288  -23.041  61.210 0.0000000000
52567  -35.091  -24.204  63.811 0.0000000000
113152  -35.024  -23.771  63.181 0.0000000000
54663  -35.584  -22.673  63.434 0.0000000000
53611  -35.369  -22.971  62.770 0.0000000000
53620  -35.369  -23.029  61.894 0.0000000000
53621  -36.201  -22.749  61.304 0.0000000000
46517  -28.277  -31.039  63.723 0.0000000000
45723  -27.918  -31.741  61.272 0.0000000000
121029  -27.585  -32.171  59.989 0.0000000000
44834  -29.767  -33.018  61.204 0.0000000000
43881  -30.246  -33.672  60.792 0.0000000000
44833  -29.076  -32.573  60.770 0.0000000000
45733  -28.194  -32.191  60.420 0.0000000000
42016  -21.743  -35.099  67.191 0.0000000000
120698  -22.976  -34.035  66.617 0.0000000000
42827  -23.200  -34.017  65.854 0.0000000000
42843  -22.521  -34.043  65.571 0.0000000000
42033  -21.540  -34.322  65.223 0.0000000000
42032  -20.760  -34.835  64.682 0.0000000000
121762  -21.074  -36.810  62.134 0.0000000000
104793  -49.563  -16.020  42.488 0.0000000000
59992  -50.089  -15.854  41.781 0.0000000000
60002  -51.587  -15.342  41.742 0.0000000000
60828  -52.706  -15.474  40.542 0.0000000000
119766  -53.432  -15.301  40.250 0.0000000000
104211  -55.508  -14.211  39.980 0.0000000000
124520  -56.668  -13.421  43.221 0.0000000000
37720  -8.482  -39.773  73.350 0.0000000000
37734  -7.729  -40.382  72.715 0.0000000000
36926  -6.730  -42.257  71.842 0.0000000000
37745  -6.386  -41.825  72.516 0.0000000000
50911  -31.356  -26.517  54.280 0.0000000000
54787  -40.412  -21.774  49.151 0.0000000000
117047  -36.913  -24.723  50.733 0.0000000000
51811  -38.179  -24.332  51.072 0.0000000000
50973  -38.433  -24.424  50.352 0.0000000000
50995  -39.026  -23.758  50.286 0.0000000000
50926  -41.814  -25.413  53.247 0.0000000000
50938  -41.561  -24.790  52.572 0.0000000000
50954  -41.210  -24.041  51.965 0.0000000000
51813  -42.588  -25.063  51.806 0.0000000000
50975  -40.500  -23.600  51.437 0.0000000000
52745  -40.020  -22.867  50.364 0.0000000000
52747  -41.176  -23.045  50.751 0.0000000000
52757  -40.214  -22.566  50.168 0.0000000000
53767  -40.243  -22.171  49.740 0.0000000000
109236  -42.829  -20.822  51.206 0.0000000000
55670  -43.087  -20.204  50.675 0.0000000000
57337  -44.909  -19.100  51.497 0.0000000000
37721  -9.559  -39.834  73.604 0.0000000000
122450  -10.035  -41.309  69.114 0.0000000000
38530  -8.253  -39.833  74.466 0.0000000000
38528  -6.302  -39.961  74.179 0.0000000000
38489  -6.953  -39.045  74.993 0.0000000000
40351  -5.740  -38.061  74.718 0.0000000000
36901  -4.709  -42.401  73.922 0.0000000000
37705  -4.225  -40.722  74.336 0.0000000000
40350  -4.812  -38.289  74.447 0.0000000000
123542  -4.922  -37.953  74.457 0.0000000000
41192  -3.740  -38.030  74.581 0.0000000000
114763  -3.557  -37.818  74.500 0.0000000000
108861  -1.754  -42.782  75.532 0.0000000000
105839  -1.376  -41.676  74.840 0.0000000000
118463  -1.343  -41.043  74.809 0.0000000000
119290  -0.733  -39.551  75.173 0.0000000000
42828  -23.526  -34.211  65.372 0.0000000000
43780  -32.909  -33.347  69.366 0.0000000000
43855  -22.907  -33.564  63.682 0.0000000000
44751  -26.499  -31.728  69.109 0.0000000000
45653  -28.192  -31.058  68.117 0.0000000000
45675  -29.650  -31.305  65.709 0.0000000000
46527  -27.867  -31.159  63.077 0.0000000000
50928  -43.797  -25.396  53.228 0.0000000000
51731  -31.832  -25.443  56.971 0.0000000000
51742  -42.044  -24.542  56.024 0.0000000000
51814  -42.683  -24.542  51.803 0.0000000000
52667  -35.359  -23.464  53.639 0.0000000000
105003  -26.461  -31.387  60.792 0.0000000000
110777  -35.092  -35.521  62.064 0.0000000000
111663  -15.602  -38.826  66.013 0.0000000000
111736  -42.256  -21.190  51.015 0.0000000000
112743  -33.808  -34.000  66.861 0.0000000000
120068  -34.185  -33.929  68.209 0.0000000000
120387  -33.861  -23.455  58.169 0.0000000000
121338  -41.701  -24.124  56.315 0.0000000000
