#!ascii label  , from subject Paciente_3 vox2ras=TkReg
1426
37880  -43.979  -41.289  60.349 0.0000000000
112092  -30.615  -42.680  73.193 0.0000000000
111574  -50.767  -32.232  48.742 0.0000000000
39729  -38.356  -38.468  52.228 0.0000000000
110235  -46.607  -35.360  54.944 0.0000000000
119715  -37.267  -44.773  66.799 0.0000000000
35406  -27.772  -44.054  62.962 0.0000000000
118627  -31.622  -41.989  56.930 0.0000000000
36929  -23.200  -42.380  72.211 0.0000000000
51839  -53.364  -25.210  50.656 0.0000000000
32402  -24.043  -48.200  65.393 0.0000000000
38762  -41.389  -39.915  56.377 0.0000000000
110922  -42.162  -37.256  54.092 0.0000000000
40544  -45.501  -38.190  57.925 0.0000000000
35414  -41.129  -44.121  63.811 0.0000000000
35438  -34.742  -44.036  62.061 0.0000000000
37085  -37.696  -41.551  58.868 0.0000000000
120142  -34.400  -39.876  54.554 0.0000000000
52783  -55.144  -23.956  46.588 0.0000000000
35236  -27.236  -43.936  74.346 0.0000000000
35355  -25.479  -44.265  67.375 0.0000000000
33063  -27.700  -46.692  69.698 0.0000000000
43988  -49.024  -33.254  52.441 0.0000000000
36150  -34.946  -43.301  70.136 0.0000000000
35356  -29.699  -43.965  67.658 0.0000000000
35387  -32.912  -43.874  64.970 0.0000000000
35461  -29.494  -43.746  59.251 0.0000000000
33738  -20.333  -45.817  71.650 0.0000000000
44880  -52.216  -32.473  56.739 0.0000000000
47477  -52.455  -30.806  53.465 0.0000000000
51786  -51.778  -25.304  53.799 0.0000000000
49240  -48.869  -28.186  51.181 0.0000000000
118505  -48.894  -25.789  46.981 0.0000000000
34553  -20.859  -44.552  66.845 0.0000000000
32417  -27.339  -48.249  64.959 0.0000000000
37922  -42.033  -40.473  58.337 0.0000000000
38764  -43.199  -38.853  57.054 0.0000000000
38744  -44.821  -39.034  58.634 0.0000000000
36267  -42.370  -42.769  62.285 0.0000000000
36282  -39.866  -42.618  61.471 0.0000000000
122210  -40.623  -41.531  59.454 0.0000000000
37919  -39.565  -40.987  57.696 0.0000000000
45835  -49.542  -33.070  46.700 0.0000000000
115822  -48.965  -30.928  47.354 0.0000000000
35254  -29.222  -44.198  74.566 0.0000000000
33740  -27.919  -45.901  71.975 0.0000000000
33753  -29.463  -45.426  71.699 0.0000000000
40583  -39.135  -37.420  50.657 0.0000000000
42152  -44.086  -35.482  54.384 0.0000000000
42159  -43.162  -35.151  51.817 0.0000000000
104066  -46.095  -35.168  52.842 0.0000000000
43985  -46.361  -33.985  51.840 0.0000000000
106810  -48.767  -35.014  53.578 0.0000000000
114611  -36.328  -44.718  68.598 0.0000000000
36195  -34.042  -43.133  67.470 0.0000000000
34556  -35.038  -45.039  66.040 0.0000000000
36302  -33.786  -42.953  59.327 0.0000000000
35449  -32.385  -44.180  61.250 0.0000000000
36298  -30.790  -43.673  58.319 0.0000000000
39707  -36.696  -39.083  53.273 0.0000000000
45785  -52.450  -31.712  55.238 0.0000000000
115922  -50.556  -26.958  52.547 0.0000000000
50979  -51.017  -25.959  50.275 0.0000000000
51012  -48.695  -26.952  48.954 0.0000000000
51872  -51.646  -25.297  48.727 0.0000000000
52809  -53.329  -23.507  44.715 0.0000000000
35277  -21.886  -43.690  71.944 0.0000000000
34504  -20.183  -45.140  69.421 0.0000000000
36143  -22.500  -43.280  69.883 0.0000000000
104092  -25.273  -46.170  66.191 0.0000000000
34576  -24.059  -45.338  63.917 0.0000000000
33115  -23.693  -47.732  64.686 0.0000000000
35398  -28.912  -43.841  65.176 0.0000000000
33798  -28.738  -46.260  66.752 0.0000000000
106157  -28.060  -46.299  64.288 0.0000000000
38806  -39.349  -39.454  54.565 0.0000000000
40572  -40.014  -38.183  52.983 0.0000000000
39700  -42.075  -38.908  55.074 0.0000000000
40557  -43.793  -37.774  55.920 0.0000000000
42136  -45.826  -36.389  57.009 0.0000000000
33834  -39.004  -44.849  65.504 0.0000000000
121974  -36.432  -45.011  64.396 0.0000000000
35424  -37.699  -44.176  62.617 0.0000000000
36278  -36.368  -42.881  60.890 0.0000000000
37094  -34.479  -41.811  57.795 0.0000000000
37941  -33.607  -40.789  55.614 0.0000000000
116099  -36.306  -41.019  56.717 0.0000000000
38773  -38.485  -40.107  55.536 0.0000000000
51875  -54.956  -25.089  48.665 0.0000000000
105865  -58.362  -24.027  49.314 0.0000000000
36921  -25.267  -42.655  73.678 0.0000000000
124731  -24.686  -42.970  70.375 0.0000000000
35292  -26.605  -44.283  71.442 0.0000000000
33768  -26.072  -46.455  69.080 0.0000000000
33070  -26.023  -47.171  68.254 0.0000000000
106164  -40.785  -36.665  51.615 0.0000000000
44944  -47.546  -32.829  49.758 0.0000000000
119632  -50.985  -33.111  49.854 0.0000000000
36947  -32.430  -41.741  71.349 0.0000000000
36147  -30.191  -43.453  70.265 0.0000000000
36969  -31.629  -42.545  68.934 0.0000000000
37005  -31.026  -42.325  66.223 0.0000000000
37027  -30.129  -42.547  63.990 0.0000000000
34599  -33.431  -45.032  63.164 0.0000000000
35419  -30.897  -43.752  61.855 0.0000000000
36257  -27.992  -42.846  61.288 0.0000000000
38720  -46.023  -39.673  62.051 0.0000000000
36922  -32.080  -41.277  72.325 0.0000000000
36152  -36.259  -43.501  69.908 0.0000000000
35325  -38.229  -44.200  69.132 0.0000000000
39660  -47.281  -38.244  60.882 0.0000000000
41344  -47.844  -36.990  59.467 0.0000000000
42956  -48.531  -34.949  58.592 0.0000000000
43907  -50.616  -32.600  59.191 0.0000000000
113871  -50.189  -33.591  56.066 0.0000000000
43973  -50.517  -33.246  54.510 0.0000000000
44926  -51.297  -32.132  51.872 0.0000000000
46655  -51.905  -31.668  51.214 0.0000000000
50109  -52.781  -27.465  54.004 0.0000000000
48359  -50.865  -29.489  52.631 0.0000000000
47502  -49.700  -30.535  50.037 0.0000000000
48416  -47.619  -29.325  48.857 0.0000000000
52780  -52.577  -24.237  46.773 0.0000000000
33058  -18.667  -47.337  68.889 0.0000000000
33135  -19.156  -47.046  62.360 0.0000000000
36205  -23.047  -43.435  66.964 0.0000000000
109853  -21.787  -45.302  62.749 0.0000000000
33779  -28.928  -46.380  68.930 0.0000000000
32391  -27.675  -47.532  67.769 0.0000000000
31673  -25.646  -48.011  65.829 0.0000000000
31694  -25.366  -49.652  63.775 0.0000000000
37890  -42.835  -41.071  59.573 0.0000000000
37907  -43.630  -39.680  58.557 0.0000000000
37892  -44.349  -40.815  59.794 0.0000000000
103327  -42.765  -42.213  61.479 0.0000000000
37063  -41.999  -42.132  60.835 0.0000000000
37075  -42.372  -41.490  60.228 0.0000000000
37905  -41.688  -41.076  58.758 0.0000000000
44962  -50.272  -33.005  48.316 0.0000000000
45836  -50.007  -32.707  47.317 0.0000000000
45844  -49.306  -32.308  46.406 0.0000000000
120679  -49.864  -32.032  47.384 0.0000000000
35256  -30.007  -43.055  74.169 0.0000000000
123105  -29.580  -45.090  73.115 0.0000000000
35279  -29.943  -44.745  72.903 0.0000000000
40575  -37.349  -38.458  51.064 0.0000000000
39730  -38.897  -37.966  51.680 0.0000000000
112360  -45.605  -35.382  54.973 0.0000000000
43031  -44.810  -35.288  53.475 0.0000000000
43023  -46.164  -35.318  54.142 0.0000000000
43034  -47.232  -34.904  53.386 0.0000000000
43025  -48.125  -35.298  54.432 0.0000000000
33780  -36.960  -44.779  67.663 0.0000000000
34545  -36.115  -44.559  66.886 0.0000000000
33793  -36.696  -44.878  66.372 0.0000000000
37081  -33.012  -42.546  58.444 0.0000000000
36300  -32.184  -43.213  58.762 0.0000000000
37091  -31.148  -42.508  57.240 0.0000000000
36317  -29.281  -43.055  56.467 0.0000000000
120352  -37.420  -38.812  52.511 0.0000000000
39719  -36.371  -39.064  52.310 0.0000000000
111365  -36.895  -38.805  51.620 0.0000000000
51837  -51.330  -25.466  51.120 0.0000000000
109547  -51.793  -25.548  50.255 0.0000000000
51000  -50.910  -25.816  49.525 0.0000000000
51860  -52.642  -25.420  49.799 0.0000000000
36118  -22.427  -42.914  72.049 0.0000000000
35303  -21.860  -43.775  70.472 0.0000000000
36127  -22.714  -43.201  70.757 0.0000000000
33103  -24.490  -47.531  65.760 0.0000000000
33810  -24.288  -47.089  65.158 0.0000000000
32416  -23.535  -48.575  65.341 0.0000000000
32415  -22.996  -49.096  65.444 0.0000000000
31670  -23.204  -49.478  65.508 0.0000000000
35397  -28.489  -43.976  64.399 0.0000000000
34578  -28.085  -45.190  64.638 0.0000000000
120263  -27.896  -45.512  63.877 0.0000000000
38792  -40.207  -39.269  55.122 0.0000000000
38808  -40.705  -38.870  54.848 0.0000000000
38794  -41.809  -39.314  55.319 0.0000000000
38766  -44.630  -38.410  57.726 0.0000000000
39695  -43.328  -38.271  56.108 0.0000000000
109268  -44.901  -37.951  57.106 0.0000000000
41377  -44.497  -37.497  56.376 0.0000000000
41373  -45.303  -37.776  57.348 0.0000000000
34586  -40.616  -45.029  64.774 0.0000000000
34584  -38.757  -44.847  64.627 0.0000000000
35412  -39.659  -44.179  63.493 0.0000000000
37060  -38.684  -42.220  60.501 0.0000000000
36280  -38.049  -42.728  61.088 0.0000000000
37070  -37.394  -42.015  59.556 0.0000000000
104029  -35.603  -42.242  59.456 0.0000000000
106032  -36.865  -41.672  58.854 0.0000000000
37915  -35.942  -41.306  57.354 0.0000000000
37900  -37.327  -41.338  58.119 0.0000000000
37936  -40.046  -40.539  57.136 0.0000000000
38759  -38.243  -40.300  56.240 0.0000000000
38774  -39.947  -39.867  55.895 0.0000000000
38790  -38.783  -39.924  54.830 0.0000000000
36099  -26.813  -43.843  74.245 0.0000000000
36121  -26.481  -43.653  72.841 0.0000000000
35266  -27.019  -44.356  73.570 0.0000000000
33044  -27.642  -46.555  71.057 0.0000000000
33760  -26.850  -46.416  70.616 0.0000000000
33051  -27.141  -46.477  69.898 0.0000000000
33060  -25.997  -47.075  68.924 0.0000000000
32367  -26.822  -47.284  68.709 0.0000000000
41385  -41.067  -37.467  53.215 0.0000000000
41389  -40.692  -37.108  52.416 0.0000000000
41390  -41.062  -36.795  52.472 0.0000000000
118266  -44.101  -35.005  51.532 0.0000000000
104414  -42.428  -35.277  51.282 0.0000000000
43062  -43.018  -34.842  49.957 0.0000000000
43987  -48.098  -33.421  52.224 0.0000000000
44933  -47.513  -33.076  50.597 0.0000000000
44922  -48.757  -33.049  51.431 0.0000000000
44946  -49.318  -33.177  49.641 0.0000000000
44935  -49.497  -33.082  50.597 0.0000000000
105244  -33.578  -41.989  70.803 0.0000000000
36959  -32.689  -42.049  70.372 0.0000000000
36971  -33.413  -42.334  69.579 0.0000000000
36222  -33.253  -43.404  65.693 0.0000000000
36208  -32.379  -42.550  66.864 0.0000000000
36232  -31.711  -42.773  65.103 0.0000000000
37015  -30.385  -42.470  65.205 0.0000000000
108119  -31.603  -42.958  64.249 0.0000000000
116585  -35.693  -44.798  63.012 0.0000000000
34601  -35.261  -44.905  63.724 0.0000000000
34637  -34.294  -44.746  62.356 0.0000000000
35463  -31.166  -44.099  59.870 0.0000000000
121038  -32.158  -44.253  61.526 0.0000000000
36274  -29.940  -43.612  60.792 0.0000000000
36259  -29.393  -42.904  61.273 0.0000000000
38769  -34.031  -40.218  55.113 0.0000000000
35309  -36.909  -44.480  70.103 0.0000000000
114106  -41.626  -45.130  66.959 0.0000000000
38732  -46.620  -38.780  60.781 0.0000000000
41313  -48.037  -37.153  60.485 0.0000000000
42097  -48.318  -35.934  60.144 0.0000000000
42107  -48.060  -35.744  59.105 0.0000000000
120881  -48.887  -33.983  59.432 0.0000000000
43939  -51.436  -32.736  57.548 0.0000000000
43005  -50.264  -33.211  57.048 0.0000000000
43952  -51.279  -33.282  56.232 0.0000000000
43028  -50.530  -33.537  55.446 0.0000000000
43961  -51.526  -33.155  55.986 0.0000000000
46623  -53.019  -30.889  54.500 0.0000000000
44918  -51.881  -32.049  54.013 0.0000000000
45793  -52.023  -31.581  53.554 0.0000000000
45797  -51.717  -32.119  51.430 0.0000000000
46656  -51.683  -31.320  52.288 0.0000000000
50931  -52.636  -26.302  54.066 0.0000000000
50116  -49.550  -28.000  51.800 0.0000000000
49223  -50.517  -28.608  52.595 0.0000000000
48358  -50.041  -29.287  52.296 0.0000000000
47487  -50.642  -30.504  51.567 0.0000000000
48371  -48.920  -29.841  51.322 0.0000000000
47501  -48.630  -30.141  49.720 0.0000000000
48385  -47.891  -29.013  50.057 0.0000000000
51022  -49.218  -26.089  47.873 0.0000000000
50171  -47.806  -26.985  47.785 0.0000000000
51031  -47.479  -26.972  47.076 0.0000000000
51888  -55.450  -24.713  47.906 0.0000000000
51886  -53.503  -24.817  47.855 0.0000000000
52781  -53.445  -24.006  46.523 0.0000000000
34539  -20.206  -45.043  67.454 0.0000000000
107099  -19.265  -46.054  68.051 0.0000000000
33808  -19.361  -46.097  65.741 0.0000000000
33114  -18.796  -46.994  64.114 0.0000000000
33826  -19.824  -45.866  64.030 0.0000000000
111134  -24.832  -43.327  68.493 0.0000000000
36177  -23.886  -43.150  68.310 0.0000000000
36191  -23.940  -43.320  67.243 0.0000000000
35404  -22.650  -44.809  63.612 0.0000000000
112602  -22.422  -49.871  61.804 0.0000000000
36178  -30.145  -43.387  68.886 0.0000000000
34509  -29.607  -45.017  69.701 0.0000000000
120000  -29.324  -44.926  68.886 0.0000000000
121625  -28.068  -47.460  66.159 0.0000000000
33080  -28.099  -47.348  67.354 0.0000000000
124056  -27.675  -47.651  66.257 0.0000000000
32404  -26.652  -47.498  66.689 0.0000000000
31674  -26.521  -48.032  65.703 0.0000000000
31688  -24.761  -49.433  64.606 0.0000000000
124872  -41.556  -40.134  57.192 0.0000000000
109676  -42.077  -39.782  56.756 0.0000000000
110019  -42.686  -39.490  57.308 0.0000000000
38752  -44.269  -38.878  58.146 0.0000000000
38753  -44.979  -38.671  58.203 0.0000000000
106973  -41.616  -43.130  62.780 0.0000000000
36251  -40.026  -43.159  62.247 0.0000000000
36265  -40.686  -42.705  61.836 0.0000000000
37061  -40.235  -42.132  60.623 0.0000000000
120743  -39.604  -41.636  59.635 0.0000000000
37902  -39.026  -41.191  58.368 0.0000000000
37903  -39.859  -41.192  58.485 0.0000000000
37920  -40.418  -40.937  57.822 0.0000000000
47540  -48.275  -30.618  46.789 0.0000000000
34443  -27.903  -44.978  74.103 0.0000000000
34461  -27.902  -45.296  73.766 0.0000000000
34462  -28.103  -45.219  73.776 0.0000000000
33035  -28.327  -45.873  71.367 0.0000000000
33054  -28.143  -46.158  70.577 0.0000000000
41379  -42.808  -36.765  54.527 0.0000000000
41387  -41.988  -36.129  53.225 0.0000000000
43030  -43.704  -35.369  53.382 0.0000000000
43041  -44.612  -35.230  52.781 0.0000000000
108042  -45.515  -34.711  51.889 0.0000000000
43995  -45.280  -34.039  50.821 0.0000000000
43049  -46.120  -34.623  52.149 0.0000000000
43977  -47.489  -33.971  52.856 0.0000000000
43978  -48.461  -33.857  53.106 0.0000000000
35323  -35.503  -43.909  69.612 0.0000000000
36181  -34.557  -43.428  68.319 0.0000000000
35341  -35.260  -44.110  68.002 0.0000000000
35374  -35.156  -43.959  66.210 0.0000000000
35388  -33.652  -44.270  65.277 0.0000000000
36276  -34.494  -43.295  60.433 0.0000000000
35437  -33.951  -44.412  61.803 0.0000000000
112918  -32.772  -43.536  59.978 0.0000000000
36288  -31.647  -43.816  59.359 0.0000000000
35478  -30.197  -43.924  58.717 0.0000000000
117334  -28.546  -43.744  58.115 0.0000000000
35491  -29.186  -43.828  57.609 0.0000000000
38802  -35.989  -39.468  53.972 0.0000000000
39705  -34.703  -39.282  52.784 0.0000000000
110386  -52.891  -31.403  57.167 0.0000000000
44903  -52.336  -32.033  56.070 0.0000000000
46589  -52.828  -31.159  56.258 0.0000000000
46616  -53.269  -30.686  55.383 0.0000000000
48346  -53.479  -29.831  54.766 0.0000000000
51801  -52.022  -24.695  52.951 0.0000000000
50930  -51.763  -26.119  53.544 0.0000000000
51818  -51.122  -25.624  52.144 0.0000000000
50942  -50.499  -26.351  52.036 0.0000000000
50957  -49.658  -26.817  51.067 0.0000000000
50134  -48.468  -27.854  50.302 0.0000000000
50999  -50.256  -26.171  49.823 0.0000000000
51014  -50.399  -25.895  48.971 0.0000000000
51884  -50.623  -25.166  47.643 0.0000000000
52802  -55.574  -23.581  45.937 0.0000000000
118506  -53.979  -23.683  46.005 0.0000000000
124458  -53.983  -23.344  44.619 0.0000000000
105562  -21.135  -44.885  72.715 0.0000000000
34491  -20.341  -45.772  70.987 0.0000000000
35302  -21.334  -44.527  70.933 0.0000000000
34505  -21.031  -44.595  69.660 0.0000000000
35352  -21.607  -44.096  68.065 0.0000000000
34542  -25.904  -44.995  66.927 0.0000000000
35371  -24.723  -44.328  65.902 0.0000000000
34564  -24.951  -45.546  65.431 0.0000000000
33827  -24.032  -46.493  64.155 0.0000000000
119848  -22.851  -48.253  63.218 0.0000000000
31699  -22.470  -49.725  62.873 0.0000000000
113550  -22.590  -48.775  64.038 0.0000000000
110634  -29.240  -44.135  66.467 0.0000000000
34543  -29.275  -44.706  67.217 0.0000000000
35386  -28.910  -44.670  65.748 0.0000000000
33829  -28.219  -46.259  65.251 0.0000000000
32425  -27.720  -47.779  64.863 0.0000000000
39720  -38.911  -38.594  53.079 0.0000000000
123084  -39.087  -38.274  52.500 0.0000000000
39710  -40.036  -38.661  53.625 0.0000000000
39711  -41.261  -38.376  54.403 0.0000000000
40568  -42.360  -38.058  54.622 0.0000000000
38776  -42.299  -39.123  55.626 0.0000000000
39702  -42.927  -38.153  55.540 0.0000000000
40562  -42.706  -37.654  54.855 0.0000000000
41376  -43.965  -37.206  55.774 0.0000000000
43013  -45.016  -35.672  55.804 0.0000000000
43000  -46.380  -35.464  56.479 0.0000000000
33801  -38.539  -44.623  66.732 0.0000000000
33815  -36.908  -45.314  65.849 0.0000000000
33833  -38.043  -44.728  65.435 0.0000000000
34603  -37.551  -44.717  63.948 0.0000000000
35423  -36.891  -44.338  62.571 0.0000000000
36264  -39.162  -43.252  61.996 0.0000000000
115307  -37.388  -43.769  61.966 0.0000000000
35453  -36.010  -43.487  61.441 0.0000000000
36291  -35.135  -42.802  59.923 0.0000000000
37082  -34.205  -42.564  58.969 0.0000000000
117782  -33.661  -41.917  57.587 0.0000000000
37928  -32.539  -41.391  56.181 0.0000000000
37913  -34.180  -41.504  57.024 0.0000000000
37930  -34.742  -41.065  56.469 0.0000000000
37943  -35.304  -40.516  55.984 0.0000000000
37917  -37.893  -41.006  57.425 0.0000000000
38772  -36.726  -40.313  55.794 0.0000000000
117718  -37.019  -40.145  55.144 0.0000000000
122867  -37.299  -39.851  54.590 0.0000000000
39709  -38.529  -38.950  53.797 0.0000000000
51862  -54.591  -25.218  49.497 0.0000000000
51842  -56.030  -25.000  50.299 0.0000000000
119177  -56.554  -24.736  48.835 0.0000000000
52770  -56.378  -24.503  47.485 0.0000000000
52784  -56.981  -24.197  46.744 0.0000000000
53802  -57.096  -23.448  45.330 0.0000000000
36920  -24.543  -42.214  73.597 0.0000000000
36945  -24.096  -42.436  71.694 0.0000000000
36119  -25.057  -42.732  71.866 0.0000000000
36146  -25.459  -43.244  70.472 0.0000000000
108926  -26.090  -44.370  69.240 0.0000000000
105894  -27.095  -45.248  71.920 0.0000000000
35321  -26.502  -45.089  69.906 0.0000000000
34506  -26.170  -44.868  68.548 0.0000000000
33791  -25.747  -45.772  67.698 0.0000000000
33078  -25.417  -46.786  66.977 0.0000000000
32388  -25.420  -47.121  66.304 0.0000000000
40584  -39.563  -37.513  51.678 0.0000000000
41392  -39.823  -37.101  50.957 0.0000000000
107611  -41.394  -35.884  51.661 0.0000000000
44961  -49.910  -33.157  48.926 0.0000000000
44963  -50.682  -32.516  48.901 0.0000000000
36932  -31.472  -42.082  72.513 0.0000000000
35294  -30.386  -43.491  71.994 0.0000000000
111212  -31.682  -42.159  70.934 0.0000000000
36164  -30.761  -42.938  69.503 0.0000000000
36179  -30.840  -42.792  68.473 0.0000000000
36995  -33.015  -42.623  67.743 0.0000000000
117267  -31.748  -42.474  67.869 0.0000000000
119079  -30.522  -42.543  66.720 0.0000000000
36220  -29.833  -42.634  65.579 0.0000000000
36231  -29.139  -43.213  64.629 0.0000000000
35407  -28.328  -43.502  63.475 0.0000000000
33830  -36.072  -45.278  65.370 0.0000000000
34580  -34.495  -45.119  64.565 0.0000000000
35410  -33.225  -44.737  63.790 0.0000000000
34635  -32.767  -44.713  61.917 0.0000000000
35421  -32.415  -44.503  62.323 0.0000000000
36241  -32.165  -43.608  63.705 0.0000000000
36239  -30.462  -42.620  63.137 0.0000000000
36248  -29.671  -42.548  62.560 0.0000000000
37940  -31.875  -41.104  55.464 0.0000000000
37056  -44.621  -41.778  62.010 0.0000000000
37875  -45.300  -40.636  61.497 0.0000000000
35265  -21.312  -44.182  73.227 0.0000000000
36919  -23.552  -42.008  73.724 0.0000000000
36908  -25.007  -42.529  74.634 0.0000000000
36088  -25.845  -42.742  75.160 0.0000000000
109258  -29.022  -43.548  74.342 0.0000000000
110682  -30.299  -43.064  74.868 0.0000000000
36100  -30.479  -42.388  74.064 0.0000000000
118168  -31.304  -41.961  73.072 0.0000000000
36933  -31.877  -41.775  71.931 0.0000000000
105232  -34.178  -41.708  71.105 0.0000000000
36949  -34.994  -42.255  70.943 0.0000000000
36950  -35.487  -42.209  70.850 0.0000000000
36151  -35.973  -43.595  69.901 0.0000000000
35308  -36.296  -44.813  70.255 0.0000000000
34512  -37.400  -44.573  68.914 0.0000000000
33782  -38.095  -44.676  67.664 0.0000000000
33794  -38.856  -44.561  67.209 0.0000000000
33803  -40.055  -44.913  66.522 0.0000000000
34570  -40.636  -45.221  65.452 0.0000000000
37048  -43.872  -42.307  62.582 0.0000000000
37894  -45.377  -39.487  60.272 0.0000000000
38737  -45.954  -38.785  59.569 0.0000000000
38747  -46.183  -38.489  59.326 0.0000000000
40489  -47.796  -37.748  61.241 0.0000000000
40515  -47.580  -37.566  60.197 0.0000000000
40531  -46.758  -37.805  59.074 0.0000000000
113338  -47.009  -36.812  58.368 0.0000000000
42981  -46.740  -35.752  57.240 0.0000000000
43002  -48.189  -35.046  56.790 0.0000000000
42958  -49.517  -33.484  58.853 0.0000000000
43003  -49.008  -34.668  56.902 0.0000000000
111566  -48.914  -35.066  56.040 0.0000000000
43026  -49.547  -35.095  54.509 0.0000000000
43037  -50.128  -34.928  54.048 0.0000000000
43980  -49.606  -33.432  53.615 0.0000000000
44906  -51.863  -32.368  54.922 0.0000000000
43982  -51.116  -32.569  54.017 0.0000000000
44915  -50.302  -32.750  52.743 0.0000000000
108116  -51.474  -32.742  51.042 0.0000000000
45804  -51.717  -32.459  50.211 0.0000000000
46666  -51.367  -31.813  49.506 0.0000000000
115781  -53.760  -28.637  54.913 0.0000000000
116912  -53.086  -29.613  54.316 0.0000000000
50108  -51.686  -27.718  53.509 0.0000000000
49225  -52.058  -29.433  53.353 0.0000000000
47476  -52.233  -30.620  53.144 0.0000000000
123452  -51.410  -30.818  51.784 0.0000000000
117909  -51.171  -31.005  49.863 0.0000000000
47535  -51.042  -31.304  49.285 0.0000000000
47517  -49.595  -30.613  49.081 0.0000000000
47533  -48.455  -30.408  47.789 0.0000000000
48427  -47.729  -29.940  47.417 0.0000000000
50148  -47.672  -28.206  49.006 0.0000000000
49275  -47.210  -28.467  47.573 0.0000000000
48431  -47.246  -29.279  47.052 0.0000000000
51873  -52.970  -25.185  48.419 0.0000000000
121779  -51.555  -25.055  47.826 0.0000000000
51898  -50.390  -25.080  46.825 0.0000000000
117686  -52.759  -24.015  46.033 0.0000000000
52797  -50.760  -24.373  45.513 0.0000000000
117927  -49.377  -25.118  45.828 0.0000000000
124591  -19.523  -46.137  69.107 0.0000000000
36144  -23.302  -43.060  70.109 0.0000000000
35338  -22.344  -43.646  68.322 0.0000000000
107368  -21.656  -44.149  66.248 0.0000000000
35382  -23.279  -43.907  65.149 0.0000000000
35381  -22.007  -44.244  65.128 0.0000000000
34575  -21.062  -45.049  64.762 0.0000000000
110476  -20.070  -46.007  62.307 0.0000000000
34484  -29.945  -44.933  71.491 0.0000000000
123300  -28.901  -45.742  70.305 0.0000000000
33064  -28.518  -46.566  69.325 0.0000000000
33792  -29.009  -46.308  67.626 0.0000000000
33072  -28.157  -47.272  68.193 0.0000000000
32376  -27.711  -47.398  68.392 0.0000000000
104857  -26.753  -47.497  67.698 0.0000000000
31665  -26.223  -47.497  66.325 0.0000000000
31672  -25.070  -47.988  65.850 0.0000000000
33128  -27.573  -48.011  63.279 0.0000000000
112659  -26.849  -48.957  63.601 0.0000000000
31689  -25.923  -49.132  64.148 0.0000000000
31680  -25.580  -48.772  65.167 0.0000000000
31679  -24.814  -48.978  65.394 0.0000000000
31678  -23.571  -49.649  65.433 0.0000000000
37076  -43.163  -41.359  60.259 0.0000000000
37891  -43.658  -41.033  59.605 0.0000000000
37064  -43.421  -41.651  60.995 0.0000000000
123355  -42.726  -41.780  60.768 0.0000000000
45825  -50.444  -32.711  48.037 0.0000000000
44977  -49.955  -33.146  47.520 0.0000000000
45826  -50.427  -32.369  47.991 0.0000000000
35268  -29.746  -43.520  73.223 0.0000000000
35280  -30.121  -43.539  72.624 0.0000000000
40576  -38.117  -38.265  51.341 0.0000000000
43024  -47.231  -35.247  54.096 0.0000000000
109933  -47.666  -35.461  54.984 0.0000000000
33781  -37.508  -44.759  67.292 0.0000000000
34546  -36.948  -44.826  66.835 0.0000000000
37093  -32.819  -42.086  57.651 0.0000000000
37092  -32.276  -42.575  58.117 0.0000000000
39728  -37.646  -38.594  51.733 0.0000000000
51838  -52.304  -25.132  51.025 0.0000000000
36944  -23.114  -42.792  71.457 0.0000000000
32401  -23.336  -49.004  65.406 0.0000000000
31671  -23.759  -48.871  65.340 0.0000000000
34598  -27.947  -44.566  63.790 0.0000000000
34597  -27.545  -45.157  63.217 0.0000000000
105938  -40.862  -39.687  55.738 0.0000000000
38793  -41.210  -39.232  55.230 0.0000000000
38775  -41.578  -39.604  55.618 0.0000000000
39687  -45.159  -38.258  57.900 0.0000000000
39691  -44.666  -38.154  57.335 0.0000000000
40552  -45.120  -38.094  57.596 0.0000000000
34606  -40.323  -44.627  64.081 0.0000000000
35413  -40.461  -44.039  63.478 0.0000000000
37071  -38.209  -42.010  59.724 0.0000000000
37096  -36.402  -41.486  58.094 0.0000000000
38761  -40.476  -40.085  56.487 0.0000000000
108693  -39.750  -40.245  56.552 0.0000000000
35252  -27.499  -44.567  74.288 0.0000000000
33052  -27.462  -46.485  70.462 0.0000000000
33062  -27.266  -46.793  69.410 0.0000000000
33061  -26.573  -46.978  69.110 0.0000000000
40567  -41.631  -37.528  53.827 0.0000000000
41386  -41.490  -36.984  53.282 0.0000000000
43054  -44.061  -34.729  50.818 0.0000000000
103241  -43.399  -34.822  50.553 0.0000000000
44921  -47.809  -33.247  51.288 0.0000000000
44923  -49.741  -33.035  51.591 0.0000000000
36961  -34.518  -42.454  70.670 0.0000000000
36960  -33.721  -42.199  70.337 0.0000000000
36149  -34.226  -42.703  69.874 0.0000000000
36221  -32.465  -43.061  65.409 0.0000000000
36233  -32.320  -43.332  64.565 0.0000000000
34638  -35.157  -44.399  62.636 0.0000000000
35462  -30.354  -44.075  59.538 0.0000000000
35447  -30.568  -44.077  60.353 0.0000000000
35446  -29.687  -43.814  60.075 0.0000000000
36273  -29.135  -43.109  60.581 0.0000000000
36287  -28.819  -43.322  59.870 0.0000000000
38770  -35.005  -40.226  55.081 0.0000000000
42939  -48.691  -34.549  59.834 0.0000000000
112856  -52.235  -32.412  57.342 0.0000000000
44871  -51.920  -32.513  57.770 0.0000000000
43940  -51.904  -32.750  57.065 0.0000000000
112072  -51.434  -33.083  56.740 0.0000000000
43953  -51.821  -32.929  56.339 0.0000000000
46634  -52.850  -30.951  54.046 0.0000000000
45794  -52.577  -31.448  54.025 0.0000000000
121245  -52.361  -31.240  53.476 0.0000000000
46633  -51.875  -31.232  52.997 0.0000000000
125245  -52.013  -31.032  52.892 0.0000000000
52675  -51.525  -25.325  53.931 0.0000000000
115923  -52.283  -25.608  54.260 0.0000000000
50919  -52.987  -25.760  54.721 0.0000000000
49222  -49.889  -28.542  52.166 0.0000000000
120969  -49.244  -29.028  51.826 0.0000000000
48370  -48.635  -29.114  51.180 0.0000000000
48386  -48.327  -29.546  50.536 0.0000000000
49239  -48.306  -28.693  50.556 0.0000000000
119264  -48.244  -26.433  47.403 0.0000000000
51896  -48.726  -25.517  46.152 0.0000000000
119071  -55.539  -24.313  47.168 0.0000000000
52769  -54.793  -24.300  47.264 0.0000000000
52782  -54.326  -23.951  46.605 0.0000000000
33748  -20.043  -46.485  71.506 0.0000000000
34552  -20.195  -45.156  66.551 0.0000000000
34551  -19.650  -45.706  66.324 0.0000000000
33809  -19.600  -45.974  64.960 0.0000000000
115200  -20.119  -45.439  65.572 0.0000000000
35339  -25.612  -44.049  68.303 0.0000000000
35354  -24.782  -43.496  67.765 0.0000000000
123231  -24.771  -43.769  67.070 0.0000000000
31709  -22.440  -49.133  60.959 0.0000000000
106952  -29.660  -44.054  68.453 0.0000000000
32418  -27.698  -47.775  65.756 0.0000000000
32406  -27.869  -47.607  66.530 0.0000000000
111613  -27.280  -47.959  65.650 0.0000000000
38751  -42.064  -40.032  57.651 0.0000000000
37923  -42.814  -39.996  58.238 0.0000000000
123717  -44.176  -39.428  58.791 0.0000000000
36266  -41.469  -42.769  62.057 0.0000000000
114034  -40.845  -41.831  60.014 0.0000000000
37062  -41.116  -42.133  60.684 0.0000000000
37073  -40.153  -41.759  59.864 0.0000000000
103340  -39.524  -42.029  60.175 0.0000000000
37887  -40.048  -41.421  59.224 0.0000000000
37921  -41.355  -40.712  57.921 0.0000000000
47542  -49.688  -31.422  47.721 0.0000000000
34451  -28.309  -44.848  73.883 0.0000000000
115181  -27.909  -45.128  74.168 0.0000000000
34463  -28.611  -45.037  73.404 0.0000000000
33743  -29.628  -45.450  72.367 0.0000000000
33742  -28.833  -45.633  72.008 0.0000000000
33752  -28.898  -45.593  71.445 0.0000000000
33046  -28.396  -45.880  70.858 0.0000000000
33761  -28.770  -45.695  70.814 0.0000000000
111797  -38.331  -37.568  49.892 0.0000000000
42147  -43.219  -36.163  54.922 0.0000000000
42151  -43.173  -35.822  54.224 0.0000000000
43032  -45.738  -35.292  53.419 0.0000000000
43042  -45.408  -35.220  52.781 0.0000000000
43048  -44.970  -35.053  52.074 0.0000000000
104302  -45.873  -35.025  52.312 0.0000000000
43044  -47.116  -34.542  53.036 0.0000000000
43045  -48.015  -34.485  53.449 0.0000000000
43046  -49.098  -34.702  53.516 0.0000000000
35324  -35.771  -44.867  69.670 0.0000000000
117176  -35.233  -44.107  68.911 0.0000000000
35342  -35.728  -44.435  68.455 0.0000000000
121660  -35.524  -44.602  66.371 0.0000000000
34544  -35.580  -44.179  67.044 0.0000000000
35389  -34.421  -44.668  65.581 0.0000000000
36275  -33.601  -43.349  60.052 0.0000000000
36299  -31.408  -43.589  58.706 0.0000000000
35479  -30.933  -44.010  59.062 0.0000000000
35492  -30.010  -43.777  57.948 0.0000000000
109499  -35.151  -39.446  53.583 0.0000000000
39706  -35.724  -39.233  53.025 0.0000000000
108839  -53.256  -30.814  57.220 0.0000000000
105863  -52.778  -31.462  56.701 0.0000000000
48306  -53.643  -29.580  56.039 0.0000000000
47448  -53.587  -30.061  56.000 0.0000000000
48323  -53.675  -29.574  55.655 0.0000000000
47467  -53.507  -30.210  55.013 0.0000000000
48334  -53.742  -29.257  55.022 0.0000000000
52714  -52.748  -24.119  52.354 0.0000000000
51800  -51.511  -25.483  52.975 0.0000000000
111096  -51.803  -25.088  52.590 0.0000000000
50959  -50.691  -26.075  51.286 0.0000000000
50958  -50.163  -26.511  51.393 0.0000000000
50978  -50.187  -26.329  50.693 0.0000000000
50998  -49.574  -26.632  50.234 0.0000000000
51015  -51.096  -25.516  49.103 0.0000000000
51871  -50.883  -25.300  48.456 0.0000000000
51023  -50.093  -25.580  48.174 0.0000000000
53801  -56.080  -23.303  45.122 0.0000000000
53800  -55.077  -23.300  45.238 0.0000000000
35290  -21.325  -44.577  71.814 0.0000000000
123244  -21.337  -44.364  70.254 0.0000000000
35318  -21.767  -43.874  69.692 0.0000000000
34523  -20.877  -44.528  68.717 0.0000000000
35337  -21.713  -44.100  68.920 0.0000000000
34541  -25.523  -45.925  66.913 0.0000000000
34554  -25.535  -45.079  66.063 0.0000000000
33127  -23.512  -47.012  63.510 0.0000000000
33126  -23.068  -47.976  63.880 0.0000000000
31669  -22.919  -49.708  65.566 0.0000000000
31686  -22.595  -49.493  64.885 0.0000000000
120566  -29.169  -43.683  65.844 0.0000000000
114196  -27.915  -47.025  64.799 0.0000000000
112146  -39.332  -38.981  53.846 0.0000000000
39699  -41.431  -38.848  54.924 0.0000000000
105257  -40.663  -38.586  54.359 0.0000000000
39712  -41.925  -38.460  54.604 0.0000000000
38763  -42.510  -39.256  56.427 0.0000000000
38777  -42.934  -38.676  56.225 0.0000000000
106605  -43.581  -38.040  56.049 0.0000000000
125104  -42.672  -38.052  55.104 0.0000000000
40563  -43.147  -37.868  55.458 0.0000000000
41380  -43.321  -37.225  55.283 0.0000000000
114418  -45.217  -37.431  56.989 0.0000000000
42135  -45.024  -36.480  56.465 0.0000000000
42999  -45.596  -35.754  56.345 0.0000000000
33818  -39.330  -44.780  66.219 0.0000000000
33817  -38.358  -44.654  66.094 0.0000000000
34623  -38.144  -44.431  63.340 0.0000000000
115924  -38.234  -44.720  64.085 0.0000000000
34622  -37.254  -44.680  63.174 0.0000000000
36279  -37.217  -42.734  60.976 0.0000000000
36262  -37.542  -43.161  61.461 0.0000000000
36261  -36.832  -43.292  61.471 0.0000000000
36277  -35.411  -43.180  60.803 0.0000000000
36292  -35.929  -42.459  60.231 0.0000000000
37083  -35.336  -42.127  58.795 0.0000000000
37068  -34.891  -42.456  59.215 0.0000000000
111114  -34.703  -42.162  58.520 0.0000000000
103483  -33.861  -42.262  58.306 0.0000000000
37931  -35.602  -41.072  56.610 0.0000000000
37944  -36.143  -40.579  56.160 0.0000000000
37918  -38.746  -40.992  57.570 0.0000000000
38758  -37.562  -40.240  55.827 0.0000000000
38788  -36.528  -39.946  54.594 0.0000000000
38789  -37.977  -40.058  54.836 0.0000000000
38805  -38.691  -39.547  54.349 0.0000000000
51864  -56.393  -24.850  49.554 0.0000000000
116371  -57.337  -24.510  49.299 0.0000000000
51877  -56.232  -24.745  48.230 0.0000000000
52760  -57.027  -24.685  48.325 0.0000000000
52785  -58.046  -24.179  46.921 0.0000000000
52804  -57.527  -23.831  46.098 0.0000000000
36931  -25.032  -42.547  72.764 0.0000000000
36131  -26.419  -43.681  72.047 0.0000000000
36130  -25.842  -43.351  71.374 0.0000000000
35304  -26.182  -43.834  70.591 0.0000000000
35320  -25.837  -43.623  69.818 0.0000000000
121595  -26.346  -44.249  69.994 0.0000000000
34473  -27.904  -45.689  72.738 0.0000000000
34472  -27.487  -45.204  72.988 0.0000000000
33739  -27.680  -45.783  71.962 0.0000000000
34507  -26.713  -46.116  69.796 0.0000000000
34493  -26.812  -45.742  70.608 0.0000000000
122021  -26.338  -45.432  69.186 0.0000000000
106122  -25.971  -45.702  68.511 0.0000000000
33069  -25.671  -46.967  67.756 0.0000000000
33079  -25.816  -47.006  67.262 0.0000000000
40571  -39.477  -38.023  52.446 0.0000000000
121862  -39.925  -37.662  52.397 0.0000000000
40577  -40.240  -37.113  51.811 0.0000000000
42155  -42.908  -35.428  52.792 0.0000000000
42158  -42.116  -35.497  52.244 0.0000000000
42163  -42.665  -35.141  50.600 0.0000000000
43996  -46.120  -33.672  51.047 0.0000000000
44960  -47.970  -32.858  48.961 0.0000000000
44947  -50.216  -33.186  49.766 0.0000000000
109216  -50.611  -32.919  49.187 0.0000000000
111518  -32.015  -41.752  71.831 0.0000000000
36946  -31.620  -42.111  71.853 0.0000000000
36970  -32.500  -42.354  69.322 0.0000000000
36958  -31.666  -42.371  69.918 0.0000000000
105880  -33.775  -42.849  68.228 0.0000000000
37006  -31.831  -42.522  66.015 0.0000000000
36994  -31.380  -42.415  66.883 0.0000000000
36194  -30.773  -42.654  67.560 0.0000000000
37004  -30.326  -42.363  65.968 0.0000000000
37028  -30.443  -42.547  64.548 0.0000000000
37014  -29.768  -42.698  64.800 0.0000000000
112740  -29.516  -42.791  64.131 0.0000000000
36237  -28.985  -43.058  63.838 0.0000000000
36238  -29.650  -42.556  63.407 0.0000000000
33831  -36.598  -45.240  65.247 0.0000000000
121519  -36.627  -45.400  65.770 0.0000000000
34600  -34.415  -44.919  63.623 0.0000000000
110524  -35.014  -45.113  64.324 0.0000000000
34579  -33.825  -44.874  64.092 0.0000000000
34651  -33.170  -44.323  61.588 0.0000000000
35435  -31.587  -44.167  61.505 0.0000000000
35436  -32.183  -44.439  61.822 0.0000000000
35420  -31.701  -44.099  62.129 0.0000000000
35408  -31.923  -43.907  62.874 0.0000000000
36240  -31.371  -43.144  63.421 0.0000000000
36250  -31.094  -43.424  62.609 0.0000000000
36258  -28.708  -42.724  61.110 0.0000000000
121164  -29.677  -42.664  61.872 0.0000000000
36247  -28.813  -42.654  61.955 0.0000000000
35417  -27.771  -43.344  62.141 0.0000000000
124643  -33.240  -41.242  56.048 0.0000000000
116952  -32.816  -40.941  55.511 0.0000000000
36907  -24.403  -42.054  75.228 0.0000000000
36091  -28.059  -43.492  74.391 0.0000000000
115815  -34.003  -42.005  70.953 0.0000000000
36137  -36.164  -42.622  70.306 0.0000000000
36951  -35.752  -42.100  70.759 0.0000000000
36136  -35.950  -42.699  70.519 0.0000000000
36135  -35.698  -42.815  70.563 0.0000000000
35310  -37.605  -44.274  69.640 0.0000000000
34497  -37.316  -44.945  69.982 0.0000000000
34513  -37.894  -44.445  69.067 0.0000000000
34529  -37.538  -44.708  67.980 0.0000000000
34530  -38.041  -44.596  68.208 0.0000000000
33783  -38.647  -44.563  67.614 0.0000000000
33784  -39.469  -44.504  67.525 0.0000000000
33802  -39.341  -44.659  66.799 0.0000000000
33795  -39.764  -44.811  66.791 0.0000000000
34559  -41.490  -45.239  66.247 0.0000000000
34571  -41.303  -45.257  65.648 0.0000000000
34587  -41.531  -45.089  64.914 0.0000000000
113566  -43.735  -42.063  61.727 0.0000000000
37882  -45.003  -40.371  60.892 0.0000000000
37883  -45.443  -39.668  61.027 0.0000000000
38722  -46.885  -38.686  61.213 0.0000000000
38733  -46.850  -38.369  60.603 0.0000000000
121646  -46.513  -38.339  60.078 0.0000000000
39671  -46.675  -38.143  60.073 0.0000000000
40516  -47.883  -37.413  60.065 0.0000000000
120792  -47.736  -37.607  60.448 0.0000000000
113843  -47.601  -37.499  59.854 0.0000000000
39683  -47.010  -37.752  59.873 0.0000000000
40532  -47.338  -37.493  59.474 0.0000000000
41362  -46.575  -37.570  58.419 0.0000000000
41343  -47.207  -37.245  58.947 0.0000000000
42955  -47.765  -35.369  58.358 0.0000000000
42982  -47.547  -35.261  57.478 0.0000000000
42983  -48.369  -34.940  57.717 0.0000000000
43908  -50.965  -32.380  59.018 0.0000000000
42940  -49.501  -33.518  59.681 0.0000000000
42959  -50.120  -33.007  59.026 0.0000000000
43951  -50.463  -33.414  56.418 0.0000000000
43004  -49.655  -33.657  56.792 0.0000000000
111178  -49.515  -34.099  56.075 0.0000000000
109932  -48.704  -35.318  55.032 0.0000000000
43017  -49.556  -34.872  55.379 0.0000000000
43038  -49.968  -33.812  54.728 0.0000000000
43971  -49.646  -34.739  53.742 0.0000000000
43972  -49.560  -33.942  54.312 0.0000000000
44908  -52.233  -32.036  55.440 0.0000000000
44902  -52.102  -32.302  55.629 0.0000000000
44907  -52.106  -32.141  55.227 0.0000000000
44917  -51.340  -32.009  53.385 0.0000000000
44911  -51.798  -32.217  54.360 0.0000000000
44916  -50.796  -32.292  52.929 0.0000000000
44925  -50.928  -32.579  51.702 0.0000000000
45805  -52.042  -32.106  50.784 0.0000000000
45812  -51.760  -32.104  50.127 0.0000000000
46667  -51.844  -31.816  50.398 0.0000000000
50932  -53.477  -26.600  54.531 0.0000000000
50100  -53.828  -26.804  54.883 0.0000000000
50110  -53.656  -27.749  54.624 0.0000000000
49212  -53.503  -28.890  54.625 0.0000000000
49211  -53.028  -28.714  54.276 0.0000000000
50943  -51.243  -26.907  53.210 0.0000000000
113873  -51.951  -26.872  53.722 0.0000000000
49224  -51.449  -28.783  53.078 0.0000000000
48360  -51.689  -29.855  52.896 0.0000000000
48361  -52.078  -29.904  53.253 0.0000000000
48374  -51.822  -30.654  52.557 0.0000000000
48373  -51.195  -30.283  52.335 0.0000000000
47486  -49.625  -30.429  51.097 0.0000000000
47503  -50.655  -30.715  50.349 0.0000000000
47518  -50.567  -30.841  49.455 0.0000000000
110891  -50.304  -31.131  48.629 0.0000000000
121269  -48.062  -29.802  49.080 0.0000000000
47516  -48.616  -30.274  48.694 0.0000000000
48417  -47.879  -29.852  48.317 0.0000000000
48426  -47.396  -29.292  47.987 0.0000000000
50150  -48.920  -27.118  49.805 0.0000000000
50149  -48.198  -27.642  49.425 0.0000000000
50170  -47.398  -27.603  47.679 0.0000000000
50162  -47.402  -28.099  48.275 0.0000000000
51874  -53.906  -25.213  48.682 0.0000000000
52767  -53.188  -24.333  47.256 0.0000000000
51885  -52.542  -24.757  47.646 0.0000000000
117708  -51.751  -24.564  46.976 0.0000000000
51899  -51.074  -24.908  47.119 0.0000000000
52800  -53.354  -23.681  45.651 0.0000000000
52799  -52.544  -23.885  45.255 0.0000000000
51909  -50.163  -24.905  46.022 0.0000000000
107709  -20.225  -45.605  70.289 0.0000000000
33777  -19.661  -45.769  68.788 0.0000000000
33797  -19.133  -46.240  66.513 0.0000000000
33789  -18.942  -46.410  67.303 0.0000000000
33113  -18.359  -47.602  64.622 0.0000000000
33125  -18.943  -47.013  63.226 0.0000000000
33134  -18.632  -47.632  62.784 0.0000000000
33141  -18.892  -47.601  62.020 0.0000000000
117185  -19.012  -47.945  61.279 0.0000000000
36128  -23.841  -42.857  70.743 0.0000000000
36145  -24.117  -43.004  69.888 0.0000000000
36190  -23.061  -43.327  67.804 0.0000000000
36176  -23.004  -43.306  68.559 0.0000000000
35353  -22.300  -43.662  67.488 0.0000000000
117091  -22.326  -43.753  66.644 0.0000000000
34577  -24.565  -44.967  64.696 0.0000000000
35383  -24.333  -44.254  65.101 0.0000000000
35396  -23.893  -44.430  64.345 0.0000000000
34595  -22.485  -45.280  62.922 0.0000000000
34594  -21.894  -45.000  63.357 0.0000000000
113836  -21.329  -45.029  63.845 0.0000000000
125196  -20.348  -45.583  63.382 0.0000000000
33858  -20.703  -45.774  62.092 0.0000000000
31008  -22.210  -50.394  63.664 0.0000000000
114896  -22.226  -50.572  62.602 0.0000000000
36132  -30.310  -43.416  71.126 0.0000000000
115559  -30.039  -44.109  71.585 0.0000000000
35306  -29.842  -44.154  70.853 0.0000000000
34508  -29.171  -45.689  69.286 0.0000000000
33770  -29.304  -45.514  70.062 0.0000000000
33769  -28.813  -46.000  69.628 0.0000000000
116557  -28.435  -46.088  70.081 0.0000000000
104462  -29.054  -45.604  67.139 0.0000000000
109784  -29.129  -45.458  67.685 0.0000000000
33081  -28.627  -46.969  67.928 0.0000000000
32375  -27.177  -47.568  68.200 0.0000000000
32390  -27.280  -47.566  67.390 0.0000000000
123629  -26.463  -47.349  67.219 0.0000000000
124557  -27.266  -48.604  63.307 0.0000000000
31696  -26.892  -49.084  62.866 0.0000000000
31695  -25.968  -49.495  63.087 0.0000000000
31003  -24.202  -50.131  64.786 0.0000000000
31687  -24.117  -49.524  65.156 0.0000000000
122388  -24.009  -49.258  65.298 0.0000000000
37906  -42.439  -40.708  58.922 0.0000000000
113151  -43.203  -40.434  59.092 0.0000000000
37908  -43.879  -40.235  59.245 0.0000000000
37909  -44.468  -39.743  59.378 0.0000000000
37055  -41.986  -42.482  61.594 0.0000000000
37074  -41.591  -41.662  60.136 0.0000000000
37888  -41.260  -41.426  59.437 0.0000000000
37889  -42.025  -41.169  59.543 0.0000000000
103644  -49.571  -33.439  48.034 0.0000000000
35255  -29.419  -43.729  73.799 0.0000000000
34452  -28.955  -44.408  73.557 0.0000000000
35267  -29.676  -44.693  73.079 0.0000000000
34474  -29.919  -45.327  72.915 0.0000000000
107685  -29.942  -45.310  72.462 0.0000000000
119492  -44.692  -35.565  55.042 0.0000000000
43022  -45.187  -35.335  54.222 0.0000000000
43033  -46.567  -35.192  53.343 0.0000000000
43035  -48.033  -34.914  53.859 0.0000000000
34528  -36.317  -44.604  67.695 0.0000000000
123889  -36.759  -44.798  66.998 0.0000000000
34557  -35.906  -44.863  66.161 0.0000000000
109511  -33.593  -42.686  58.857 0.0000000000
36301  -33.060  -43.150  59.249 0.0000000000
36311  -31.494  -43.057  58.015 0.0000000000
36310  -30.571  -43.240  57.587 0.0000000000
37101  -30.250  -42.702  56.724 0.0000000000
104734  -35.978  -38.908  51.420 0.0000000000
51819  -52.325  -24.716  52.141 0.0000000000
113863  -51.744  -25.144  51.840 0.0000000000
51859  -51.668  -25.558  49.522 0.0000000000
107228  -52.425  -25.423  48.970 0.0000000000
35291  -21.896  -43.855  71.234 0.0000000000
109043  -22.367  -43.242  71.448 0.0000000000
118448  -24.834  -46.970  66.161 0.0000000000
33811  -24.766  -46.624  65.677 0.0000000000
115016  -23.994  -47.963  65.476 0.0000000000
32423  -22.992  -48.600  64.836 0.0000000000
35385  -28.518  -44.588  65.073 0.0000000000
33847  -27.728  -46.291  63.438 0.0000000000
38807  -39.996  -38.977  54.331 0.0000000000
38765  -43.947  -38.662  57.505 0.0000000000
38778  -43.681  -38.445  56.821 0.0000000000
109833  -44.267  -38.354  57.281 0.0000000000
39690  -44.009  -38.195  56.730 0.0000000000
40558  -44.257  -37.999  56.606 0.0000000000
113337  -45.722  -37.421  57.425 0.0000000000
34585  -39.754  -45.027  64.803 0.0000000000
34605  -39.488  -44.775  64.107 0.0000000000
34604  -38.863  -44.551  63.806 0.0000000000
35411  -38.919  -44.145  63.171 0.0000000000
106540  -39.438  -42.295  60.849 0.0000000000
36281  -38.902  -42.721  61.305 0.0000000000
37059  -37.723  -42.307  60.396 0.0000000000
37058  -36.827  -42.359  60.310 0.0000000000
37069  -36.427  -42.082  59.554 0.0000000000
37084  -36.015  -41.907  58.791 0.0000000000
37095  -35.417  -41.720  58.094 0.0000000000
37914  -35.055  -41.352  57.243 0.0000000000
37916  -36.925  -41.107  57.225 0.0000000000
37935  -39.268  -40.595  57.006 0.0000000000
38760  -39.061  -40.193  56.211 0.0000000000
38791  -39.315  -39.866  55.310 0.0000000000
36098  -25.931  -43.181  74.270 0.0000000000
36109  -25.800  -43.177  73.247 0.0000000000
36110  -26.442  -43.622  73.651 0.0000000000
35278  -26.903  -44.350  72.458 0.0000000000
33750  -27.744  -46.370  71.283 0.0000000000
33043  -27.406  -46.471  70.804 0.0000000000
123698  -26.451  -46.735  69.283 0.0000000000
33071  -26.295  -47.203  68.672 0.0000000000
40578  -40.449  -37.600  52.768 0.0000000000
43053  -43.305  -34.997  51.113 0.0000000000
43986  -47.182  -33.704  52.029 0.0000000000
43997  -46.960  -33.499  51.190 0.0000000000
44934  -48.421  -33.043  50.378 0.0000000000
44945  -48.532  -33.053  49.366 0.0000000000
44936  -50.604  -33.115  50.679 0.0000000000
123989  -34.408  -43.458  66.663 0.0000000000
36209  -33.436  -43.056  66.629 0.0000000000
109664  -32.708  -42.825  66.101 0.0000000000
37016  -31.057  -42.374  65.544 0.0000000000
37029  -31.031  -42.539  64.766 0.0000000000
37039  -30.852  -42.718  64.012 0.0000000000
112383  -35.990  -44.967  63.628 0.0000000000
33848  -35.780  -45.169  64.560 0.0000000000
123027  -35.479  -44.819  63.262 0.0000000000
34620  -34.886  -44.756  63.016 0.0000000000
34619  -33.988  -45.033  62.664 0.0000000000
35448  -31.540  -44.126  60.821 0.0000000000
35434  -30.761  -43.980  61.120 0.0000000000
36260  -30.156  -43.260  61.499 0.0000000000
37741  -32.992  -41.038  71.790 0.0000000000
37742  -33.630  -40.811  71.453 0.0000000000
115613  -36.564  -43.249  69.875 0.0000000000
36153  -37.443  -43.647  69.720 0.0000000000
34547  -40.716  -45.106  66.811 0.0000000000
38710  -46.560  -39.311  62.050 0.0000000000
38721  -46.476  -39.189  61.487 0.0000000000
39645  -46.946  -38.781  61.778 0.0000000000
39646  -47.235  -38.363  61.451 0.0000000000
42085  -48.265  -36.324  60.936 0.0000000000
41328  -48.126  -36.877  59.957 0.0000000000
42096  -48.214  -36.145  59.678 0.0000000000
42938  -48.511  -35.050  59.455 0.0000000000
44861  -52.136  -32.057  58.318 0.0000000000
44860  -51.743  -32.296  58.339 0.0000000000
43920  -50.738  -32.669  58.255 0.0000000000
42986  -50.101  -32.975  58.038 0.0000000000
43938  -50.868  -32.993  57.286 0.0000000000
120861  -50.929  -33.303  56.532 0.0000000000
118835  -50.808  -33.432  56.111 0.0000000000
43019  -50.436  -33.579  55.735 0.0000000000
109782  -50.973  -33.399  55.995 0.0000000000
121549  -51.160  -33.285  55.707 0.0000000000
43966  -50.929  -33.291  55.134 0.0000000000
45789  -52.553  -31.611  54.629 0.0000000000
45784  -52.256  -31.945  54.973 0.0000000000
45788  -52.348  -31.758  54.304 0.0000000000
45792  -51.386  -31.727  52.727 0.0000000000
45798  -51.561  -31.532  52.475 0.0000000000
119988  -51.758  -31.749  51.586 0.0000000000
50118  -50.897  -27.756  52.882 0.0000000000
50117  -50.206  -27.795  52.297 0.0000000000
48372  -50.438  -29.938  52.249 0.0000000000
106854  -49.698  -29.918  51.861 0.0000000000
48387  -48.875  -30.263  50.681 0.0000000000
48399  -47.918  -29.436  49.665 0.0000000000
49253  -47.628  -28.871  49.385 0.0000000000
117761  -49.131  -26.441  48.560 0.0000000000
104081  -48.459  -26.696  48.187 0.0000000000
51887  -54.434  -24.807  47.929 0.0000000000
52768  -53.939  -24.293  47.277 0.0000000000
118336  -52.419  -23.753  44.333 0.0000000000
52808  -51.530  -24.069  44.820 0.0000000000
33059  -19.148  -46.990  69.554 0.0000000000
34522  -20.184  -45.018  68.371 0.0000000000
34521  -19.731  -45.472  67.973 0.0000000000
34538  -19.540  -45.677  67.178 0.0000000000
111238  -18.685  -46.922  64.963 0.0000000000
121003  -19.080  -46.440  65.204 0.0000000000
33825  -19.160  -46.414  64.484 0.0000000000
107883  -19.461  -46.428  62.725 0.0000000000
108676  -25.054  -43.121  69.759 0.0000000000
36161  -24.428  -43.134  69.127 0.0000000000
36206  -23.672  -43.524  66.530 0.0000000000
33846  -23.594  -46.034  63.270 0.0000000000
35405  -23.393  -44.748  63.819 0.0000000000
34633  -21.308  -45.871  61.771 0.0000000000
118479  -22.164  -48.917  60.157 0.0000000000
123058  -22.346  -49.556  60.256 0.0000000000
31018  -22.369  -50.069  60.792 0.0000000000
31013  -22.272  -50.762  61.574 0.0000000000
36163  -30.040  -43.566  69.587 0.0000000000
35322  -29.740  -44.189  70.042 0.0000000000
35340  -29.627  -44.131  69.269 0.0000000000
34525  -29.163  -45.841  68.414 0.0000000000
33812  -28.351  -46.737  66.070 0.0000000000
33090  -28.276  -47.110  66.711 0.0000000000
107906  -27.708  -47.571  66.945 0.0000000000
32405  -27.327  -47.600  66.421 0.0000000000
31004  -24.953  -50.036  64.030 0.0000000000
103243  -43.453  -39.191  57.810 0.0000000000
35428  -40.998  -43.583  63.164 0.0000000000
36252  -40.824  -43.117  62.522 0.0000000000
37054  -41.318  -42.422  61.375 0.0000000000
37053  -40.649  -42.385  61.208 0.0000000000
37072  -38.971  -41.779  59.713 0.0000000000
37086  -38.482  -41.524  59.057 0.0000000000
37901  -38.191  -41.232  58.248 0.0000000000
37087  -39.331  -41.419  59.093 0.0000000000
37904  -40.769  -41.263  58.696 0.0000000000
38750  -40.868  -40.367  57.182 0.0000000000
35253  -27.869  -44.866  74.739 0.0000000000
121619  -27.802  -45.132  74.548 0.0000000000
104572  -27.834  -45.135  74.485 0.0000000000
33730  -28.068  -45.678  72.815 0.0000000000
33732  -29.496  -45.351  72.751 0.0000000000
33731  -28.572  -45.483  72.738 0.0000000000
33741  -28.296  -45.833  71.927 0.0000000000
33751  -27.849  -46.221  71.368 0.0000000000
33045  -28.254  -46.470  71.028 0.0000000000
33053  -28.124  -46.502  70.545 0.0000000000
104160  -42.642  -36.017  53.778 0.0000000000
42156  -43.948  -35.178  52.352 0.0000000000
43055  -44.872  -34.613  51.295 0.0000000000
43994  -44.521  -34.406  50.503 0.0000000000
43056  -45.652  -34.290  51.580 0.0000000000
43043  -46.560  -34.899  52.723 0.0000000000
43050  -46.693  -34.356  52.481 0.0000000000
36165  -34.707  -43.398  69.335 0.0000000000
35357  -34.976  -43.616  67.212 0.0000000000
34527  -35.766  -44.383  67.647 0.0000000000
35373  -34.070  -43.790  65.992 0.0000000000
35451  -34.587  -43.682  61.303 0.0000000000
35450  -33.755  -43.759  61.033 0.0000000000
35465  -32.911  -43.820  60.747 0.0000000000
36289  -32.326  -43.551  59.512 0.0000000000
35464  -32.047  -43.926  60.240 0.0000000000
35460  -28.518  -43.452  59.012 0.0000000000
35477  -29.378  -43.828  58.401 0.0000000000
35490  -28.248  -43.726  57.388 0.0000000000
36309  -29.691  -43.476  57.228 0.0000000000
38786  -35.086  -39.750  54.276 0.0000000000
38801  -34.272  -39.484  53.790 0.0000000000
39718  -35.422  -39.114  52.116 0.0000000000
106836  -34.652  -39.062  51.897 0.0000000000
45754  -52.659  -31.772  57.521 0.0000000000
45761  -52.483  -32.110  57.173 0.0000000000
44892  -52.149  -32.445  56.102 0.0000000000
44881  -52.409  -32.110  56.519 0.0000000000
45773  -52.529  -31.755  56.366 0.0000000000
45781  -52.486  -31.586  55.874 0.0000000000
46590  -53.342  -30.545  56.302 0.0000000000
46606  -53.276  -30.603  55.935 0.0000000000
46605  -52.780  -31.196  55.661 0.0000000000
46624  -53.194  -30.715  54.837 0.0000000000
47466  -53.156  -30.443  54.510 0.0000000000
47478  -52.993  -30.204  54.237 0.0000000000
122141  -51.026  -26.185  52.788 0.0000000000
50124  -49.974  -27.096  51.795 0.0000000000
50123  -49.371  -27.436  51.353 0.0000000000
50135  -49.077  -27.292  50.700 0.0000000000
51013  -49.522  -26.429  49.266 0.0000000000
112695  -49.704  -26.100  48.556 0.0000000000
51883  -49.786  -25.431  47.360 0.0000000000
52801  -54.694  -23.588  45.952 0.0000000000
53799  -54.134  -23.405  45.251 0.0000000000
34482  -20.811  -45.222  71.313 0.0000000000
34492  -20.782  -45.043  70.512 0.0000000000
119812  -20.535  -45.077  70.044 0.0000000000
34540  -20.845  -44.516  67.776 0.0000000000
108914  -25.243  -44.391  66.591 0.0000000000
35384  -24.872  -44.815  65.385 0.0000000000
33828  -24.545  -45.970  64.775 0.0000000000
32428  -22.556  -48.891  63.103 0.0000000000
31693  -22.353  -49.575  63.942 0.0000000000
31002  -22.250  -50.255  64.607 0.0000000000
35372  -29.635  -43.800  66.986 0.0000000000
34555  -29.037  -45.224  66.526 0.0000000000
33813  -28.645  -45.769  65.963 0.0000000000
34565  -28.402  -45.293  65.353 0.0000000000
33104  -28.010  -47.307  65.528 0.0000000000
39721  -39.533  -38.492  53.062 0.0000000000
39722  -40.704  -38.127  53.633 0.0000000000
40566  -41.446  -37.935  54.082 0.0000000000
119042  -41.967  -37.911  54.259 0.0000000000
104733  -41.998  -39.633  55.878 0.0000000000
39694  -42.625  -38.542  55.560 0.0000000000
39701  -42.418  -38.394  55.041 0.0000000000
42148  -43.886  -36.203  55.375 0.0000000000
42144  -44.422  -36.508  55.923 0.0000000000
122312  -44.443  -35.915  55.566 0.0000000000
43014  -45.999  -35.358  55.736 0.0000000000
43015  -46.979  -35.272  55.776 0.0000000000
105994  -37.831  -44.671  66.831 0.0000000000
33800  -37.160  -44.824  66.363 0.0000000000
104131  -38.001  -44.605  66.370 0.0000000000
33832  -37.140  -44.945  65.409 0.0000000000
34582  -37.047  -44.891  64.634 0.0000000000
34583  -37.791  -44.771  64.732 0.0000000000
34602  -36.797  -44.809  63.786 0.0000000000
34621  -36.471  -44.835  63.048 0.0000000000
35422  -36.040  -44.349  62.653 0.0000000000
35439  -35.616  -43.945  62.073 0.0000000000
35427  -40.226  -43.633  62.925 0.0000000000
35426  -39.416  -43.704  62.717 0.0000000000
35425  -38.515  -43.874  62.510 0.0000000000
36263  -38.224  -43.337  61.785 0.0000000000
124251  -37.973  -43.836  62.172 0.0000000000
35440  -36.472  -43.906  61.993 0.0000000000
35452  -35.280  -43.650  61.532 0.0000000000
36290  -34.371  -42.926  59.625 0.0000000000
123430  -33.347  -42.206  57.987 0.0000000000
37103  -32.298  -41.773  56.941 0.0000000000
37104  -33.235  -41.576  56.824 0.0000000000
37929  -33.916  -41.194  56.267 0.0000000000
37942  -34.424  -40.642  55.779 0.0000000000
37934  -38.473  -40.595  56.856 0.0000000000
37933  -37.662  -40.591  56.676 0.0000000000
37932  -36.885  -40.590  56.411 0.0000000000
38771  -36.061  -40.254  55.331 0.0000000000
38787  -35.737  -40.025  54.623 0.0000000000
38803  -37.015  -39.296  54.128 0.0000000000
38804  -37.904  -39.422  54.253 0.0000000000
39708  -37.646  -38.905  53.555 0.0000000000
118011  -38.205  -38.699  53.029 0.0000000000
51861  -53.671  -25.321  49.634 0.0000000000
51841  -55.172  -25.094  50.317 0.0000000000
51863  -55.501  -25.073  49.509 0.0000000000
51876  -55.835  -24.880  48.759 0.0000000000
52761  -58.048  -24.357  48.552 0.0000000000
52771  -57.509  -24.459  47.613 0.0000000000
111932  -56.006  -24.078  46.619 0.0000000000
52803  -56.525  -23.700  45.977 0.0000000000
53816  -57.678  -23.249  44.828 0.0000000000
53815  -56.864  -23.104  44.559 0.0000000000
36930  -24.035  -42.153  72.680 0.0000000000
123200  -24.546  -42.399  72.219 0.0000000000
36129  -24.829  -42.911  71.069 0.0000000000
36120  -25.787  -43.190  72.330 0.0000000000
36162  -25.377  -43.490  69.084 0.0000000000
34450  -27.607  -44.942  73.934 0.0000000000
34483  -26.808  -45.288  71.190 0.0000000000
33749  -27.018  -45.959  71.201 0.0000000000
35305  -26.530  -44.734  70.635 0.0000000000
34524  -26.018  -44.906  67.807 0.0000000000
33778  -25.740  -46.698  68.358 0.0000000000
33790  -25.514  -46.629  67.510 0.0000000000
121050  -25.336  -46.684  66.853 0.0000000000
33089  -24.875  -47.355  65.872 0.0000000000
32403  -24.721  -47.999  65.717 0.0000000000
112195  -27.321  -45.872  62.706 0.0000000000
41401  -39.739  -37.043  50.005 0.0000000000
122689  -41.482  -36.240  52.598 0.0000000000
41394  -41.046  -36.103  50.738 0.0000000000
44932  -46.733  -33.067  50.456 0.0000000000
103759  -49.243  -33.271  48.881 0.0000000000
36122  -30.922  -42.748  72.352 0.0000000000
36133  -30.974  -42.728  71.488 0.0000000000
36148  -30.922  -42.801  70.526 0.0000000000
36193  -30.238  -43.309  68.037 0.0000000000
36180  -33.998  -42.791  68.983 0.0000000000
36984  -33.198  -42.550  68.707 0.0000000000
36983  -32.416  -42.480  68.509 0.0000000000
36993  -30.128  -43.186  67.222 0.0000000000
36207  -29.670  -43.030  66.316 0.0000000000
36219  -29.381  -43.112  65.409 0.0000000000
33799  -36.878  -45.258  66.226 0.0000000000
33814  -36.381  -45.182  65.889 0.0000000000
34568  -35.579  -45.204  65.625 0.0000000000
34581  -35.248  -45.348  64.957 0.0000000000
34567  -34.735  -45.198  65.283 0.0000000000
34566  -33.919  -45.056  64.960 0.0000000000
35400  -33.389  -44.545  64.524 0.0000000000
35399  -32.816  -44.096  64.096 0.0000000000
34636  -33.583  -45.007  61.971 0.0000000000
34618  -33.308  -45.044  62.414 0.0000000000
34617  -32.849  -45.005  62.569 0.0000000000
35409  -32.710  -44.516  63.171 0.0000000000
36249  -30.312  -42.810  62.246 0.0000000000
103197  -28.969  -42.686  62.957 0.0000000000
35418  -28.292  -43.124  62.695 0.0000000000
38800  -33.286  -39.569  53.646 0.0000000000
37065  -44.290  -41.476  61.185 0.0000000000
37881  -44.723  -41.065  60.521 0.0000000000
37874  -45.016  -41.222  61.307 0.0000000000
37867  -45.518  -40.286  62.388 0.0000000000
35276  -21.500  -44.130  72.475 0.0000000000
36117  -21.781  -43.268  72.753 0.0000000000
36108  -22.453  -42.479  72.739 0.0000000000
113732  -23.152  -42.156  72.928 0.0000000000
105609  -25.114  -42.379  75.472 0.0000000000
117100  -26.648  -43.202  74.773 0.0000000000
36089  -26.947  -43.088  74.766 0.0000000000
36090  -27.474  -43.252  74.577 0.0000000000
35237  -27.524  -43.934  74.367 0.0000000000
35238  -27.968  -44.174  74.408 0.0000000000
35239  -28.733  -44.387  73.805 0.0000000000
124431  -29.276  -44.136  74.583 0.0000000000
118518  -30.025  -43.717  74.734 0.0000000000
36934  -33.100  -41.204  71.485 0.0000000000
36948  -33.075  -41.467  71.305 0.0000000000
36134  -35.329  -43.039  70.539 0.0000000000
115185  -35.653  -43.591  69.921 0.0000000000
35307  -35.873  -44.709  70.078 0.0000000000
34510  -36.163  -45.209  69.718 0.0000000000
124692  -36.782  -44.963  70.272 0.0000000000
34496  -36.691  -45.193  70.010 0.0000000000
34511  -36.910  -44.674  68.731 0.0000000000
122178  -38.055  -44.665  67.245 0.0000000000
109587  -38.533  -44.383  68.405 0.0000000000
116957  -38.472  -44.579  67.901 0.0000000000
33819  -40.150  -45.074  65.990 0.0000000000
34569  -39.860  -45.038  65.548 0.0000000000
34607  -41.136  -44.624  64.400 0.0000000000
34588  -42.352  -44.616  64.882 0.0000000000
113620  -41.990  -44.278  64.255 0.0000000000
35429  -41.778  -43.571  63.519 0.0000000000
36253  -42.323  -43.176  63.068 0.0000000000
36268  -43.185  -42.480  62.204 0.0000000000
37893  -44.711  -40.087  60.181 0.0000000000
38745  -45.183  -39.292  59.393 0.0000000000
121357  -46.112  -39.344  61.008 0.0000000000
38731  -46.071  -39.074  60.432 0.0000000000
38754  -45.414  -38.694  58.592 0.0000000000
38746  -45.711  -38.542  58.653 0.0000000000
39681  -45.698  -38.382  58.401 0.0000000000
40488  -47.521  -38.020  61.603 0.0000000000
39647  -47.508  -38.089  61.069 0.0000000000
41300  -48.108  -37.255  61.300 0.0000000000
124959  -47.743  -37.690  60.821 0.0000000000
39672  -47.126  -37.998  60.451 0.0000000000
39682  -46.390  -38.236  59.207 0.0000000000
40545  -46.090  -38.173  58.401 0.0000000000
41361  -45.903  -37.877  57.893 0.0000000000
42122  -46.419  -36.836  57.776 0.0000000000
42106  -47.507  -36.322  58.728 0.0000000000
42123  -47.153  -35.967  58.003 0.0000000000
43001  -47.295  -35.219  56.595 0.0000000000
42957  -48.974  -34.103  58.708 0.0000000000
42985  -49.524  -33.468  57.853 0.0000000000
42984  -49.061  -34.257  57.778 0.0000000000
43016  -47.963  -35.207  55.874 0.0000000000
105252  -48.809  -35.191  54.163 0.0000000000
43027  -49.953  -34.136  55.031 0.0000000000
43036  -49.459  -35.086  53.772 0.0000000000
43979  -49.202  -33.762  53.404 0.0000000000
43989  -49.766  -33.086  52.622 0.0000000000
43962  -51.825  -32.815  55.814 0.0000000000
43967  -51.643  -32.851  55.485 0.0000000000
43974  -51.440  -32.766  54.785 0.0000000000
44912  -52.132  -32.020  54.710 0.0000000000
43981  -50.262  -32.950  53.811 0.0000000000
44924  -50.500  -32.862  51.698 0.0000000000
103972  -51.485  -32.914  50.437 0.0000000000
44937  -51.788  -32.452  50.868 0.0000000000
44948  -51.245  -32.759  49.673 0.0000000000
45811  -51.328  -32.308  49.547 0.0000000000
105513  -53.484  -29.453  54.703 0.0000000000
48362  -52.597  -30.237  53.735 0.0000000000
49210  -52.256  -28.622  53.722 0.0000000000
48345  -52.550  -29.549  53.849 0.0000000000
47489  -51.961  -30.946  52.667 0.0000000000
47504  -51.561  -31.020  51.765 0.0000000000
47520  -51.767  -31.496  50.771 0.0000000000
47488  -51.378  -31.031  50.758 0.0000000000
47519  -51.528  -31.411  50.029 0.0000000000
46681  -50.552  -31.777  48.506 0.0000000000
47534  -49.287  -30.801  48.187 0.0000000000
49254  -47.961  -28.395  49.819 0.0000000000
50163  -47.879  -27.432  48.494 0.0000000000
49268  -47.423  -28.735  48.527 0.0000000000
112248  -53.149  -25.435  49.063 0.0000000000
107688  -52.235  -25.159  48.320 0.0000000000
51897  -49.555  -25.291  46.535 0.0000000000
52798  -51.841  -24.216  45.978 0.0000000000
52779  -50.996  -24.619  46.406 0.0000000000
33759  -19.894  -46.404  70.724 0.0000000000
33758  -19.673  -46.215  69.654 0.0000000000
33776  -19.217  -46.446  68.887 0.0000000000
32427  -18.263  -48.353  63.203 0.0000000000
33124  -18.476  -47.667  63.703 0.0000000000
115817  -23.363  -43.149  69.276 0.0000000000
35319  -22.448  -43.555  69.095 0.0000000000
35368  -21.574  -44.094  67.176 0.0000000000
34563  -20.940  -44.698  65.849 0.0000000000
36192  -24.373  -43.783  66.511 0.0000000000
35370  -23.954  -43.788  65.836 0.0000000000
35369  -23.117  -43.642  66.147 0.0000000000
113770  -22.462  -43.899  65.854 0.0000000000
34562  -20.204  -45.520  64.680 0.0000000000
33845  -19.863  -45.930  63.105 0.0000000000
33857  -19.704  -46.540  61.891 0.0000000000
33143  -20.005  -46.855  61.146 0.0000000000
120064  -19.598  -47.434  60.928 0.0000000000
31704  -22.519  -48.971  62.045 0.0000000000
35293  -30.063  -44.452  72.270 0.0000000000
34494  -29.722  -44.965  70.522 0.0000000000
33762  -29.291  -45.336  70.888 0.0000000000
115178  -28.103  -46.501  69.889 0.0000000000
34526  -29.273  -44.800  68.052 0.0000000000
120695  -28.946  -46.587  68.324 0.0000000000
33091  -28.561  -46.858  67.295 0.0000000000
33073  -28.616  -46.877  68.626 0.0000000000
108974  -28.121  -47.052  69.023 0.0000000000
32368  -27.517  -47.215  68.847 0.0000000000
32374  -26.526  -47.362  68.283 0.0000000000
116259  -26.237  -47.230  67.529 0.0000000000
32389  -25.927  -47.429  66.507 0.0000000000
124653  -27.471  -46.543  62.911 0.0000000000
33138  -27.598  -47.166  63.091 0.0000000000
33116  -27.842  -47.330  63.962 0.0000000000
32424  -27.466  -48.308  64.056 0.0000000000
31690  -26.906  -48.719  64.392 0.0000000000
31681  -26.656  -48.583  65.009 0.0000000000
105186  -24.227  -48.750  65.329 0.0000000000
32444  -21.661  -48.235  60.261 0.0000000000
33142  -19.364  -47.193  61.562 0.0000000000
33816  -37.473  -44.760  65.948 0.0000000000
33844  -19.281  -46.396  63.611 0.0000000000
34495  -36.069  -45.154  70.121 0.0000000000
34558  -40.746  -45.274  66.123 0.0000000000
34572  -42.031  -45.133  65.544 0.0000000000
34574  -20.606  -45.349  63.967 0.0000000000
34593  -21.081  -45.295  63.172 0.0000000000
34613  -21.245  -45.530  62.394 0.0000000000
35394  -21.950  -44.574  64.093 0.0000000000
35395  -22.882  -44.283  64.267 0.0000000000
37876  -45.597  -39.849  61.718 0.0000000000
38738  -46.519  -38.516  60.303 0.0000000000
39661  -47.488  -37.876  60.632 0.0000000000
40477  -47.971  -37.519  61.775 0.0000000000
40502  -47.901  -37.533  60.843 0.0000000000
43018  -49.914  -33.877  55.599 0.0000000000
43921  -51.298  -32.456  58.383 0.0000000000
43968  -51.895  -32.516  55.430 0.0000000000
45762  -52.644  -31.809  56.934 0.0000000000
46615  -52.866  -31.240  55.033 0.0000000000
47431  -53.566  -30.086  56.326 0.0000000000
47457  -53.591  -30.091  55.575 0.0000000000
48335  -53.670  -29.652  55.229 0.0000000000
104684  -51.137  -33.005  51.066 0.0000000000
108613  -45.378  -38.484  58.298 0.0000000000
119241  -52.341  -32.162  57.818 0.0000000000
119742  -20.514  -45.637  62.711 0.0000000000
120320  -22.858  -49.368  65.529 0.0000000000
123404  -37.945  -41.757  59.307 0.0000000000
124301  -38.220  -44.663  66.964 0.0000000000
124467  -46.466  -39.335  62.317 0.0000000000
124750  -40.224  -45.137  65.149 0.0000000000
