#!ascii label  , from subject Paciente_3 vox2ras=TkReg
1279
46654  -42.325  -31.563  50.374 0.0000000000
56566  -56.767  -20.806  44.387 0.0000000000
53777  -47.573  -23.545  47.497 0.0000000000
33024  -12.626  -47.354  73.309 0.0000000000
47404  -39.449  -29.957  56.874 0.0000000000
38589  -26.546  -40.929  70.208 0.0000000000
39537  -35.391  -39.942  67.528 0.0000000000
40487  -41.486  -38.616  61.549 0.0000000000
43885  -42.860  -34.306  61.255 0.0000000000
37002  -19.630  -42.935  66.359 0.0000000000
110247  -21.809  -40.658  70.884 0.0000000000
37836  -23.575  -41.509  65.417 0.0000000000
106237  -31.764  -39.826  63.160 0.0000000000
39625  -36.621  -39.790  62.476 0.0000000000
46557  -44.669  -31.690  58.144 0.0000000000
47456  -47.436  -30.775  54.606 0.0000000000
54819  -52.293  -22.453  46.058 0.0000000000
50161  -45.407  -27.549  48.442 0.0000000000
57428  -54.968  -19.721  40.364 0.0000000000
35233  -9.024  -45.676  75.309 0.0000000000
48223  -42.081  -29.829  60.808 0.0000000000
47461  -39.929  -30.541  54.031 0.0000000000
121163  -28.058  -39.196  64.037 0.0000000000
40394  -30.607  -39.697  68.533 0.0000000000
51798  -48.743  -26.176  52.259 0.0000000000
57487  -61.799  -19.296  35.301 0.0000000000
40514  -39.584  -38.304  59.727 0.0000000000
107484  -41.560  -36.799  59.121 0.0000000000
104923  -21.479  -41.893  65.891 0.0000000000
39657  -34.601  -39.705  60.106 0.0000000000
125180  -37.426  -39.025  59.905 0.0000000000
39644  -38.895  -39.616  61.460 0.0000000000
124648  -43.039  -31.970  54.528 0.0000000000
46603  -46.328  -32.006  55.787 0.0000000000
47474  -44.537  -30.872  52.715 0.0000000000
123464  -54.542  -21.826  44.895 0.0000000000
55695  -54.480  -21.978  47.450 0.0000000000
57389  -58.813  -19.819  43.525 0.0000000000
34477  -10.563  -45.547  71.713 0.0000000000
34446  -10.966  -46.216  74.502 0.0000000000
46548  -41.192  -31.726  59.037 0.0000000000
46536  -42.078  -31.420  61.337 0.0000000000
107670  -40.787  -29.725  58.981 0.0000000000
48282  -41.550  -29.538  57.293 0.0000000000
49178  -39.448  -28.899  56.004 0.0000000000
39493  -24.285  -40.231  70.614 0.0000000000
39444  -22.906  -40.253  73.227 0.0000000000
111251  -25.858  -40.517  73.105 0.0000000000
38562  -28.202  -40.970  72.500 0.0000000000
39638  -26.719  -39.552  61.339 0.0000000000
111055  -28.084  -37.731  61.598 0.0000000000
104612  -33.556  -40.663  64.960 0.0000000000
105962  -31.356  -39.410  65.661 0.0000000000
40407  -33.149  -39.489  67.814 0.0000000000
40379  -32.284  -39.260  70.218 0.0000000000
34502  -16.595  -46.422  68.809 0.0000000000
109485  -17.661  -45.591  71.837 0.0000000000
33728  -17.667  -46.456  74.076 0.0000000000
51869  -45.917  -25.954  47.984 0.0000000000
107868  -46.966  -27.034  50.073 0.0000000000
52732  -47.952  -24.986  49.990 0.0000000000
58386  -63.271  -18.119  34.193 0.0000000000
33706  -13.087  -47.329  76.514 0.0000000000
111022  -42.100  -38.317  64.341 0.0000000000
42054  -42.544  -36.253  63.215 0.0000000000
42078  -42.709  -36.400  61.301 0.0000000000
43919  -41.884  -34.489  58.195 0.0000000000
121084  -19.413  -43.390  69.001 0.0000000000
37776  -20.121  -42.272  71.095 0.0000000000
37807  -20.948  -41.945  68.145 0.0000000000
38635  -22.959  -41.071  67.853 0.0000000000
38637  -24.893  -40.989  67.347 0.0000000000
41297  -29.501  -38.364  61.480 0.0000000000
39654  -31.960  -39.654  60.858 0.0000000000
103765  -34.140  -40.343  63.016 0.0000000000
105368  -35.645  -40.565  64.543 0.0000000000
39593  -38.131  -40.255  63.834 0.0000000000
117865  -40.314  -40.192  63.535 0.0000000000
36203  -17.612  -44.162  66.301 0.0000000000
48241  -45.627  -30.770  60.612 0.0000000000
48218  -48.976  -31.085  61.073 0.0000000000
47381  -47.329  -31.138  59.646 0.0000000000
47411  -49.095  -30.381  56.876 0.0000000000
54803  -49.946  -22.654  46.845 0.0000000000
54778  -49.878  -22.881  49.127 0.0000000000
122460  -52.011  -22.562  48.423 0.0000000000
34401  -6.295  -45.204  81.113 0.0000000000
48397  -43.611  -29.961  49.226 0.0000000000
51030  -44.260  -26.297  46.412 0.0000000000
54843  -47.308  -22.838  44.754 0.0000000000
54858  -49.406  -22.419  43.662 0.0000000000
55744  -51.846  -21.678  43.126 0.0000000000
122904  -53.660  -20.957  43.033 0.0000000000
57403  -55.467  -19.705  42.039 0.0000000000
108298  -53.137  -19.511  41.138 0.0000000000
34428  -12.024  -46.360  78.115 0.0000000000
34420  -9.507  -46.409  78.794 0.0000000000
34409  -7.746  -46.069  79.748 0.0000000000
45681  -45.302  -32.647  64.428 0.0000000000
43845  -42.986  -34.263  64.012 0.0000000000
45708  -43.735  -32.028  63.590 0.0000000000
48213  -44.591  -30.161  62.396 0.0000000000
48256  -43.792  -30.162  59.494 0.0000000000
47425  -42.637  -30.912  56.280 0.0000000000
46630  -41.044  -31.932  52.555 0.0000000000
38538  -21.142  -40.987  73.893 0.0000000000
38671  -25.823  -41.379  65.061 0.0000000000
38658  -27.277  -40.718  66.514 0.0000000000
40454  -29.555  -38.571  63.776 0.0000000000
39567  -29.295  -39.066  65.872 0.0000000000
38609  -29.108  -40.673  69.702 0.0000000000
39482  -30.508  -39.649  71.266 0.0000000000
34487  -12.483  -46.256  70.530 0.0000000000
33765  -14.582  -47.262  69.460 0.0000000000
104920  -14.549  -48.269  71.976 0.0000000000
49229  -45.835  -28.848  51.526 0.0000000000
50097  -47.897  -28.089  53.877 0.0000000000
50904  -50.026  -26.665  55.139 0.0000000000
53736  -49.905  -23.751  51.185 0.0000000000
58293  -57.667  -19.550  41.658 0.0000000000
58307  -59.680  -18.834  40.821 0.0000000000
58328  -61.015  -18.883  38.929 0.0000000000
57470  -59.790  -19.629  36.573 0.0000000000
58342  -63.335  -18.622  37.720 0.0000000000
41323  -38.281  -38.237  58.913 0.0000000000
41341  -39.636  -37.385  58.478 0.0000000000
41360  -38.246  -37.374  57.577 0.0000000000
103376  -35.890  -38.969  58.913 0.0000000000
40530  -37.433  -38.501  58.671 0.0000000000
40513  -38.689  -38.639  59.682 0.0000000000
46632  -42.910  -31.849  52.776 0.0000000000
47463  -44.555  -31.503  53.593 0.0000000000
47473  -43.755  -31.213  52.264 0.0000000000
112000  -54.925  -21.497  44.333 0.0000000000
111340  -56.032  -21.791  45.959 0.0000000000
56552  -56.531  -21.496  45.219 0.0000000000
106587  -58.123  -20.812  45.334 0.0000000000
56582  -57.290  -20.180  44.015 0.0000000000
33734  -11.813  -46.306  72.122 0.0000000000
113365  -10.746  -45.984  72.943 0.0000000000
33726  -12.029  -46.824  73.433 0.0000000000
46555  -40.352  -30.850  57.985 0.0000000000
106375  -40.711  -30.714  58.857 0.0000000000
48270  -40.296  -29.626  57.877 0.0000000000
49142  -40.119  -29.077  57.047 0.0000000000
49163  -39.005  -29.001  56.117 0.0000000000
35264  -18.371  -44.230  73.603 0.0000000000
38588  -25.649  -40.614  70.125 0.0000000000
39462  -24.820  -40.041  72.188 0.0000000000
39480  -26.285  -40.614  71.728 0.0000000000
39464  -26.488  -40.686  72.593 0.0000000000
38572  -26.918  -40.859  71.051 0.0000000000
39552  -34.635  -40.772  66.012 0.0000000000
39551  -33.431  -40.003  66.584 0.0000000000
39536  -34.544  -39.903  67.425 0.0000000000
40398  -33.843  -39.452  68.951 0.0000000000
36125  -18.213  -44.346  70.994 0.0000000000
36115  -18.406  -44.419  71.731 0.0000000000
35263  -17.983  -44.900  73.139 0.0000000000
45697  -46.646  -32.679  63.190 0.0000000000
52765  -46.582  -24.458  47.390 0.0000000000
52749  -47.279  -25.232  48.773 0.0000000000
52759  -47.565  -24.491  48.457 0.0000000000
40474  -41.706  -38.746  62.367 0.0000000000
42068  -42.382  -37.271  62.417 0.0000000000
41299  -41.870  -37.873  61.192 0.0000000000
42954  -41.699  -35.352  58.081 0.0000000000
43937  -41.044  -34.447  57.183 0.0000000000
44869  -41.244  -33.078  57.807 0.0000000000
36980  -19.263  -43.416  67.902 0.0000000000
36967  -20.098  -42.765  69.234 0.0000000000
36992  -20.445  -42.492  67.767 0.0000000000
37835  -22.778  -41.623  65.133 0.0000000000
104735  -21.946  -41.640  66.656 0.0000000000
38653  -23.309  -41.438  67.099 0.0000000000
38636  -23.885  -41.075  67.694 0.0000000000
38654  -24.164  -41.385  66.821 0.0000000000
40509  -31.273  -38.986  59.404 0.0000000000
39642  -35.930  -39.675  61.251 0.0000000000
119238  -34.746  -39.747  61.154 0.0000000000
39641  -35.278  -39.811  62.018 0.0000000000
103766  -34.504  -40.506  63.629 0.0000000000
39608  -36.466  -39.886  63.339 0.0000000000
119271  -36.862  -40.174  64.649 0.0000000000
120641  -37.269  -39.822  62.947 0.0000000000
39628  -39.814  -39.442  61.501 0.0000000000
39611  -39.678  -39.998  62.954 0.0000000000
40473  -40.871  -39.301  62.028 0.0000000000
39613  -41.290  -39.701  63.510 0.0000000000
37001  -18.899  -43.337  65.953 0.0000000000
110163  -44.923  -31.451  58.864 0.0000000000
47368  -46.766  -31.146  60.570 0.0000000000
46558  -45.553  -31.749  58.504 0.0000000000
47444  -46.852  -31.551  54.958 0.0000000000
46588  -47.410  -31.636  56.446 0.0000000000
47446  -48.871  -30.591  55.753 0.0000000000
47430  -49.416  -30.382  56.184 0.0000000000
117850  -48.557  -29.743  54.856 0.0000000000
54817  -50.396  -22.522  46.093 0.0000000000
54804  -50.311  -22.683  47.650 0.0000000000
112392  -51.822  -22.489  46.901 0.0000000000
55686  -56.245  -21.953  49.154 0.0000000000
54844  -47.888  -22.682  44.423 0.0000000000
54857  -48.266  -22.504  43.601 0.0000000000
55757  -50.361  -21.431  42.335 0.0000000000
56576  -51.819  -21.048  42.473 0.0000000000
56577  -52.743  -21.146  42.927 0.0000000000
56596  -52.460  -20.508  42.152 0.0000000000
57400  -52.900  -19.887  41.682 0.0000000000
34455  -9.383  -45.439  73.807 0.0000000000
117250  -8.690  -45.462  75.935 0.0000000000
33702  -14.051  -47.154  78.517 0.0000000000
33700  -12.703  -46.730  77.399 0.0000000000
33696  -13.451  -46.686  79.057 0.0000000000
33685  -11.269  -46.853  79.479 0.0000000000
118087  -9.566  -46.854  79.738 0.0000000000
34415  -9.124  -46.601  79.357 0.0000000000
124094  -8.630  -46.681  80.114 0.0000000000
33683  -7.904  -46.536  80.160 0.0000000000
42895  -42.684  -35.510  62.599 0.0000000000
42879  -42.751  -35.223  63.593 0.0000000000
43876  -42.841  -33.989  62.155 0.0000000000
114803  -41.854  -30.482  61.212 0.0000000000
46530  -42.928  -31.443  61.840 0.0000000000
47352  -42.815  -30.056  61.799 0.0000000000
47342  -44.499  -30.447  62.744 0.0000000000
120341  -43.249  -29.886  61.358 0.0000000000
104295  -43.881  -29.858  61.105 0.0000000000
104292  -42.957  -29.782  59.773 0.0000000000
48317  -40.600  -29.682  55.370 0.0000000000
48302  -42.196  -30.134  56.738 0.0000000000
47452  -41.283  -30.579  54.847 0.0000000000
46609  -41.639  -31.537  54.230 0.0000000000
47462  -40.755  -31.123  54.055 0.0000000000
38569  -21.162  -41.136  71.121 0.0000000000
37753  -20.661  -41.618  72.461 0.0000000000
38560  -21.671  -40.769  72.282 0.0000000000
40451  -27.441  -39.348  62.769 0.0000000000
38708  -26.360  -40.536  62.809 0.0000000000
39583  -27.169  -40.410  63.975 0.0000000000
108799  -26.751  -40.859  66.066 0.0000000000
39565  -27.913  -39.983  65.245 0.0000000000
40483  -30.294  -39.036  61.848 0.0000000000
41271  -29.648  -38.457  63.008 0.0000000000
40455  -30.264  -38.868  63.625 0.0000000000
40417  -30.536  -39.237  66.846 0.0000000000
108982  -30.056  -38.949  66.098 0.0000000000
40404  -30.033  -39.173  67.325 0.0000000000
39518  -28.873  -40.190  67.953 0.0000000000
39520  -30.041  -39.832  68.669 0.0000000000
39496  -29.670  -40.186  70.220 0.0000000000
39509  -30.533  -39.727  69.283 0.0000000000
117736  -38.400  -40.972  66.239 0.0000000000
33766  -15.451  -47.229  69.446 0.0000000000
33049  -15.386  -47.682  70.578 0.0000000000
33038  -14.608  -47.853  71.079 0.0000000000
33014  -18.553  -47.229  75.385 0.0000000000
49251  -44.788  -28.955  49.212 0.0000000000
48383  -44.709  -29.483  50.652 0.0000000000
49252  -45.462  -28.620  49.577 0.0000000000
51816  -47.999  -26.349  51.461 0.0000000000
50115  -47.668  -27.419  52.315 0.0000000000
50929  -48.167  -26.952  52.783 0.0000000000
50098  -48.676  -27.753  54.331 0.0000000000
119244  -49.522  -26.224  53.755 0.0000000000
103303  -50.828  -22.801  50.301 0.0000000000
53750  -49.650  -23.526  50.370 0.0000000000
54768  -51.052  -22.934  51.151 0.0000000000
57420  -55.332  -19.827  41.273 0.0000000000
57421  -56.275  -19.511  41.590 0.0000000000
105627  -55.827  -19.729  40.698 0.0000000000
57439  -58.249  -19.833  39.897 0.0000000000
57440  -59.103  -19.900  39.357 0.0000000000
58319  -60.675  -19.291  39.667 0.0000000000
57449  -59.473  -19.826  38.425 0.0000000000
58369  -59.794  -18.653  35.355 0.0000000000
57484  -59.508  -19.191  35.906 0.0000000000
57471  -60.855  -19.708  36.402 0.0000000000
57459  -61.608  -19.392  37.166 0.0000000000
57473  -62.751  -18.931  35.961 0.0000000000
114264  -63.809  -18.642  35.695 0.0000000000
112345  -65.066  -18.414  33.660 0.0000000000
40501  -40.606  -38.507  60.484 0.0000000000
41311  -41.201  -38.011  60.133 0.0000000000
41325  -40.063  -37.708  59.195 0.0000000000
106644  -40.638  -36.410  57.762 0.0000000000
37013  -20.214  -42.601  65.752 0.0000000000
40512  -35.037  -39.312  58.799 0.0000000000
39670  -36.133  -39.382  59.791 0.0000000000
111898  -36.818  -39.493  60.936 0.0000000000
104454  -37.387  -39.748  62.124 0.0000000000
40485  -38.286  -39.376  61.099 0.0000000000
104119  -39.074  -39.036  61.015 0.0000000000
46584  -43.855  -31.953  56.029 0.0000000000
46586  -45.667  -32.204  56.648 0.0000000000
46601  -44.552  -32.154  55.447 0.0000000000
47454  -45.360  -31.448  54.011 0.0000000000
47465  -46.088  -30.624  53.769 0.0000000000
55716  -52.742  -22.270  45.231 0.0000000000
54807  -53.664  -22.079  46.938 0.0000000000
55706  -54.474  -21.863  46.541 0.0000000000
105741  -55.908  -21.993  47.304 0.0000000000
57390  -59.650  -19.745  43.193 0.0000000000
34456  -10.157  -45.775  73.309 0.0000000000
34438  -10.377  -46.057  75.171 0.0000000000
44847  -42.316  -32.963  60.118 0.0000000000
45736  -42.501  -32.579  60.968 0.0000000000
46549  -41.430  -31.363  59.975 0.0000000000
46541  -41.369  -30.572  60.103 0.0000000000
48236  -41.140  -29.737  59.361 0.0000000000
49113  -41.451  -29.187  58.922 0.0000000000
49124  -40.887  -28.972  58.472 0.0000000000
49166  -40.822  -29.164  56.893 0.0000000000
49197  -39.983  -29.196  55.141 0.0000000000
39491  -22.998  -40.015  71.080 0.0000000000
39476  -22.681  -40.149  71.731 0.0000000000
103937  -23.923  -39.952  72.093 0.0000000000
119094  -24.336  -40.007  72.785 0.0000000000
39449  -27.255  -41.048  73.676 0.0000000000
41281  -27.531  -38.218  61.646 0.0000000000
40452  -28.043  -38.720  63.330 0.0000000000
122235  -32.426  -39.989  63.671 0.0000000000
39586  -31.481  -39.535  64.844 0.0000000000
39568  -32.080  -39.814  65.427 0.0000000000
40419  -32.108  -39.507  66.768 0.0000000000
106777  -31.808  -39.350  68.114 0.0000000000
40385  -31.847  -39.378  69.589 0.0000000000
106846  -32.774  -39.386  68.934 0.0000000000
105415  -16.849  -45.227  67.903 0.0000000000
35335  -16.982  -45.526  68.654 0.0000000000
34468  -17.298  -46.435  72.019 0.0000000000
33727  -17.135  -47.196  73.548 0.0000000000
34458  -17.787  -45.622  73.545 0.0000000000
51010  -45.652  -26.733  48.219 0.0000000000
50147  -46.475  -27.545  49.584 0.0000000000
50997  -46.675  -26.745  49.347 0.0000000000
51835  -47.825  -25.814  50.215 0.0000000000
51836  -48.352  -25.361  50.624 0.0000000000
57435  -54.020  -19.189  39.379 0.0000000000
106479  -55.603  -19.640  39.822 0.0000000000
57445  -55.596  -19.399  39.001 0.0000000000
58384  -61.110  -18.476  34.398 0.0000000000
57502  -62.617  -18.605  34.532 0.0000000000
59187  -61.753  -17.621  34.023 0.0000000000
60076  -62.598  -16.899  33.659 0.0000000000
33026  -13.849  -48.296  73.746 0.0000000000
33720  -12.775  -47.570  74.811 0.0000000000
103885  -42.703  -37.105  65.342 0.0000000000
42053  -42.433  -37.154  63.134 0.0000000000
42069  -42.605  -36.466  62.233 0.0000000000
42908  -42.906  -35.434  60.983 0.0000000000
42095  -42.295  -36.443  59.787 0.0000000000
42937  -42.749  -35.603  59.969 0.0000000000
44859  -42.560  -33.932  59.762 0.0000000000
44870  -41.819  -33.629  58.385 0.0000000000
108249  -40.830  -32.337  57.740 0.0000000000
107396  -18.987  -43.475  70.746 0.0000000000
36943  -19.620  -42.731  71.731 0.0000000000
104341  -19.663  -42.994  69.815 0.0000000000
36968  -20.756  -42.260  69.505 0.0000000000
37778  -21.390  -41.594  69.572 0.0000000000
37820  -21.183  -41.936  66.740 0.0000000000
38618  -21.912  -41.108  68.354 0.0000000000
38603  -22.642  -40.701  69.467 0.0000000000
38604  -23.371  -40.619  69.304 0.0000000000
38605  -24.670  -40.578  69.288 0.0000000000
117805  -26.025  -40.961  68.537 0.0000000000
40495  -30.296  -38.986  60.859 0.0000000000
39639  -31.821  -39.795  61.655 0.0000000000
39655  -33.000  -39.738  60.441 0.0000000000
39640  -32.687  -39.854  61.404 0.0000000000
39623  -32.612  -39.978  62.801 0.0000000000
39607  -33.710  -40.543  63.556 0.0000000000
39570  -34.297  -40.802  65.156 0.0000000000
39553  -35.612  -40.567  66.043 0.0000000000
39555  -36.749  -40.314  66.923 0.0000000000
39554  -36.491  -40.300  66.065 0.0000000000
109378  -37.869  -40.766  65.315 0.0000000000
122569  -38.643  -40.963  65.262 0.0000000000
39610  -38.681  -40.030  63.104 0.0000000000
39594  -39.251  -40.530  63.792 0.0000000000
38676  -40.205  -40.862  65.135 0.0000000000
39575  -40.962  -40.318  64.763 0.0000000000
36174  -17.935  -44.239  67.949 0.0000000000
48215  -46.541  -30.808  62.321 0.0000000000
47360  -46.967  -31.018  61.096 0.0000000000
113990  -48.248  -31.037  60.917 0.0000000000
48260  -49.172  -30.470  59.861 0.0000000000
46570  -47.059  -31.694  57.297 0.0000000000
47396  -48.194  -30.405  58.290 0.0000000000
54802  -48.313  -22.839  46.893 0.0000000000
53770  -48.439  -23.448  48.487 0.0000000000
108591  -49.475  -22.832  47.508 0.0000000000
54792  -50.523  -22.702  48.546 0.0000000000
54794  -52.179  -22.667  49.271 0.0000000000
55683  -53.795  -22.290  48.009 0.0000000000
111558  -53.058  -22.701  49.745 0.0000000000
47498  -42.208  -31.193  49.535 0.0000000000
47499  -42.903  -30.953  49.971 0.0000000000
118940  -42.854  -30.541  49.028 0.0000000000
122710  -43.319  -29.237  47.487 0.0000000000
50168  -43.897  -27.979  47.129 0.0000000000
51020  -44.654  -26.681  47.113 0.0000000000
51880  -44.893  -25.903  46.889 0.0000000000
120104  -45.892  -24.799  47.016 0.0000000000
53785  -46.530  -23.590  46.347 0.0000000000
53786  -47.049  -23.077  46.332 0.0000000000
54815  -48.588  -22.631  46.147 0.0000000000
54830  -48.981  -22.633  45.348 0.0000000000
54832  -50.860  -22.497  45.267 0.0000000000
121540  -49.717  -21.878  42.791 0.0000000000
54859  -50.353  -22.223  43.477 0.0000000000
55728  -52.231  -22.275  44.446 0.0000000000
55729  -53.129  -21.952  44.403 0.0000000000
56565  -54.379  -21.121  43.530 0.0000000000
113357  -55.301  -20.822  43.735 0.0000000000
118334  -55.744  -20.004  43.073 0.0000000000
57386  -54.901  -20.109  42.464 0.0000000000
57402  -54.651  -19.925  41.807 0.0000000000
57418  -53.581  -19.453  40.790 0.0000000000
58304  -53.350  -19.086  39.975 0.0000000000
33712  -12.214  -47.031  75.278 0.0000000000
121335  -11.563  -46.558  75.867 0.0000000000
34431  -10.204  -45.901  76.217 0.0000000000
33690  -12.752  -46.332  79.567 0.0000000000
119259  -10.713  -46.191  78.100 0.0000000000
34430  -9.620  -45.711  77.008 0.0000000000
35217  -8.944  -45.663  77.674 0.0000000000
35199  -7.732  -45.147  78.953 0.0000000000
118787  -7.026  -44.988  79.379 0.0000000000
34402  -6.878  -45.394  80.842 0.0000000000
125242  -45.543  -31.949  63.804 0.0000000000
43836  -43.406  -34.077  65.058 0.0000000000
44825  -42.856  -33.217  62.558 0.0000000000
45707  -43.455  -32.810  63.812 0.0000000000
45695  -44.582  -32.091  64.846 0.0000000000
47335  -45.257  -31.299  63.553 0.0000000000
47344  -45.554  -30.780  63.213 0.0000000000
48214  -45.332  -30.229  62.154 0.0000000000
48257  -44.640  -30.379  60.144 0.0000000000
47392  -44.233  -30.932  58.779 0.0000000000
48272  -42.515  -29.797  58.408 0.0000000000
48284  -43.153  -30.411  57.800 0.0000000000
47426  -43.331  -31.373  56.560 0.0000000000
46599  -42.714  -31.783  55.065 0.0000000000
46621  -42.184  -31.956  53.596 0.0000000000
110939  -41.835  -32.069  52.071 0.0000000000
49177  -38.377  -29.085  55.653 0.0000000000
49195  -38.363  -28.930  55.133 0.0000000000
48330  -38.789  -29.215  54.579 0.0000000000
47460  -38.727  -30.621  53.331 0.0000000000
47472  -39.068  -31.374  52.755 0.0000000000
46628  -39.294  -31.885  52.049 0.0000000000
104914  -40.151  -32.052  50.785 0.0000000000
46653  -41.509  -31.751  49.953 0.0000000000
39443  -22.326  -40.540  73.376 0.0000000000
38696  -24.305  -41.531  63.784 0.0000000000
119680  -25.147  -41.344  63.649 0.0000000000
38670  -25.011  -41.493  65.231 0.0000000000
105998  -25.317  -41.398  65.888 0.0000000000
38623  -26.422  -40.990  67.805 0.0000000000
38624  -26.773  -41.159  68.661 0.0000000000
41296  -28.893  -37.823  61.683 0.0000000000
41270  -28.968  -38.145  63.081 0.0000000000
120336  -28.917  -38.708  64.449 0.0000000000
40443  -30.179  -38.818  64.573 0.0000000000
40429  -29.730  -38.835  65.268 0.0000000000
39566  -28.618  -39.472  65.600 0.0000000000
39532  -28.471  -40.155  67.120 0.0000000000
38640  -28.024  -40.816  67.830 0.0000000000
106769  -28.135  -41.128  69.567 0.0000000000
38591  -28.498  -40.967  70.455 0.0000000000
103289  -29.448  -40.446  71.544 0.0000000000
34479  -12.127  -46.185  71.305 0.0000000000
107284  -12.537  -46.790  71.822 0.0000000000
33773  -14.192  -46.712  68.572 0.0000000000
34501  -13.212  -46.208  68.930 0.0000000000
33755  -13.213  -46.957  70.404 0.0000000000
104166  -13.824  -47.810  71.583 0.0000000000
104804  -13.880  -48.204  72.717 0.0000000000
32332  -14.748  -48.479  74.035 0.0000000000
33721  -17.367  -47.334  74.268 0.0000000000
48368  -44.367  -29.963  51.396 0.0000000000
48356  -45.578  -29.481  52.288 0.0000000000
48357  -46.267  -29.298  52.827 0.0000000000
50121  -46.233  -28.284  50.893 0.0000000000
116187  -46.850  -28.606  52.525 0.0000000000
48344  -47.505  -29.008  53.958 0.0000000000
49198  -48.388  -28.836  54.479 0.0000000000
53760  -48.680  -23.681  49.258 0.0000000000
52734  -49.168  -24.111  50.818 0.0000000000
52698  -49.222  -25.265  51.840 0.0000000000
112619  -57.028  -19.691  42.620 0.0000000000
57405  -57.754  -19.688  42.587 0.0000000000
58284  -59.065  -19.144  42.034 0.0000000000
57429  -56.732  -19.591  40.807 0.0000000000
112330  -58.351  -19.597  40.777 0.0000000000
58296  -60.178  -18.808  41.373 0.0000000000
58308  -60.351  -18.983  40.522 0.0000000000
58310  -62.011  -19.611  39.609 0.0000000000
113008  -58.945  -19.806  37.731 0.0000000000
57450  -60.406  -19.632  38.280 0.0000000000
58330  -62.874  -18.625  38.587 0.0000000000
58372  -64.604  -18.722  35.190 0.0000000000
41339  -37.870  -37.979  58.133 0.0000000000
41340  -38.729  -37.660  58.349 0.0000000000
121174  -36.681  -38.671  58.521 0.0000000000
111121  -42.425  -31.912  52.145 0.0000000000
46643  -43.060  -31.510  51.764 0.0000000000
56551  -55.841  -21.256  44.423 0.0000000000
124518  -57.286  -20.964  45.070 0.0000000000
106588  -57.730  -20.579  44.573 0.0000000000
33735  -12.274  -46.850  72.684 0.0000000000
33725  -11.441  -46.400  73.010 0.0000000000
47405  -39.889  -30.695  57.261 0.0000000000
47390  -40.113  -30.183  57.817 0.0000000000
116121  -39.876  -29.895  57.423 0.0000000000
48281  -39.865  -29.334  57.101 0.0000000000
48300  -39.038  -29.352  56.368 0.0000000000
36106  -18.786  -43.648  73.001 0.0000000000
36927  -19.071  -43.073  72.369 0.0000000000
39495  -25.987  -40.539  70.890 0.0000000000
114859  -35.010  -40.418  66.775 0.0000000000
119135  -34.161  -40.282  66.657 0.0000000000
36105  -18.480  -44.372  72.623 0.0000000000
52766  -47.215  -24.104  47.789 0.0000000000
53769  -47.788  -23.752  48.158 0.0000000000
41286  -41.976  -37.957  61.986 0.0000000000
42979  -40.534  -34.988  56.890 0.0000000000
42980  -41.141  -35.217  57.419 0.0000000000
36991  -19.775  -42.912  67.340 0.0000000000
124958  -22.976  -41.585  65.848 0.0000000000
37823  -23.542  -41.543  66.280 0.0000000000
116366  -24.411  -41.490  65.871 0.0000000000
104611  -36.087  -39.785  62.034 0.0000000000
103763  -35.814  -39.900  62.741 0.0000000000
40486  -40.675  -38.827  61.217 0.0000000000
40457  -41.372  -39.382  62.751 0.0000000000
36990  -19.079  -43.382  66.910 0.0000000000
47393  -45.533  -31.445  59.283 0.0000000000
47445  -47.614  -31.255  55.199 0.0000000000
48319  -48.251  -30.571  55.115 0.0000000000
48333  -47.867  -29.830  54.465 0.0000000000
54818  -51.350  -22.498  46.078 0.0000000000
107553  -56.307  -21.894  49.976 0.0000000000
55741  -47.162  -22.113  43.078 0.0000000000
56595  -51.729  -20.515  41.949 0.0000000000
57399  -52.076  -20.018  41.570 0.0000000000
35247  -8.777  -45.525  74.554 0.0000000000
35232  -8.176  -45.485  75.220 0.0000000000
116188  -13.445  -46.809  78.037 0.0000000000
33697  -14.003  -47.081  79.390 0.0000000000
115036  -8.994  -46.716  79.926 0.0000000000
116622  -8.937  -47.356  80.460 0.0000000000
105172  -42.792  -34.910  61.934 0.0000000000
47359  -42.135  -29.953  61.271 0.0000000000
46529  -42.520  -30.610  61.550 0.0000000000
48211  -43.279  -29.961  61.975 0.0000000000
48224  -42.631  -29.943  61.373 0.0000000000
104113  -42.936  -29.840  60.707 0.0000000000
48238  -42.292  -30.046  59.814 0.0000000000
47451  -40.369  -30.095  54.668 0.0000000000
47441  -41.395  -29.942  55.619 0.0000000000
116734  -40.109  -31.365  53.608 0.0000000000
38559  -21.122  -41.145  71.961 0.0000000000
122092  -21.555  -40.824  71.574 0.0000000000
39605  -27.633  -39.678  63.591 0.0000000000
39584  -27.771  -39.882  64.393 0.0000000000
38687  -27.282  -40.525  64.833 0.0000000000
40472  -30.973  -39.552  62.309 0.0000000000
40471  -30.336  -38.975  62.736 0.0000000000
40456  -31.002  -39.530  63.281 0.0000000000
105927  -30.873  -39.616  67.808 0.0000000000
40393  -30.278  -39.703  67.995 0.0000000000
38660  -39.273  -41.410  66.213 0.0000000000
33736  -16.902  -47.192  72.669 0.0000000000
50146  -45.148  -28.315  48.774 0.0000000000
50941  -47.963  -26.774  52.074 0.0000000000
51784  -48.849  -26.606  53.243 0.0000000000
54769  -51.568  -22.775  50.723 0.0000000000
57448  -58.456  -19.906  38.309 0.0000000000
57486  -61.031  -19.261  34.941 0.0000000000
57485  -60.288  -19.387  35.602 0.0000000000
120166  -61.109  -19.550  35.626 0.0000000000
57472  -61.759  -19.410  36.198 0.0000000000
57488  -62.710  -18.938  35.002 0.0000000000
117804  -39.956  -38.537  60.226 0.0000000000
41310  -40.407  -38.114  59.860 0.0000000000
42104  -39.136  -36.994  57.816 0.0000000000
121239  -39.972  -36.825  57.969 0.0000000000
42120  -39.728  -36.311  57.248 0.0000000000
111680  -36.886  -38.893  59.356 0.0000000000
39659  -36.859  -39.310  60.160 0.0000000000
123416  -36.240  -39.533  60.495 0.0000000000
116068  -37.498  -39.552  61.364 0.0000000000
40498  -37.627  -39.249  60.570 0.0000000000
40499  -38.499  -38.973  60.474 0.0000000000
40500  -39.283  -38.769  60.290 0.0000000000
119068  -39.889  -38.816  60.819 0.0000000000
46600  -43.568  -32.108  55.112 0.0000000000
107991  -46.110  -31.464  54.455 0.0000000000
47464  -45.268  -30.794  53.290 0.0000000000
55717  -53.720  -21.944  45.224 0.0000000000
55705  -53.895  -21.858  46.096 0.0000000000
55718  -54.533  -21.823  45.659 0.0000000000
55708  -56.416  -21.890  46.722 0.0000000000
55697  -56.866  -21.944  47.600 0.0000000000
112119  -59.420  -19.900  43.942 0.0000000000
34457  -10.858  -46.103  73.655 0.0000000000
34445  -10.218  -45.934  74.192 0.0000000000
45745  -41.818  -32.332  59.568 0.0000000000
118082  -40.945  -30.864  59.632 0.0000000000
47377  -40.966  -30.269  59.561 0.0000000000
47366  -41.434  -30.298  59.886 0.0000000000
48253  -40.949  -29.113  58.986 0.0000000000
114592  -40.504  -29.108  57.240 0.0000000000
49165  -40.114  -28.988  56.551 0.0000000000
49179  -39.987  -28.959  55.744 0.0000000000
49196  -39.289  -28.886  55.309 0.0000000000
39492  -23.469  -40.321  70.511 0.0000000000
39477  -23.740  -39.993  71.218 0.0000000000
39463  -25.646  -40.413  72.369 0.0000000000
39446  -25.054  -40.209  73.121 0.0000000000
38561  -27.333  -40.874  71.973 0.0000000000
39465  -27.340  -40.909  72.914 0.0000000000
103894  -28.195  -41.138  72.963 0.0000000000
41282  -27.951  -37.861  62.081 0.0000000000
40469  -27.798  -38.409  62.465 0.0000000000
40470  -28.286  -38.051  62.812 0.0000000000
39588  -33.111  -40.427  64.238 0.0000000000
39587  -32.276  -39.922  64.551 0.0000000000
108020  -32.856  -40.327  65.205 0.0000000000
39534  -32.917  -39.641  67.021 0.0000000000
39550  -32.678  -39.982  66.142 0.0000000000
40406  -32.353  -39.390  67.549 0.0000000000
116851  -32.593  -39.362  68.309 0.0000000000
40397  -33.276  -39.433  68.588 0.0000000000
35336  -17.422  -44.811  68.385 0.0000000000
35317  -17.500  -44.935  69.441 0.0000000000
35289  -17.745  -44.962  71.239 0.0000000000
109793  -17.487  -46.440  73.069 0.0000000000
34469  -17.730  -45.655  72.628 0.0000000000
35248  -17.978  -44.832  74.002 0.0000000000
51011  -46.292  -26.358  48.653 0.0000000000
52750  -47.926  -24.861  49.114 0.0000000000
51858  -47.562  -25.547  49.487 0.0000000000
57444  -54.725  -19.154  38.891 0.0000000000
58383  -60.335  -18.152  34.844 0.0000000000
59186  -60.901  -17.571  34.352 0.0000000000
33019  -14.144  -48.354  74.712 0.0000000000
32995  -15.254  -48.134  78.358 0.0000000000
41262  -42.416  -37.392  64.582 0.0000000000
41261  -42.253  -37.738  63.692 0.0000000000
42077  -42.355  -37.204  61.634 0.0000000000
108722  -42.788  -35.751  61.789 0.0000000000
41326  -41.027  -37.617  59.371 0.0000000000
41327  -41.818  -37.270  59.962 0.0000000000
122139  -42.208  -34.946  58.679 0.0000000000
42936  -42.063  -35.742  59.063 0.0000000000
43906  -42.589  -34.855  59.411 0.0000000000
120938  -42.195  -34.203  58.954 0.0000000000
45760  -40.678  -32.733  57.065 0.0000000000
36957  -19.522  -42.933  70.709 0.0000000000
36982  -20.577  -42.443  68.641 0.0000000000
37796  -21.011  -41.936  68.882 0.0000000000
107704  -20.838  -42.222  66.055 0.0000000000
37809  -22.474  -41.423  67.285 0.0000000000
37808  -21.627  -41.583  67.641 0.0000000000
38634  -22.250  -41.123  67.945 0.0000000000
38602  -21.887  -40.951  69.058 0.0000000000
38619  -22.548  -40.862  68.590 0.0000000000
122325  -22.981  -40.664  68.963 0.0000000000
38621  -24.521  -40.793  68.412 0.0000000000
114778  -25.342  -40.760  68.852 0.0000000000
38622  -25.473  -40.885  68.031 0.0000000000
40496  -31.145  -39.276  60.368 0.0000000000
40484  -31.073  -39.531  61.391 0.0000000000
39656  -33.750  -39.669  59.811 0.0000000000
108162  -33.971  -39.756  60.592 0.0000000000
117621  -34.177  -39.940  62.180 0.0000000000
117612  -33.642  -39.842  61.321 0.0000000000
106131  -33.185  -39.967  62.117 0.0000000000
109621  -32.411  -39.930  62.062 0.0000000000
39624  -33.478  -40.216  62.845 0.0000000000
121049  -33.076  -40.249  63.426 0.0000000000
39590  -34.862  -40.669  64.420 0.0000000000
39571  -35.205  -40.789  65.241 0.0000000000
39572  -36.189  -40.517  65.152 0.0000000000
39574  -37.552  -40.481  64.574 0.0000000000
38688  -38.426  -40.764  64.553 0.0000000000
103899  -38.202  -39.733  61.771 0.0000000000
39626  -38.081  -39.885  62.555 0.0000000000
39627  -39.075  -39.876  62.184 0.0000000000
39595  -40.148  -40.595  64.280 0.0000000000
122406  -40.822  -40.086  64.089 0.0000000000
40445  -41.842  -39.183  64.057 0.0000000000
36188  -17.787  -44.142  67.047 0.0000000000
36160  -18.683  -43.877  69.392 0.0000000000
106753  -46.231  -30.582  61.934 0.0000000000
108979  -47.056  -30.974  61.905 0.0000000000
48242  -46.260  -30.776  61.235 0.0000000000
47369  -47.773  -31.019  60.472 0.0000000000
48243  -48.461  -30.747  60.105 0.0000000000
48258  -48.306  -30.657  59.698 0.0000000000
115309  -46.268  -32.007  57.231 0.0000000000
46587  -46.676  -31.950  56.526 0.0000000000
47428  -47.895  -31.220  56.849 0.0000000000
47410  -48.462  -30.694  57.325 0.0000000000
48259  -48.794  -30.209  58.916 0.0000000000
48273  -49.050  -29.954  57.782 0.0000000000
48285  -49.763  -29.990  56.820 0.0000000000
48304  -50.182  -29.887  56.066 0.0000000000
103525  -49.098  -22.764  46.818 0.0000000000
121791  -48.789  -22.928  47.400 0.0000000000
54805  -51.312  -22.545  47.848 0.0000000000
54793  -51.343  -22.631  48.885 0.0000000000
117922  -53.111  -22.428  47.590 0.0000000000
55671  -53.925  -22.367  49.209 0.0000000000
34406  -5.585  -44.984  81.094 0.0000000000
35191  -5.002  -44.937  80.585 0.0000000000
34405  -4.925  -45.088  80.669 0.0000000000
48425  -43.472  -28.675  47.198 0.0000000000
49266  -43.983  -28.888  47.826 0.0000000000
51019  -44.042  -27.093  46.721 0.0000000000
51895  -45.222  -25.160  46.592 0.0000000000
52777  -45.514  -24.411  46.343 0.0000000000
52778  -46.169  -24.038  46.761 0.0000000000
53784  -45.859  -23.794  46.049 0.0000000000
53798  -46.474  -23.337  45.595 0.0000000000
54829  -47.210  -22.886  45.584 0.0000000000
54814  -47.764  -22.761  46.240 0.0000000000
103315  -48.025  -22.677  45.322 0.0000000000
122308  -48.906  -22.566  44.076 0.0000000000
118698  -48.566  -22.648  44.557 0.0000000000
54845  -49.353  -22.597  44.553 0.0000000000
54831  -49.898  -22.567  45.301 0.0000000000
54846  -50.318  -22.492  44.372 0.0000000000
55758  -51.124  -21.526  42.652 0.0000000000
55743  -50.538  -21.826  42.910 0.0000000000
106041  -51.092  -21.962  43.317 0.0000000000
54860  -50.971  -22.313  43.882 0.0000000000
55727  -51.691  -22.173  43.791 0.0000000000
55745  -52.537  -21.883  43.675 0.0000000000
56578  -53.448  -21.567  43.586 0.0000000000
56597  -54.267  -20.523  42.757 0.0000000000
56579  -54.916  -20.482  43.116 0.0000000000
57401  -53.783  -19.840  41.567 0.0000000000
57419  -54.449  -19.817  41.067 0.0000000000
35223  -7.898  -45.460  76.261 0.0000000000
33713  -12.881  -47.540  75.653 0.0000000000
34433  -11.797  -46.527  77.025 0.0000000000
106067  -10.844  -46.245  75.821 0.0000000000
34432  -10.999  -46.277  76.649 0.0000000000
33686  -12.834  -46.731  80.155 0.0000000000
34417  -11.145  -46.569  79.129 0.0000000000
34421  -10.484  -46.405  78.627 0.0000000000
34425  -9.803  -46.079  78.027 0.0000000000
35208  -8.901  -45.976  78.480 0.0000000000
34414  -8.354  -46.266  79.468 0.0000000000
35200  -8.253  -45.746  78.983 0.0000000000
35194  -7.523  -45.654  79.711 0.0000000000
35193  -6.894  -44.944  80.257 0.0000000000
34408  -6.996  -45.409  80.590 0.0000000000
32975  -7.716  -47.503  80.614 0.0000000000
45696  -45.739  -32.577  63.618 0.0000000000
46502  -45.314  -32.177  64.186 0.0000000000
42045  -42.656  -36.528  64.896 0.0000000000
103356  -42.659  -35.890  64.269 0.0000000000
111328  -42.986  -34.977  64.648 0.0000000000
44838  -42.751  -33.194  61.619 0.0000000000
45726  -42.678  -32.216  61.600 0.0000000000
116905  -43.481  -31.466  62.564 0.0000000000
111639  -43.104  -32.516  63.093 0.0000000000
46507  -44.422  -31.827  64.029 0.0000000000
48212  -44.049  -30.126  62.420 0.0000000000
47334  -44.821  -31.208  63.410 0.0000000000
47343  -44.996  -30.549  63.073 0.0000000000
48204  -45.224  -30.345  62.797 0.0000000000
48239  -43.822  -29.878  60.370 0.0000000000
105250  -43.406  -30.314  58.614 0.0000000000
49125  -41.290  -28.999  58.578 0.0000000000
49126  -41.826  -29.379  58.729 0.0000000000
49144  -41.701  -29.336  58.113 0.0000000000
48318  -42.058  -30.328  55.936 0.0000000000
48303  -42.905  -30.620  57.030 0.0000000000
47443  -43.040  -31.631  55.793 0.0000000000
47442  -42.390  -31.172  55.566 0.0000000000
46620  -41.347  -31.802  53.462 0.0000000000
46610  -42.410  -31.818  54.355 0.0000000000
46631  -41.967  -32.059  52.773 0.0000000000
108254  -37.661  -29.053  54.735 0.0000000000
48340  -38.394  -29.708  53.831 0.0000000000
48354  -38.039  -30.222  53.095 0.0000000000
47471  -38.381  -30.949  52.567 0.0000000000
46627  -38.627  -31.593  52.153 0.0000000000
104607  -40.944  -32.007  50.787 0.0000000000
36928  -19.609  -42.530  72.667 0.0000000000
37766  -20.113  -42.120  72.064 0.0000000000
38550  -21.150  -41.067  72.865 0.0000000000
39461  -23.106  -40.028  72.375 0.0000000000
39460  -22.355  -40.398  72.523 0.0000000000
38699  -26.462  -40.785  63.566 0.0000000000
38698  -25.688  -40.994  63.045 0.0000000000
38685  -25.815  -41.247  64.042 0.0000000000
38657  -26.435  -40.966  66.799 0.0000000000
111429  -27.241  -41.070  68.064 0.0000000000
41284  -29.186  -38.045  62.357 0.0000000000
40453  -28.607  -38.373  63.387 0.0000000000
111244  -29.048  -38.450  63.859 0.0000000000
40444  -30.872  -39.242  64.258 0.0000000000
109825  -30.886  -38.967  65.121 0.0000000000
40428  -29.050  -38.860  65.104 0.0000000000
39549  -28.861  -39.540  66.458 0.0000000000
106730  -28.577  -40.811  68.743 0.0000000000
38625  -27.674  -41.156  68.716 0.0000000000
117986  -29.846  -40.003  70.947 0.0000000000
38575  -29.299  -40.652  70.698 0.0000000000
119651  -29.935  -39.831  71.727 0.0000000000
40378  -31.659  -39.297  70.270 0.0000000000
40371  -31.916  -39.224  70.962 0.0000000000
33745  -12.689  -46.702  71.077 0.0000000000
34519  -15.640  -46.510  67.595 0.0000000000
33775  -15.908  -46.734  68.296 0.0000000000
105050  -15.228  -46.978  68.798 0.0000000000
33764  -13.633  -46.895  69.486 0.0000000000
33756  -13.904  -47.411  70.007 0.0000000000
33037  -13.842  -47.542  70.759 0.0000000000
122254  -13.830  -48.025  72.139 0.0000000000
32341  -14.813  -48.488  73.012 0.0000000000
33722  -17.773  -46.988  74.841 0.0000000000
113304  -48.444  -31.579  61.438 0.0000000000
47515  -43.381  -30.514  49.684 0.0000000000
47500  -43.513  -30.660  50.374 0.0000000000
48367  -43.943  -29.974  50.647 0.0000000000
48384  -45.492  -28.840  50.584 0.0000000000
48369  -45.087  -29.377  51.463 0.0000000000
49220  -46.221  -28.924  52.167 0.0000000000
50133  -46.690  -27.738  50.343 0.0000000000
125131  -47.335  -27.980  52.630 0.0000000000
50114  -47.078  -27.851  51.982 0.0000000000
49221  -47.387  -28.435  53.225 0.0000000000
50099  -49.353  -27.229  54.867 0.0000000000
50089  -49.105  -28.164  55.011 0.0000000000
50090  -50.007  -27.606  55.390 0.0000000000
53771  -49.152  -23.150  48.813 0.0000000000
53761  -49.396  -23.321  49.588 0.0000000000
52712  -48.905  -24.917  51.086 0.0000000000
52713  -49.555  -24.463  51.532 0.0000000000
57387  -56.595  -19.804  43.020 0.0000000000
57404  -56.359  -19.611  42.366 0.0000000000
58305  -57.053  -19.464  41.522 0.0000000000
58282  -57.150  -19.476  42.009 0.0000000000
58283  -58.150  -19.545  42.022 0.0000000000
58294  -58.517  -19.424  41.472 0.0000000000
116111  -56.241  -19.719  40.137 0.0000000000
110793  -56.800  -19.746  40.010 0.0000000000
58317  -59.105  -19.514  40.385 0.0000000000
105344  -59.007  -19.082  40.991 0.0000000000
58295  -59.413  -18.913  41.484 0.0000000000
58320  -61.571  -18.999  39.372 0.0000000000
58311  -62.662  -19.262  39.478 0.0000000000
58321  -62.445  -18.850  39.185 0.0000000000
109612  -58.960  -19.623  37.043 0.0000000000
57457  -59.666  -19.772  37.548 0.0000000000
57458  -60.609  -19.739  37.349 0.0000000000
57460  -62.630  -18.846  36.975 0.0000000000
58341  -62.349  -18.727  37.936 0.0000000000
58331  -63.694  -18.785  38.364 0.0000000000
58371  -63.649  -18.490  34.737 0.0000000000
58387  -64.610  -18.226  34.250 0.0000000000
41324  -39.141  -37.916  59.116 0.0000000000
40528  -35.282  -38.915  58.118 0.0000000000
40529  -36.146  -38.689  57.924 0.0000000000
104663  -38.017  -38.943  60.008 0.0000000000
119120  -37.804  -38.744  59.406 0.0000000000
116875  -42.968  -31.948  53.779 0.0000000000
46611  -43.696  -31.933  54.142 0.0000000000
46622  -43.761  -31.595  53.188 0.0000000000
55731  -55.406  -21.800  45.163 0.0000000000
56554  -59.013  -20.658  45.629 0.0000000000
56555  -59.783  -20.472  45.374 0.0000000000
56568  -58.777  -20.368  44.813 0.0000000000
56567  -58.110  -19.982  44.000 0.0000000000
34478  -11.333  -45.823  71.497 0.0000000000
34467  -11.021  -45.970  72.291 0.0000000000
33718  -11.492  -46.568  73.937 0.0000000000
46556  -40.747  -31.652  58.213 0.0000000000
47391  -40.465  -30.023  58.344 0.0000000000
48271  -40.708  -29.289  58.429 0.0000000000
49164  -39.620  -29.133  56.481 0.0000000000
35249  -18.565  -44.295  74.252 0.0000000000
39506  -24.864  -40.335  70.012 0.0000000000
39478  -24.562  -39.988  71.382 0.0000000000
39494  -25.143  -40.178  70.735 0.0000000000
39479  -25.397  -40.256  71.531 0.0000000000
38573  -27.891  -40.976  71.157 0.0000000000
39569  -33.639  -40.523  65.841 0.0000000000
39535  -33.697  -39.793  67.277 0.0000000000
39521  -33.997  -39.569  68.167 0.0000000000
39522  -34.548  -39.555  68.987 0.0000000000
35275  -17.961  -44.960  72.208 0.0000000000
51882  -46.268  -25.232  47.672 0.0000000000
51870  -46.596  -25.607  48.374 0.0000000000
52758  -46.895  -24.843  48.099 0.0000000000
40458  -41.882  -38.772  63.329 0.0000000000
41272  -42.120  -37.947  62.816 0.0000000000
42083  -42.263  -37.108  60.764 0.0000000000
42105  -41.379  -36.281  58.283 0.0000000000
42953  -41.147  -35.849  57.700 0.0000000000
118841  -41.540  -34.715  57.648 0.0000000000
44879  -41.558  -33.980  57.607 0.0000000000
44878  -40.920  -33.625  57.033 0.0000000000
36981  -19.908  -42.882  68.308 0.0000000000
37834  -21.845  -41.819  64.917 0.0000000000
37821  -22.282  -41.677  65.839 0.0000000000
37822  -22.755  -41.574  66.520 0.0000000000
103764  -34.893  -39.980  62.889 0.0000000000
103948  -35.514  -40.234  63.677 0.0000000000
39591  -36.379  -40.090  64.232 0.0000000000
39592  -37.201  -39.935  63.873 0.0000000000
39609  -37.862  -39.936  63.280 0.0000000000
119065  -40.051  -39.781  62.247 0.0000000000
39612  -40.644  -39.801  62.802 0.0000000000
36204  -18.279  -43.762  66.429 0.0000000000
36189  -18.523  -43.802  67.452 0.0000000000
47379  -45.349  -30.984  59.889 0.0000000000
47380  -46.209  -31.347  59.863 0.0000000000
47394  -46.499  -31.513  58.888 0.0000000000
46604  -47.201  -31.691  55.760 0.0000000000
104448  -48.044  -31.213  55.889 0.0000000000
47429  -48.674  -30.819  56.421 0.0000000000
47447  -49.530  -30.157  55.754 0.0000000000
48321  -49.866  -29.508  55.537 0.0000000000
111629  -50.863  -22.545  46.898 0.0000000000
54806  -52.330  -22.485  47.681 0.0000000000
55696  -55.259  -21.979  47.845 0.0000000000
55684  -54.613  -22.081  48.440 0.0000000000
55685  -55.432  -21.965  48.779 0.0000000000
57422  -61.686  -20.436  41.531 0.0000000000
51894  -44.472  -25.451  46.219 0.0000000000
111025  -47.299  -22.624  43.924 0.0000000000
109812  -53.446  -20.407  42.325 0.0000000000
33701  -13.471  -47.131  77.179 0.0000000000
33695  -12.760  -46.394  78.578 0.0000000000
112718  -11.889  -46.836  80.037 0.0000000000
34412  -10.263  -46.842  79.375 0.0000000000
34416  -9.964  -46.672  79.128 0.0000000000
34411  -9.376  -46.776  79.621 0.0000000000
34410  -8.744  -46.550  79.631 0.0000000000
34404  -8.065  -46.554  80.180 0.0000000000
34403  -7.404  -46.190  80.106 0.0000000000
32976  -8.256  -47.153  80.520 0.0000000000
43861  -42.811  -34.457  62.908 0.0000000000
125156  -42.865  -33.798  62.754 0.0000000000
105905  -43.187  -30.671  61.976 0.0000000000
46519  -44.183  -31.196  63.081 0.0000000000
47341  -43.708  -30.366  62.270 0.0000000000
48225  -43.892  -29.965  61.904 0.0000000000
48301  -41.428  -29.748  56.456 0.0000000000
122949  -41.919  -30.561  55.309 0.0000000000
47453  -42.098  -31.241  54.850 0.0000000000
46619  -40.618  -31.672  53.351 0.0000000000
37767  -20.674  -41.696  71.525 0.0000000000
103514  -23.403  -40.115  74.008 0.0000000000
39621  -26.669  -39.916  62.207 0.0000000000
39604  -26.970  -40.155  63.145 0.0000000000
38686  -26.558  -40.942  64.464 0.0000000000
38672  -26.655  -40.941  65.348 0.0000000000
38673  -27.340  -40.566  65.696 0.0000000000
41285  -29.766  -38.538  62.310 0.0000000000
40418  -31.279  -39.452  66.475 0.0000000000
116767  -30.786  -38.993  65.955 0.0000000000
124821  -30.018  -38.963  66.765 0.0000000000
40416  -29.577  -39.159  66.638 0.0000000000
39533  -29.266  -39.607  67.241 0.0000000000
39519  -29.707  -39.853  67.936 0.0000000000
39507  -29.391  -40.266  68.737 0.0000000000
39508  -29.807  -39.982  69.492 0.0000000000
39497  -30.367  -39.736  70.258 0.0000000000
34489  -16.613  -46.709  69.682 0.0000000000
33767  -16.044  -46.959  69.142 0.0000000000
33757  -15.972  -47.265  70.000 0.0000000000
33057  -15.228  -47.487  69.917 0.0000000000
33048  -14.585  -47.607  70.270 0.0000000000
33039  -15.446  -47.997  71.392 0.0000000000
33032  -15.537  -48.311  72.208 0.0000000000
32333  -15.395  -48.460  73.612 0.0000000000
34440  -17.965  -45.969  74.782 0.0000000000
33714  -18.369  -46.694  75.004 0.0000000000
49250  -44.157  -29.367  48.744 0.0000000000
48398  -44.335  -29.623  49.757 0.0000000000
49238  -44.976  -29.108  49.963 0.0000000000
50977  -47.612  -26.606  50.609 0.0000000000
50976  -47.093  -27.238  50.745 0.0000000000
50956  -47.498  -27.160  51.462 0.0000000000
50106  -47.761  -27.666  53.100 0.0000000000
50107  -48.394  -27.322  53.566 0.0000000000
50916  -49.029  -26.903  54.106 0.0000000000
50917  -49.765  -26.405  54.553 0.0000000000
53762  -50.078  -22.893  49.948 0.0000000000
53751  -50.372  -23.212  50.734 0.0000000000
53737  -50.670  -23.427  51.564 0.0000000000
58318  -59.873  -19.159  40.035 0.0000000000
57441  -60.150  -19.456  39.171 0.0000000000
58357  -63.661  -18.657  36.716 0.0000000000
58403  -63.964  -17.615  33.747 0.0000000000
58404  -64.805  -17.630  33.379 0.0000000000
41298  -41.322  -38.352  60.811 0.0000000000
41342  -40.662  -37.079  58.523 0.0000000000
37844  -22.594  -41.741  64.212 0.0000000000
37845  -23.470  -41.555  64.492 0.0000000000
39680  -33.525  -39.256  58.617 0.0000000000
39668  -34.320  -39.519  59.192 0.0000000000
39669  -35.251  -39.517  59.535 0.0000000000
39658  -35.487  -39.633  60.379 0.0000000000
39643  -36.719  -39.663  61.703 0.0000000000
47427  -44.041  -31.781  56.850 0.0000000000
46568  -44.762  -31.996  57.213 0.0000000000
46585  -44.710  -32.168  56.330 0.0000000000
46602  -45.429  -32.176  55.723 0.0000000000
46612  -44.509  -31.963  54.519 0.0000000000
46613  -45.342  -31.927  54.876 0.0000000000
46614  -46.021  -31.865  55.156 0.0000000000
47455  -46.717  -30.931  54.311 0.0000000000
55704  -53.178  -22.169  46.066 0.0000000000
104039  -55.208  -21.823  46.133 0.0000000000
55707  -55.161  -21.909  46.971 0.0000000000
103670  -56.111  -22.047  48.196 0.0000000000
55687  -57.084  -22.007  48.704 0.0000000000
57391  -60.697  -20.307  43.422 0.0000000000
57408  -60.154  -19.546  42.493 0.0000000000
34466  -10.231  -45.656  72.419 0.0000000000
35262  -9.495  -45.419  72.832 0.0000000000
34444  -9.552  -45.851  74.743 0.0000000000
34437  -9.709  -45.825  75.505 0.0000000000
44848  -42.748  -33.609  60.642 0.0000000000
45735  -41.861  -31.932  60.537 0.0000000000
46542  -41.612  -30.879  60.738 0.0000000000
47367  -41.755  -30.103  60.684 0.0000000000
48237  -41.806  -30.194  59.868 0.0000000000
48254  -41.469  -29.496  59.166 0.0000000000
49112  -41.105  -29.007  58.906 0.0000000000
121162  -40.996  -28.970  57.815 0.0000000000
49143  -40.513  -29.097  57.725 0.0000000000
49180  -40.663  -29.372  56.148 0.0000000000
48331  -39.577  -29.644  54.641 0.0000000000
38571  -22.425  -40.314  71.151 0.0000000000
38570  -22.048  -40.449  71.672 0.0000000000
124705  -23.268  -39.979  71.691 0.0000000000
105733  -23.655  -40.044  73.020 0.0000000000
39445  -24.221  -39.966  73.540 0.0000000000
39448  -26.517  -40.724  73.495 0.0000000000
40468  -27.271  -39.061  61.900 0.0000000000
39606  -31.604  -39.718  63.978 0.0000000000
40431  -31.866  -39.688  66.116 0.0000000000
40405  -31.489  -39.456  67.271 0.0000000000
40395  -31.295  -39.562  68.864 0.0000000000
40396  -32.149  -39.394  68.884 0.0000000000
40386  -32.541  -39.351  69.510 0.0000000000
40387  -33.290  -39.379  69.422 0.0000000000
113891  -32.911  -39.316  70.073 0.0000000000
34503  -17.080  -45.930  69.536 0.0000000000
107406  -17.031  -46.310  70.361 0.0000000000
33747  -16.658  -47.343  71.788 0.0000000000
117164  -17.915  -45.534  74.278 0.0000000000
50996  -45.789  -27.916  49.201 0.0000000000
119696  -45.974  -27.096  48.967 0.0000000000
51857  -46.853  -25.914  49.140 0.0000000000
51834  -47.273  -26.299  49.803 0.0000000000
107430  -48.002  -25.925  50.881 0.0000000000
51817  -48.603  -25.729  51.308 0.0000000000
57436  -54.813  -19.465  39.558 0.0000000000
58370  -60.439  -18.843  34.923 0.0000000000
57501  -61.811  -18.921  34.640 0.0000000000
58385  -62.143  -18.307  34.179 0.0000000000
58402  -62.844  -17.578  33.777 0.0000000000
33025  -13.288  -47.858  73.217 0.0000000000
33017  -12.999  -47.743  73.983 0.0000000000
33018  -13.413  -47.976  74.627 0.0000000000
33010  -13.602  -47.966  75.447 0.0000000000
121209  -14.093  -47.328  77.563 0.0000000000
42044  -42.444  -36.809  63.965 0.0000000000
125108  -42.508  -36.791  62.741 0.0000000000
43895  -42.839  -34.637  60.321 0.0000000000
41312  -41.740  -37.778  60.545 0.0000000000
124093  -42.306  -36.785  60.250 0.0000000000
42084  -42.680  -36.312  60.490 0.0000000000
44858  -42.094  -33.301  59.238 0.0000000000
45752  -41.639  -32.723  58.680 0.0000000000
45751  -41.111  -32.334  58.300 0.0000000000
46567  -40.380  -31.738  57.332 0.0000000000
36942  -19.096  -43.281  71.467 0.0000000000
37787  -20.227  -42.568  70.148 0.0000000000
37777  -20.826  -41.828  70.480 0.0000000000
38584  -21.419  -41.217  70.402 0.0000000000
37003  -20.439  -42.480  66.776 0.0000000000
107412  -20.892  -42.035  67.408 0.0000000000
37797  -21.501  -41.559  68.612 0.0000000000
38585  -21.902  -40.849  69.958 0.0000000000
38586  -22.628  -40.479  70.421 0.0000000000
38587  -23.215  -40.545  69.915 0.0000000000
39505  -23.976  -40.519  69.837 0.0000000000
38620  -23.457  -40.791  68.556 0.0000000000
109864  -23.995  -40.647  69.084 0.0000000000
38606  -25.316  -40.633  69.527 0.0000000000
38607  -26.108  -40.946  69.344 0.0000000000
40508  -30.422  -38.804  59.828 0.0000000000
39622  -31.710  -39.818  62.366 0.0000000000
39667  -32.955  -39.482  59.353 0.0000000000
39589  -33.991  -40.741  64.314 0.0000000000
109875  -35.929  -40.173  66.819 0.0000000000
38674  -37.348  -40.500  66.158 0.0000000000
39573  -37.041  -40.348  65.321 0.0000000000
38675  -39.320  -41.171  65.545 0.0000000000
38689  -39.326  -40.869  64.732 0.0000000000
39596  -41.523  -39.740  64.374 0.0000000000
35351  -17.168  -44.690  67.390 0.0000000000
36159  -18.048  -44.311  68.892 0.0000000000
36142  -18.552  -44.001  70.344 0.0000000000
48206  -46.823  -31.089  62.446 0.0000000000
48228  -48.661  -31.046  60.965 0.0000000000
48244  -49.080  -30.862  60.677 0.0000000000
46569  -45.534  -31.993  57.643 0.0000000000
118340  -46.318  -31.808  57.973 0.0000000000
47408  -46.997  -31.478  58.133 0.0000000000
47409  -47.659  -31.070  57.768 0.0000000000
47395  -47.449  -31.070  58.660 0.0000000000
47382  -47.978  -30.511  59.078 0.0000000000
108626  -47.613  -23.085  46.951 0.0000000000
53778  -48.164  -23.156  47.662 0.0000000000
54790  -48.950  -23.060  48.035 0.0000000000
54791  -49.709  -22.867  48.288 0.0000000000
111621  -50.656  -22.727  49.448 0.0000000000
54779  -51.441  -22.694  49.815 0.0000000000
54780  -52.276  -22.705  50.315 0.0000000000
54820  -52.749  -22.416  46.861 0.0000000000
54795  -52.930  -22.568  48.535 0.0000000000
35197  -5.724  -44.873  79.340 0.0000000000
47483  -42.971  -31.188  50.863 0.0000000000
48415  -43.345  -29.788  48.184 0.0000000000
49267  -44.608  -28.755  48.451 0.0000000000
50160  -44.666  -28.011  47.938 0.0000000000
50169  -44.477  -27.392  47.302 0.0000000000
51009  -44.965  -27.075  47.810 0.0000000000
51021  -45.306  -26.337  47.527 0.0000000000
51881  -45.609  -25.588  47.261 0.0000000000
53776  -46.961  -23.662  47.019 0.0000000000
54816  -49.476  -22.570  46.109 0.0000000000
55742  -48.851  -22.083  42.954 0.0000000000
54847  -51.328  -22.403  44.495 0.0000000000
54833  -51.817  -22.451  45.254 0.0000000000
55730  -54.035  -21.692  44.303 0.0000000000
56580  -56.045  -20.574  43.860 0.0000000000
122504  -54.218  -20.085  42.189 0.0000000000
122838  -54.996  -19.930  41.575 0.0000000000
57427  -54.148  -19.517  40.115 0.0000000000
33719  -12.220  -47.115  74.223 0.0000000000
33711  -11.593  -46.602  74.840 0.0000000000
33705  -12.365  -46.928  76.293 0.0000000000
34439  -11.094  -46.319  75.230 0.0000000000
33691  -13.596  -46.743  79.942 0.0000000000
34423  -12.236  -46.237  78.879 0.0000000000
33689  -12.099  -46.490  79.750 0.0000000000
34422  -11.469  -46.311  78.583 0.0000000000
34427  -11.239  -46.253  77.679 0.0000000000
34426  -10.444  -46.002  77.286 0.0000000000
117237  -9.372  -45.557  76.115 0.0000000000
35224  -8.823  -45.473  76.724 0.0000000000
35207  -8.259  -45.504  78.321 0.0000000000
35198  -6.469  -44.910  79.506 0.0000000000
34407  -6.447  -44.979  81.119 0.0000000000
33682  -7.258  -46.289  80.182 0.0000000000
44800  -46.348  -33.130  63.331 0.0000000000
46510  -46.079  -32.138  63.445 0.0000000000
42034  -42.984  -36.401  65.864 0.0000000000
104511  -42.859  -32.317  62.253 0.0000000000
44815  -42.982  -33.493  63.385 0.0000000000
44799  -43.417  -33.410  64.364 0.0000000000
44783  -43.851  -33.355  65.165 0.0000000000
120302  -44.806  -32.400  65.068 0.0000000000
46501  -45.070  -31.995  64.805 0.0000000000
46508  -44.973  -31.772  64.245 0.0000000000
46509  -45.269  -31.828  63.971 0.0000000000
47336  -45.649  -31.351  63.543 0.0000000000
48205  -46.006  -30.648  62.833 0.0000000000
48226  -45.477  -30.354  61.418 0.0000000000
105984  -44.679  -29.995  61.642 0.0000000000
48240  -44.720  -30.065  60.857 0.0000000000
47378  -44.721  -30.912  59.440 0.0000000000
47406  -43.878  -31.005  58.034 0.0000000000
48255  -42.074  -29.627  59.146 0.0000000000
124502  -42.290  -29.635  58.879 0.0000000000
119348  -42.840  -29.781  59.086 0.0000000000
48283  -42.354  -29.935  57.560 0.0000000000
47407  -44.159  -31.610  57.537 0.0000000000
46642  -42.288  -31.821  51.341 0.0000000000
47423  -38.783  -30.116  56.268 0.0000000000
104024  -38.898  -28.870  55.669 0.0000000000
49209  -38.023  -29.099  54.404 0.0000000000
48341  -39.181  -30.021  53.925 0.0000000000
105797  -39.461  -31.038  53.467 0.0000000000
46629  -39.940  -31.768  52.869 0.0000000000
46639  -39.379  -32.100  51.141 0.0000000000
46640  -40.289  -32.009  51.712 0.0000000000
46641  -41.368  -32.031  51.534 0.0000000000
104745  -41.735  -31.909  50.768 0.0000000000
37752  -20.046  -41.909  72.997 0.0000000000
38551  -21.765  -40.758  73.148 0.0000000000
37854  -23.282  -41.683  63.485 0.0000000000
38683  -24.302  -41.443  64.871 0.0000000000
38655  -24.880  -41.312  66.517 0.0000000000
38656  -25.572  -41.165  66.646 0.0000000000
104130  -26.098  -41.169  65.969 0.0000000000
38638  -25.752  -40.982  67.314 0.0000000000
41283  -28.493  -37.864  62.162 0.0000000000
40441  -28.536  -38.762  63.958 0.0000000000
40430  -30.361  -38.901  65.387 0.0000000000
40442  -29.426  -38.681  64.508 0.0000000000
39585  -28.420  -39.233  64.701 0.0000000000
39548  -28.049  -40.166  66.229 0.0000000000
39531  -27.808  -40.586  67.009 0.0000000000
38608  -27.133  -41.203  69.475 0.0000000000
38590  -27.524  -41.082  70.329 0.0000000000
124852  -28.249  -40.938  71.817 0.0000000000
38574  -28.783  -40.879  71.300 0.0000000000
39481  -28.951  -40.743  72.110 0.0000000000
40377  -31.159  -39.571  69.835 0.0000000000
39498  -31.135  -39.328  70.736 0.0000000000
33031  -13.171  -47.512  72.352 0.0000000000
34488  -12.881  -46.300  69.778 0.0000000000
33746  -13.201  -47.221  71.336 0.0000000000
47484  -43.765  -30.795  51.298 0.0000000000
47485  -44.265  -30.581  51.952 0.0000000000
48355  -44.774  -29.994  52.131 0.0000000000
47475  -45.136  -30.150  52.748 0.0000000000
48342  -45.715  -29.928  53.129 0.0000000000
119044  -46.374  -29.776  53.434 0.0000000000
48332  -46.942  -29.974  54.030 0.0000000000
50132  -46.102  -28.208  49.976 0.0000000000
50122  -46.825  -27.754  51.196 0.0000000000
49230  -46.540  -28.406  51.695 0.0000000000
48343  -46.891  -29.173  53.335 0.0000000000
49181  -49.061  -29.172  55.121 0.0000000000
53759  -47.951  -23.961  48.951 0.0000000000
52751  -48.281  -24.288  49.649 0.0000000000
53749  -48.936  -23.893  50.024 0.0000000000
52733  -48.611  -24.604  50.359 0.0000000000
51799  -49.603  -25.486  52.620 0.0000000000
124720  -49.293  -25.999  53.063 0.0000000000
56581  -56.617  -20.150  43.629 0.0000000000
57388  -57.344  -19.869  43.310 0.0000000000
106096  -58.136  -19.797  43.202 0.0000000000
57406  -58.731  -19.615  42.656 0.0000000000
57407  -59.516  -19.346  42.382 0.0000000000
58285  -59.851  -18.906  42.010 0.0000000000
58306  -57.610  -19.544  41.165 0.0000000000
57430  -57.490  -19.712  40.357 0.0000000000
58286  -60.418  -19.338  41.890 0.0000000000
58297  -60.581  -20.018  41.003 0.0000000000
58298  -61.636  -20.377  40.387 0.0000000000
58309  -61.057  -19.691  39.967 0.0000000000
57431  -62.417  -20.196  39.913 0.0000000000
57451  -61.353  -19.069  38.137 0.0000000000
58329  -61.976  -18.721  38.741 0.0000000000
34418  -12.035  -46.341  79.254 0.0000000000
38639  -27.216  -40.901  67.332 0.0000000000
40388  -34.117  -39.459  69.685 0.0000000000
46665  -41.576  -31.366  49.201 0.0000000000
48203  -44.648  -30.329  62.717 0.0000000000
48320  -49.070  -30.049  55.312 0.0000000000
106643  -43.573  -31.165  57.311 0.0000000000
108372  -43.759  -30.143  49.936 0.0000000000
111877  -14.711  -47.666  78.102 0.0000000000
118531  -8.992  -46.209  78.741 0.0000000000
121066  -13.335  -47.717  76.029 0.0000000000
121122  -45.811  -30.458  62.509 0.0000000000
123140  -31.359  -39.707  61.919 0.0000000000
124533  -13.158  -47.771  75.123 0.0000000000
125137  -31.321  -39.724  62.747 0.0000000000
