#!ascii label  , from subject Paciente_3 vox2ras=TkReg
1371
83223  -55.047  15.066  37.668 0.0000000000
89462  -45.735  26.931  42.668 0.0000000000
83876  -41.988  17.195  43.408 0.0000000000
119644  -45.509  19.285  35.948 0.0000000000
90571  -50.981  29.330  38.768 0.0000000000
87819  -52.458  24.038  43.067 0.0000000000
87863  -52.138  23.246  36.504 0.0000000000
85786  -43.178  19.214  31.837 0.0000000000
78641  -52.051  9.355  47.703 0.0000000000
81677  -53.471  13.714  46.810 0.0000000000
92713  -43.832  32.133  41.687 0.0000000000
92768  -44.441  33.171  36.576 0.0000000000
94207  -47.969  35.518  33.278 0.0000000000
82460  -48.961  14.210  41.151 0.0000000000
87195  -48.256  22.815  48.799 0.0000000000
85704  -44.316  19.703  39.947 0.0000000000
103695  -48.724  14.557  33.666 0.0000000000
82626  -45.614  14.735  27.063 0.0000000000
81846  -40.885  13.640  30.659 0.0000000000
81830  -54.436  13.912  33.767 0.0000000000
91185  -52.417  30.145  36.255 0.0000000000
90041  -53.809  26.702  37.557 0.0000000000
90051  -51.667  26.828  36.780 0.0000000000
87860  -47.971  23.676  37.217 0.0000000000
79844  -53.828  10.722  47.903 0.0000000000
79814  -51.925  10.811  49.919 0.0000000000
93659  -45.882  35.243  43.501 0.0000000000
93731  -46.779  35.206  35.775 0.0000000000
81696  -47.777  13.346  44.105 0.0000000000
82424  -45.397  15.408  42.107 0.0000000000
90525  -45.298  29.080  45.321 0.0000000000
121626  -47.671  25.679  47.298 0.0000000000
86742  -49.427  21.688  38.789 0.0000000000
87824  -47.866  23.560  41.353 0.0000000000
85173  -45.334  18.754  37.626 0.0000000000
82508  -45.415  14.486  36.900 0.0000000000
82540  -45.417  15.060  34.154 0.0000000000
82594  -48.298  14.555  30.120 0.0000000000
83279  -44.510  15.549  30.675 0.0000000000
104429  -40.983  16.018  30.773 0.0000000000
120737  -48.189  27.788  39.526 0.0000000000
88934  -49.890  25.868  44.013 0.0000000000
89477  -51.993  26.729  41.797 0.0000000000
87843  -53.238  23.609  39.330 0.0000000000
86289  -49.955  20.976  34.990 0.0000000000
85212  -44.545  18.938  32.542 0.0000000000
87330  -47.199  21.461  34.807 0.0000000000
87327  -44.759  21.859  34.634 0.0000000000
79257  -54.141  9.942  45.247 0.0000000000
81715  -54.575  13.623  43.507 0.0000000000
111195  -55.136  15.406  42.602 0.0000000000
92164  -43.832  32.328  45.291 0.0000000000
92154  -45.993  32.233  45.111 0.0000000000
91737  -46.862  30.509  42.028 0.0000000000
91766  -46.330  30.312  40.050 0.0000000000
92235  -48.329  32.196  37.933 0.0000000000
93250  -49.906  33.594  36.902 0.0000000000
92791  -49.551  32.741  34.917 0.0000000000
92799  -47.489  33.463  32.336 0.0000000000
109220  -50.299  12.421  47.381 0.0000000000
82404  -51.290  14.120  44.150 0.0000000000
81764  -52.344  14.183  39.339 0.0000000000
85678  -45.792  19.799  46.050 0.0000000000
87777  -51.018  24.160  47.202 0.0000000000
124612  -46.325  22.293  44.078 0.0000000000
120370  -43.122  19.137  41.949 0.0000000000
81757  -45.604  13.971  39.885 0.0000000000
108493  -49.730  13.882  37.158 0.0000000000
82530  -52.390  14.966  35.065 0.0000000000
83293  -51.843  14.740  30.571 0.0000000000
81180  -49.430  12.909  29.813 0.0000000000
80563  -46.791  11.916  30.503 0.0000000000
83969  -42.929  15.995  28.876 0.0000000000
81866  -42.586  13.761  28.495 0.0000000000
80551  -44.208  11.454  31.778 0.0000000000
83208  -55.815  15.513  38.988 0.0000000000
82501  -56.101  14.359  36.412 0.0000000000
83242  -55.358  14.768  35.430 0.0000000000
91202  -51.733  29.676  34.380 0.0000000000
90068  -52.510  28.250  35.551 0.0000000000
90078  -51.034  28.109  35.506 0.0000000000
117229  -49.561  26.891  37.323 0.0000000000
83173  -43.234  16.560  42.545 0.0000000000
90005  -45.146  27.679  43.882 0.0000000000
85737  -47.169  20.117  36.927 0.0000000000
86259  -47.390  20.202  38.175 0.0000000000
84552  -44.892  18.313  36.858 0.0000000000
83237  -43.866  16.236  35.810 0.0000000000
108320  -43.723  16.536  34.947 0.0000000000
82554  -44.617  15.349  32.714 0.0000000000
125251  -43.793  16.934  33.050 0.0000000000
90562  -49.582  28.369  39.086 0.0000000000
89482  -50.445  27.187  41.081 0.0000000000
90034  -51.334  28.221  39.846 0.0000000000
88973  -53.986  25.180  36.872 0.0000000000
88955  -53.862  25.238  38.794 0.0000000000
87291  -53.180  22.583  37.119 0.0000000000
86756  -52.137  21.347  37.215 0.0000000000
86779  -51.907  21.731  36.110 0.0000000000
86784  -49.303  21.242  35.084 0.0000000000
87304  -50.417  22.035  35.417 0.0000000000
87300  -46.160  22.310  35.625 0.0000000000
81031  -54.139  12.491  48.023 0.0000000000
81058  -54.984  12.359  45.900 0.0000000000
114369  -54.598  14.068  45.690 0.0000000000
81719  -55.185  15.038  43.086 0.0000000000
82421  -54.303  14.866  43.947 0.0000000000
93192  -45.932  33.671  42.906 0.0000000000
93162  -46.804  33.785  44.832 0.0000000000
92705  -46.204  32.605  42.641 0.0000000000
91727  -47.106  31.166  43.481 0.0000000000
92189  -46.347  31.587  42.302 0.0000000000
92751  -43.930  32.534  36.993 0.0000000000
91770  -44.507  30.854  39.216 0.0000000000
118795  -45.727  31.719  38.327 0.0000000000
109641  -47.341  31.119  39.057 0.0000000000
92753  -45.831  33.137  37.061 0.0000000000
94199  -47.761  35.588  34.115 0.0000000000
93723  -48.013  34.979  36.489 0.0000000000
121803  -49.892  35.401  35.463 0.0000000000
93268  -50.965  33.495  35.806 0.0000000000
93292  -48.656  34.709  34.384 0.0000000000
93279  -47.999  33.635  34.016 0.0000000000
93299  -48.050  34.819  32.585 0.0000000000
80394  -45.523  10.553  48.185 0.0000000000
79809  -46.550  10.221  48.413 0.0000000000
80396  -47.216  10.886  47.873 0.0000000000
80398  -49.106  11.312  48.151 0.0000000000
81025  -48.122  11.987  47.318 0.0000000000
82416  -48.605  14.317  43.083 0.0000000000
81698  -49.530  13.886  44.313 0.0000000000
82429  -50.154  14.387  42.139 0.0000000000
82463  -51.858  14.398  41.157 0.0000000000
81745  -51.081  13.812  40.259 0.0000000000
87193  -47.156  22.287  49.016 0.0000000000
85653  -46.525  20.350  49.427 0.0000000000
86201  -47.714  20.845  48.253 0.0000000000
88921  -52.081  25.443  44.719 0.0000000000
88889  -51.220  25.264  46.861 0.0000000000
87801  -52.272  23.843  44.918 0.0000000000
104809  -45.591  22.435  40.702 0.0000000000
87805  -47.091  23.305  43.237 0.0000000000
86727  -44.416  21.823  42.025 0.0000000000
86230  -44.342  20.803  43.486 0.0000000000
85140  -43.765  18.908  40.698 0.0000000000
115944  -44.535  17.303  41.231 0.0000000000
83901  -44.426  16.680  39.650 0.0000000000
82542  -47.124  14.145  34.698 0.0000000000
82510  -47.754  14.177  36.189 0.0000000000
82527  -49.684  14.319  35.375 0.0000000000
106811  -51.101  14.465  36.002 0.0000000000
82545  -50.961  14.817  34.472 0.0000000000
83259  -52.189  15.183  32.741 0.0000000000
82584  -50.588  15.146  31.663 0.0000000000
82605  -46.822  14.661  27.788 0.0000000000
81882  -48.652  14.111  28.852 0.0000000000
81200  -47.563  13.432  28.454 0.0000000000
81178  -47.878  12.464  29.772 0.0000000000
81189  -46.066  13.091  28.877 0.0000000000
85788  -44.467  19.448  32.369 0.0000000000
84586  -43.591  17.479  31.151 0.0000000000
84585  -43.345  17.747  31.190 0.0000000000
82590  -40.183  14.026  29.876 0.0000000000
82602  -41.097  14.484  29.231 0.0000000000
81855  -41.166  13.777  29.719 0.0000000000
81174  -44.036  12.770  30.209 0.0000000000
81838  -43.332  13.036  31.168 0.0000000000
80541  -43.897  10.996  32.384 0.0000000000
81090  -54.425  12.100  41.179 0.0000000000
81153  -53.763  13.111  33.050 0.0000000000
91776  -51.697  30.425  37.820 0.0000000000
90565  -52.924  28.206  38.623 0.0000000000
90577  -53.350  28.336  36.671 0.0000000000
89513  -53.100  26.957  36.487 0.0000000000
88972  -51.991  25.171  37.439 0.0000000000
87862  -50.918  23.749  36.848 0.0000000000
88971  -49.961  25.552  37.750 0.0000000000
79247  -52.625  9.772  48.090 0.0000000000
78631  -53.189  8.990  49.007 0.0000000000
80401  -52.640  12.540  48.618 0.0000000000
92726  -41.628  32.490  40.606 0.0000000000
93266  -45.522  34.178  36.406 0.0000000000
122231  -47.848  35.697  31.987 0.0000000000
118225  -47.896  35.570  31.240 0.0000000000
81053  -47.331  11.983  45.262 0.0000000000
82414  -46.914  14.539  42.816 0.0000000000
108830  -47.595  14.511  41.551 0.0000000000
88377  -48.375  25.495  48.968 0.0000000000
116975  -50.571  22.949  40.291 0.0000000000
87817  -50.518  23.623  42.962 0.0000000000
87256  -48.798  22.646  40.072 0.0000000000
86739  -46.779  21.323  39.476 0.0000000000
85154  -45.022  18.717  38.534 0.0000000000
83213  -44.341  15.456  38.379 0.0000000000
83220  -44.153  16.136  37.133 0.0000000000
118929  -45.421  14.867  35.086 0.0000000000
103679  -46.815  14.682  33.740 0.0000000000
104398  -49.141  14.772  31.776 0.0000000000
82556  -46.518  15.006  32.842 0.0000000000
82592  -46.256  14.899  30.085 0.0000000000
83302  -45.293  15.462  28.072 0.0000000000
84584  -41.826  17.482  31.380 0.0000000000
120128  -43.852  17.387  45.646 0.0000000000
90020  -47.341  26.976  41.018 0.0000000000
88940  -47.888  25.830  43.010 0.0000000000
89474  -48.843  26.544  41.588 0.0000000000
122902  -51.177  26.144  42.986 0.0000000000
88411  -53.056  25.186  42.774 0.0000000000
89489  -53.224  26.952  39.806 0.0000000000
88417  -53.164  24.775  40.290 0.0000000000
87838  -52.105  24.054  40.835 0.0000000000
87264  -50.788  22.395  39.442 0.0000000000
86260  -49.787  20.807  37.335 0.0000000000
85754  -46.596  20.264  35.942 0.0000000000
85762  -45.083  19.390  34.020 0.0000000000
85765  -47.325  20.824  34.658 0.0000000000
85783  -46.009  20.862  33.453 0.0000000000
86806  -44.996  20.943  32.896 0.0000000000
87302  -48.248  22.104  35.643 0.0000000000
87329  -46.323  21.750  34.521 0.0000000000
79854  -54.308  10.631  46.630 0.0000000000
80444  -54.352  11.462  44.556 0.0000000000
81074  -53.049  12.261  42.186 0.0000000000
81718  -54.823  13.775  42.566 0.0000000000
81729  -56.055  15.265  41.587 0.0000000000
83206  -54.898  15.953  39.629 0.0000000000
91703  -44.262  30.850  46.008 0.0000000000
92153  -45.179  32.549  45.601 0.0000000000
91704  -44.652  30.687  46.021 0.0000000000
91133  -45.932  30.334  44.764 0.0000000000
91137  -46.220  29.796  43.755 0.0000000000
91150  -46.307  29.114  41.842 0.0000000000
91754  -42.858  30.919  40.496 0.0000000000
120283  -44.061  30.528  40.516 0.0000000000
91758  -46.329  29.981  40.636 0.0000000000
90557  -46.442  28.462  40.433 0.0000000000
90560  -47.319  28.969  39.353 0.0000000000
91171  -48.357  29.832  38.599 0.0000000000
91774  -49.898  30.702  38.283 0.0000000000
108169  -47.316  33.738  37.055 0.0000000000
92756  -48.737  32.970  37.432 0.0000000000
92236  -50.718  31.986  37.478 0.0000000000
92244  -51.682  32.206  36.186 0.0000000000
92250  -51.374  31.817  34.850 0.0000000000
92248  -48.587  31.699  34.352 0.0000000000
125318  -47.159  32.725  32.566 0.0000000000
93303  -48.493  34.419  31.008 0.0000000000
81019  -51.006  12.308  48.605 0.0000000000
103861  -51.870  13.075  47.200 0.0000000000
81069  -49.067  12.993  45.142 0.0000000000
81685  -50.544  13.407  45.071 0.0000000000
81700  -52.063  13.971  44.843 0.0000000000
112008  -52.880  14.728  42.910 0.0000000000
82464  -53.023  14.863  40.989 0.0000000000
82486  -53.506  15.001  38.125 0.0000000000
85127  -43.247  18.685  44.542 0.0000000000
109698  -48.612  25.478  45.563 0.0000000000
88888  -50.072  25.141  47.569 0.0000000000
87211  -49.674  23.422  47.463 0.0000000000
112811  -48.749  23.477  43.135 0.0000000000
106764  -48.530  22.768  45.876 0.0000000000
87219  -48.328  22.318  46.951 0.0000000000
86224  -46.355  21.215  45.561 0.0000000000
85698  -44.170  19.977  43.733 0.0000000000
85132  -42.522  18.604  43.385 0.0000000000
83880  -44.541  16.720  41.763 0.0000000000
82437  -45.920  14.835  41.547 0.0000000000
81759  -47.469  13.648  40.088 0.0000000000
82495  -45.943  14.160  37.459 0.0000000000
81774  -48.010  13.314  38.574 0.0000000000
115618  -49.478  13.430  39.091 0.0000000000
81776  -50.882  13.695  38.438 0.0000000000
82498  -52.639  14.448  37.454 0.0000000000
82531  -53.973  14.862  35.676 0.0000000000
83261  -54.516  15.342  33.087 0.0000000000
81851  -54.102  14.102  32.048 0.0000000000
81183  -52.575  13.245  30.498 0.0000000000
82596  -50.334  14.739  30.178 0.0000000000
81858  -50.764  13.608  30.019 0.0000000000
81169  -50.725  12.424  30.876 0.0000000000
80557  -49.105  11.787  31.260 0.0000000000
80544  -48.321  11.565  31.741 0.0000000000
120406  -43.981  17.524  32.494 0.0000000000
83278  -43.836  15.955  30.092 0.0000000000
121041  -44.022  15.475  27.756 0.0000000000
83960  -41.812  16.275  29.940 0.0000000000
83306  -42.100  14.821  28.232 0.0000000000
81886  -43.806  13.916  27.531 0.0000000000
81188  -44.939  12.927  29.107 0.0000000000
80561  -45.282  11.721  31.005 0.0000000000
83215  -55.251  15.550  38.597 0.0000000000
82487  -55.919  14.712  38.498 0.0000000000
83224  -55.491  14.725  36.831 0.0000000000
82517  -55.627  14.655  35.939 0.0000000000
83232  -55.164  14.837  36.179 0.0000000000
91201  -51.195  29.593  34.225 0.0000000000
90601  -51.300  28.803  35.019 0.0000000000
120912  -50.577  29.139  34.671 0.0000000000
83170  -43.503  15.673  42.668 0.0000000000
83878  -42.673  17.195  42.717 0.0000000000
90006  -45.376  27.429  43.098 0.0000000000
89455  -45.430  26.763  43.667 0.0000000000
89456  -46.064  26.159  43.166 0.0000000000
85194  -45.940  19.623  36.328 0.0000000000
85184  -46.036  19.416  36.877 0.0000000000
85192  -44.767  18.720  35.871 0.0000000000
83927  -43.690  17.200  35.650 0.0000000000
85191  -43.891  18.179  35.330 0.0000000000
83932  -43.779  16.759  33.943 0.0000000000
85205  -44.045  18.280  34.357 0.0000000000
90570  -49.951  29.082  38.670 0.0000000000
90563  -50.613  28.657  39.234 0.0000000000
88440  -52.891  23.895  36.731 0.0000000000
87865  -53.588  24.038  37.536 0.0000000000
87864  -52.914  23.053  36.614 0.0000000000
87290  -52.691  22.052  36.493 0.0000000000
87306  -52.098  22.328  36.214 0.0000000000
87305  -51.269  21.798  35.702 0.0000000000
87888  -51.290  22.662  35.977 0.0000000000
79251  -52.260  10.155  47.180 0.0000000000
81678  -54.065  13.285  47.347 0.0000000000
123380  -54.726  13.184  46.885 0.0000000000
81688  -54.244  13.830  46.326 0.0000000000
82407  -54.349  14.715  44.562 0.0000000000
81702  -54.173  14.526  45.337 0.0000000000
92704  -44.864  32.887  42.453 0.0000000000
93193  -46.735  33.247  43.061 0.0000000000
92714  -45.043  31.813  42.128 0.0000000000
93255  -44.163  33.301  36.300 0.0000000000
92767  -43.651  32.853  36.604 0.0000000000
92232  -44.441  31.932  37.537 0.0000000000
92233  -45.344  32.189  37.621 0.0000000000
92234  -46.235  32.296  37.791 0.0000000000
94200  -48.203  35.472  34.615 0.0000000000
94208  -48.234  35.403  34.117 0.0000000000
111756  -49.421  35.105  34.821 0.0000000000
93750  -48.187  35.346  33.760 0.0000000000
93291  -48.234  34.781  33.472 0.0000000000
93762  -47.973  35.551  32.908 0.0000000000
80411  -44.921  11.042  47.488 0.0000000000
80412  -45.947  11.046  47.566 0.0000000000
80395  -46.544  10.790  47.932 0.0000000000
80413  -46.877  11.127  47.633 0.0000000000
80414  -47.637  11.287  47.754 0.0000000000
82439  -48.592  14.349  41.447 0.0000000000
82428  -49.087  14.348  42.162 0.0000000000
82440  -49.512  14.262  41.389 0.0000000000
82462  -50.727  14.246  41.085 0.0000000000
81744  -50.084  13.748  40.521 0.0000000000
108556  -47.839  24.651  49.330 0.0000000000
87194  -47.696  22.523  48.931 0.0000000000
86186  -47.514  20.937  49.203 0.0000000000
86687  -47.960  21.320  48.531 0.0000000000
87810  -52.936  24.190  43.813 0.0000000000
88395  -52.377  24.541  44.893 0.0000000000
87809  -52.532  23.819  44.085 0.0000000000
86240  -44.813  20.536  39.842 0.0000000000
87253  -44.886  22.251  41.201 0.0000000000
86734  -44.182  21.004  40.584 0.0000000000
86731  -43.941  21.095  41.479 0.0000000000
85152  -43.818  18.949  39.923 0.0000000000
84530  -43.926  18.315  40.081 0.0000000000
84531  -44.288  17.584  39.493 0.0000000000
104520  -48.221  13.979  34.498 0.0000000000
82526  -48.729  14.084  35.263 0.0000000000
82543  -49.168  14.395  34.501 0.0000000000
82544  -50.075  14.632  34.503 0.0000000000
82558  -49.629  14.694  33.646 0.0000000000
82559  -50.562  14.766  33.583 0.0000000000
104147  -50.153  14.855  32.700 0.0000000000
82616  -46.531  14.827  27.417 0.0000000000
81880  -47.507  14.011  28.249 0.0000000000
81879  -46.513  13.854  28.028 0.0000000000
81199  -46.745  13.391  28.463 0.0000000000
81198  -45.845  13.646  28.109 0.0000000000
85787  -43.915  19.295  31.982 0.0000000000
85219  -43.604  18.595  31.622 0.0000000000
85218  -42.841  18.485  31.496 0.0000000000
81854  -40.248  13.816  30.076 0.0000000000
81847  -42.272  13.601  30.665 0.0000000000
109726  -41.949  13.699  31.561 0.0000000000
81837  -42.882  13.251  31.805 0.0000000000
81747  -55.543  13.539  40.944 0.0000000000
81154  -54.262  13.535  33.932 0.0000000000
81164  -54.015  13.518  33.011 0.0000000000
91180  -52.410  29.960  37.254 0.0000000000
91176  -52.909  29.169  37.453 0.0000000000
91181  -52.988  29.263  36.494 0.0000000000
116908  -52.455  27.644  35.941 0.0000000000
90069  -53.066  27.862  36.088 0.0000000000
89501  -52.655  25.983  36.909 0.0000000000
113652  -50.930  24.836  37.588 0.0000000000
89500  -51.239  25.833  37.541 0.0000000000
89499  -49.237  26.278  37.700 0.0000000000
78630  -53.007  8.347  49.370 0.0000000000
120627  -53.306  11.877  49.109 0.0000000000
123226  -52.540  12.159  49.148 0.0000000000
93201  -42.766  33.502  41.476 0.0000000000
94213  -47.666  35.765  32.485 0.0000000000
104399  -47.785  35.667  31.156 0.0000000000
105624  -47.678  35.583  30.338 0.0000000000
82413  -45.422  14.947  42.607 0.0000000000
109867  -46.111  14.520  42.927 0.0000000000
82425  -45.942  14.840  42.270 0.0000000000
124336  -47.487  14.560  42.302 0.0000000000
82426  -46.798  14.696  42.072 0.0000000000
90517  -45.327  29.751  46.705 0.0000000000
88875  -47.711  26.226  48.643 0.0000000000
87257  -49.786  22.603  40.042 0.0000000000
116859  -49.214  23.142  40.544 0.0000000000
87263  -49.085  22.132  39.465 0.0000000000
85726  -46.622  19.798  37.918 0.0000000000
86246  -47.256  20.531  38.834 0.0000000000
85712  -46.153  19.843  38.397 0.0000000000
85166  -45.305  18.638  37.984 0.0000000000
84543  -44.476  17.179  37.755 0.0000000000
83921  -44.206  16.701  37.307 0.0000000000
106807  -44.216  15.699  35.103 0.0000000000
121958  -44.719  15.164  35.267 0.0000000000
82541  -46.192  14.717  34.450 0.0000000000
117739  -45.958  14.959  33.596 0.0000000000
122735  -47.338  14.711  33.075 0.0000000000
83269  -44.384  15.485  31.728 0.0000000000
82566  -45.032  15.085  32.393 0.0000000000
83280  -45.050  15.117  31.419 0.0000000000
108482  -45.803  15.222  29.019 0.0000000000
90024  -47.517  27.466  40.309 0.0000000000
89473  -47.791  26.550  41.573 0.0000000000
89480  -48.233  26.972  40.942 0.0000000000
89483  -51.477  27.282  41.153 0.0000000000
89476  -51.087  26.866  41.799 0.0000000000
89468  -51.635  26.387  42.476 0.0000000000
88943  -51.959  25.945  43.233 0.0000000000
88946  -52.454  25.977  42.501 0.0000000000
112646  -53.461  27.437  38.328 0.0000000000
90036  -53.013  27.536  39.287 0.0000000000
90037  -53.587  26.840  38.707 0.0000000000
87844  -53.574  23.817  39.050 0.0000000000
88952  -53.342  25.450  39.799 0.0000000000
87840  -53.294  24.054  39.612 0.0000000000
87839  -52.776  24.280  40.390 0.0000000000
87842  -52.559  23.546  39.746 0.0000000000
124556  -51.782  23.451  40.117 0.0000000000
104915  -51.989  22.775  39.217 0.0000000000
86769  -51.332  20.973  36.509 0.0000000000
86755  -51.097  21.249  37.636 0.0000000000
122702  -49.805  20.682  36.739 0.0000000000
86274  -49.093  20.580  36.996 0.0000000000
86280  -49.031  20.764  35.758 0.0000000000
85755  -47.395  20.586  35.343 0.0000000000
86287  -47.782  20.903  34.930 0.0000000000
86796  -48.398  21.267  35.104 0.0000000000
86296  -47.369  21.013  34.504 0.0000000000
121063  -47.009  21.125  34.199 0.0000000000
86807  -45.411  20.951  33.096 0.0000000000
120806  -48.860  23.862  37.180 0.0000000000
87861  -49.741  23.493  36.625 0.0000000000
87886  -48.792  22.961  36.324 0.0000000000
87315  -45.867  22.092  34.973 0.0000000000
79248  -53.352  10.065  48.312 0.0000000000
79853  -53.523  10.508  47.040 0.0000000000
79845  -54.138  10.825  47.288 0.0000000000
105757  -54.814  13.476  45.340 0.0000000000
107491  -54.602  12.288  45.121 0.0000000000
81070  -54.392  12.639  44.335 0.0000000000
81075  -53.251  11.833  43.319 0.0000000000
82432  -55.381  15.268  42.663 0.0000000000
82445  -55.574  15.442  42.041 0.0000000000
82466  -55.803  15.650  41.201 0.0000000000
83182  -55.231  15.840  41.123 0.0000000000
92163  -43.189  31.464  44.907 0.0000000000
91702  -43.643  30.809  45.711 0.0000000000
92152  -43.994  31.547  45.547 0.0000000000
94116  -45.946  35.452  44.151 0.0000000000
93649  -46.386  34.801  44.680 0.0000000000
92682  -46.873  33.141  44.363 0.0000000000
92670  -45.641  33.365  45.661 0.0000000000
113020  -45.934  32.909  45.496 0.0000000000
104847  -44.611  31.593  45.508 0.0000000000
91705  -45.157  31.652  45.397 0.0000000000
91125  -45.249  30.852  45.312 0.0000000000
91716  -46.140  31.288  44.593 0.0000000000
91738  -47.132  30.877  42.710 0.0000000000
91138  -46.964  30.309  43.065 0.0000000000
108872  -46.442  29.463  42.743 0.0000000000
91151  -46.855  30.041  42.278 0.0000000000
91763  -43.417  30.532  40.165 0.0000000000
91764  -44.179  30.448  39.937 0.0000000000
120059  -45.881  30.698  39.874 0.0000000000
91757  -45.778  30.374  40.520 0.0000000000
113710  -46.454  29.784  40.217 0.0000000000
90559  -46.735  28.678  39.893 0.0000000000
91167  -46.765  29.611  39.794 0.0000000000
92223  -47.576  31.712  38.418 0.0000000000
91773  -47.931  30.612  38.792 0.0000000000
92224  -48.255  31.357  38.467 0.0000000000
106452  -48.865  30.658  38.395 0.0000000000
92225  -49.318  31.633  38.135 0.0000000000
93730  -45.888  34.675  35.941 0.0000000000
93722  -46.326  34.586  36.366 0.0000000000
103859  -47.084  35.003  36.346 0.0000000000
93717  -49.499  34.397  36.697 0.0000000000
93716  -48.609  34.373  36.794 0.0000000000
92757  -49.555  32.961  37.386 0.0000000000
106427  -49.969  32.278  37.746 0.0000000000
92758  -50.411  32.819  37.150 0.0000000000
92243  -51.055  32.345  36.909 0.0000000000
92770  -51.054  32.943  36.462 0.0000000000
92782  -50.417  33.612  35.455 0.0000000000
92783  -51.163  32.698  35.417 0.0000000000
92792  -50.726  32.159  34.879 0.0000000000
109183  -51.025  30.961  34.269 0.0000000000
92249  -49.925  31.265  34.401 0.0000000000
92795  -47.556  33.348  33.193 0.0000000000
92804  -47.416  33.141  31.509 0.0000000000
93773  -48.301  35.193  31.110 0.0000000000
79811  -49.597  10.519  48.863 0.0000000000
81027  -49.641  11.969  47.898 0.0000000000
81018  -50.132  11.802  48.521 0.0000000000
110039  -50.486  12.229  48.118 0.0000000000
81028  -51.263  12.707  47.854 0.0000000000
81042  -51.018  12.905  46.862 0.0000000000
81067  -47.351  12.472  44.573 0.0000000000
113318  -47.913  12.193  45.083 0.0000000000
81068  -48.323  12.820  44.641 0.0000000000
120675  -50.465  14.183  44.000 0.0000000000
81699  -50.307  13.917  44.407 0.0000000000
124523  -51.110  13.780  44.700 0.0000000000
114927  -51.527  13.444  45.340 0.0000000000
82405  -52.691  14.361  44.301 0.0000000000
82419  -52.039  14.432  43.518 0.0000000000
81746  -52.097  14.258  40.227 0.0000000000
82475  -53.055  14.809  40.028 0.0000000000
82476  -54.042  15.297  39.824 0.0000000000
111749  -53.241  14.766  39.131 0.0000000000
85662  -46.543  19.935  48.647 0.0000000000
85114  -44.934  18.381  45.839 0.0000000000
88933  -48.563  25.769  43.858 0.0000000000
108021  -48.185  25.542  44.594 0.0000000000
88918  -49.187  25.650  44.760 0.0000000000
87778  -51.461  24.478  46.617 0.0000000000
117256  -50.866  25.165  47.359 0.0000000000
87767  -50.559  24.385  47.621 0.0000000000
88378  -49.802  24.450  48.115 0.0000000000
87776  -50.405  23.864  47.482 0.0000000000
87816  -49.387  23.626  42.555 0.0000000000
112168  -49.751  23.370  43.648 0.0000000000
106317  -48.306  23.646  42.311 0.0000000000
87241  -46.710  22.831  43.691 0.0000000000
87242  -47.541  22.971  43.887 0.0000000000
87235  -47.946  22.571  44.910 0.0000000000
116079  -47.687  22.295  46.127 0.0000000000
86717  -46.943  22.152  45.371 0.0000000000
86703  -47.103  21.619  46.202 0.0000000000
86716  -46.227  21.929  44.718 0.0000000000
122270  -43.608  20.410  42.409 0.0000000000
86229  -43.730  20.316  42.991 0.0000000000
85697  -43.312  19.721  43.340 0.0000000000
85133  -42.816  19.111  43.803 0.0000000000
85135  -42.720  18.764  42.696 0.0000000000
115531  -43.154  17.680  42.308 0.0000000000
84513  -43.900  17.588  41.803 0.0000000000
83194  -45.263  15.592  40.822 0.0000000000
83891  -45.049  16.240  41.218 0.0000000000
81740  -46.064  14.312  40.665 0.0000000000
81741  -46.985  14.152  40.738 0.0000000000
81758  -46.492  13.692  40.004 0.0000000000
113397  -44.763  14.764  37.156 0.0000000000
82493  -44.520  14.777  38.017 0.0000000000
81803  -48.329  13.833  36.744 0.0000000000
81802  -47.590  13.886  36.989 0.0000000000
81790  -48.957  13.715  37.409 0.0000000000
113648  -48.815  13.430  38.348 0.0000000000
113649  -49.600  13.634  38.106 0.0000000000
81775  -50.242  13.596  38.754 0.0000000000
81791  -50.377  13.775  37.824 0.0000000000
82529  -51.428  14.848  35.240 0.0000000000
82497  -51.739  14.257  36.869 0.0000000000
82514  -51.983  14.755  35.941 0.0000000000
82516  -53.382  14.742  36.331 0.0000000000
111198  -52.943  14.848  35.743 0.0000000000
83240  -54.692  15.237  34.933 0.0000000000
114238  -53.768  15.349  33.795 0.0000000000
83283  -52.696  15.140  31.210 0.0000000000
83284  -53.477  14.981  31.502 0.0000000000
82585  -53.079  14.536  30.806 0.0000000000
81850  -53.583  13.679  31.345 0.0000000000
81860  -52.785  13.688  30.342 0.0000000000
82582  -48.275  14.595  31.491 0.0000000000
107056  -49.165  14.617  30.629 0.0000000000
82595  -49.249  14.447  29.602 0.0000000000
81869  -49.218  13.946  29.180 0.0000000000
81870  -50.062  13.970  29.574 0.0000000000
81194  -49.827  13.554  29.554 0.0000000000
81182  -51.518  13.000  30.449 0.0000000000
81181  -50.408  12.988  30.103 0.0000000000
80558  -50.007  11.884  31.556 0.0000000000
81168  -49.758  12.381  30.662 0.0000000000
80564  -47.497  11.975  30.486 0.0000000000
80565  -48.133  12.098  30.385 0.0000000000
80555  -47.641  11.610  31.324 0.0000000000
80543  -47.443  11.397  32.208 0.0000000000
80554  -46.841  11.481  31.332 0.0000000000
85772  -44.955  19.313  33.185 0.0000000000
85206  -44.525  18.710  33.465 0.0000000000
84570  -44.242  18.269  32.501 0.0000000000
84592  -43.396  16.950  30.711 0.0000000000
83953  -43.511  16.800  30.626 0.0000000000
83962  -43.379  16.245  29.923 0.0000000000
83290  -43.887  15.807  29.088 0.0000000000
83300  -43.450  15.680  28.150 0.0000000000
83952  -41.894  16.989  30.802 0.0000000000
83959  -40.918  15.484  30.123 0.0000000000
81865  -41.702  14.137  28.896 0.0000000000
82603  -41.782  14.427  28.663 0.0000000000
81874  -42.045  14.157  28.273 0.0000000000
82614  -42.914  14.470  27.773 0.0000000000
81876  -43.387  13.613  27.982 0.0000000000
81868  -44.143  13.139  28.361 0.0000000000
81867  -43.442  13.227  28.597 0.0000000000
81167  -44.497  12.003  31.126 0.0000000000
80552  -44.681  11.034  31.714 0.0000000000
79969  -45.396  10.826  31.757 0.0000000000
82477  -56.134  15.003  39.603 0.0000000000
81806  -56.306  13.728  36.083 0.0000000000
91191  -52.447  29.752  35.278 0.0000000000
91186  -52.793  29.313  35.765 0.0000000000
90602  -52.347  28.926  35.304 0.0000000000
90079  -51.856  28.135  35.427 0.0000000000
90067  -51.311  27.616  36.140 0.0000000000
90050  -50.369  27.191  36.868 0.0000000000
90066  -50.236  27.792  36.170 0.0000000000
83171  -44.814  15.558  42.354 0.0000000000
89991  -45.062  28.142  44.856 0.0000000000
89446  -45.147  27.240  44.653 0.0000000000
88898  -46.854  25.556  45.954 0.0000000000
103191  -48.166  20.379  37.784 0.0000000000
86752  -48.038  20.629  38.660 0.0000000000
85727  -47.316  20.114  37.491 0.0000000000
85736  -46.539  19.757  37.303 0.0000000000
85183  -45.422  18.847  37.164 0.0000000000
84551  -44.378  17.453  37.116 0.0000000000
84550  -44.085  17.796  36.312 0.0000000000
83247  -44.134  15.895  34.225 0.0000000000
82555  -45.130  15.137  33.323 0.0000000000
83258  -44.494  15.492  33.502 0.0000000000
108918  -43.861  16.115  33.256 0.0000000000
83257  -44.060  15.726  32.515 0.0000000000
90032  -49.199  27.793  39.613 0.0000000000
90025  -49.817  27.490  40.356 0.0000000000
90033  -50.239  27.995  39.728 0.0000000000
90026  -50.921  27.664  40.470 0.0000000000
90027  -51.869  27.719  40.480 0.0000000000
89503  -54.115  25.807  36.984 0.0000000000
121552  -54.126  25.927  37.955 0.0000000000
88957  -54.185  25.144  37.877 0.0000000000
87847  -53.636  23.853  38.348 0.0000000000
87266  -53.437  23.285  38.655 0.0000000000
108593  -52.724  22.157  38.165 0.0000000000
87274  -52.933  21.757  37.202 0.0000000000
86770  -52.120  21.478  36.499 0.0000000000
86290  -50.624  20.926  35.580 0.0000000000
86288  -49.138  20.893  35.047 0.0000000000
86786  -50.193  21.237  35.080 0.0000000000
87319  -49.980  21.278  34.892 0.0000000000
116300  -49.007  21.840  35.145 0.0000000000
87885  -47.573  22.834  36.485 0.0000000000
79256  -53.475  9.821  45.610 0.0000000000
80416  -54.436  11.531  47.794 0.0000000000
80417  -54.732  11.435  47.055 0.0000000000
81032  -54.752  12.494  47.421 0.0000000000
81689  -54.800  13.297  46.192 0.0000000000
115151  -54.732  14.253  44.540 0.0000000000
82422  -54.555  14.743  43.773 0.0000000000
82431  -54.967  15.082  43.197 0.0000000000
92681  -43.777  33.172  45.168 0.0000000000
116422  -45.796  34.597  43.141 0.0000000000
93660  -46.450  34.690  43.967 0.0000000000
93183  -46.417  34.126  43.425 0.0000000000
93184  -46.914  33.325  43.466 0.0000000000
92694  -47.087  32.766  43.579 0.0000000000
92165  -46.980  32.201  44.074 0.0000000000
92706  -47.074  32.381  42.916 0.0000000000
92190  -47.060  31.283  42.507 0.0000000000
92201  -46.521  30.808  41.775 0.0000000000
92750  -42.961  32.325  37.096 0.0000000000
92221  -43.991  31.171  38.298 0.0000000000
92222  -44.944  31.477  38.378 0.0000000000
91771  -45.605  31.144  39.213 0.0000000000
91772  -46.481  30.986  39.562 0.0000000000
108842  -46.589  31.596  38.620 0.0000000000
92743  -47.208  32.303  37.947 0.0000000000
93740  -46.893  35.492  34.877 0.0000000000
93732  -47.756  35.376  35.873 0.0000000000
94191  -47.645  35.503  35.075 0.0000000000
94185  -48.743  35.590  36.058 0.0000000000
93725  -49.985  35.107  36.365 0.0000000000
93260  -50.917  33.632  36.122 0.0000000000
93742  -50.201  34.963  35.254 0.0000000000
93280  -49.591  34.313  34.950 0.0000000000
113290  -48.461  33.227  34.562 0.0000000000
80410  -43.976  11.058  47.359 0.0000000000
79842  -44.517  10.729  48.047 0.0000000000
104981  -45.497  9.868  48.652 0.0000000000
79826  -46.030  10.290  48.353 0.0000000000
80387  -49.002  10.788  48.322 0.0000000000
80397  -48.090  10.919  47.986 0.0000000000
80415  -48.309  11.369  47.886 0.0000000000
81040  -49.233  12.202  47.037 0.0000000000
81712  -48.178  13.969  43.656 0.0000000000
81713  -48.983  14.072  43.908 0.0000000000
82417  -49.523  14.316  43.114 0.0000000000
82418  -50.634  14.326  43.365 0.0000000000
82430  -51.378  14.469  42.618 0.0000000000
112949  -50.902  14.370  41.752 0.0000000000
124006  -51.323  14.373  41.489 0.0000000000
121685  -51.607  13.842  39.574 0.0000000000
86679  -47.195  21.279  49.384 0.0000000000
86193  -47.118  20.443  49.182 0.0000000000
86200  -47.047  20.280  48.086 0.0000000000
88920  -51.593  25.646  44.805 0.0000000000
88919  -50.195  25.683  44.991 0.0000000000
88902  -51.668  25.385  45.491 0.0000000000
88903  -51.854  24.630  45.786 0.0000000000
87787  -51.194  23.867  46.301 0.0000000000
87254  -46.374  22.577  40.547 0.0000000000
87815  -47.170  23.515  42.305 0.0000000000
87823  -46.200  23.162  41.910 0.0000000000
87813  -45.509  22.735  42.588 0.0000000000
86721  -45.198  22.110  43.411 0.0000000000
86722  -45.735  21.862  44.057 0.0000000000
86236  -44.547  21.598  43.084 0.0000000000
86237  -43.572  20.448  41.840 0.0000000000
115482  -43.501  19.298  41.244 0.0000000000
117969  -44.203  17.763  41.357 0.0000000000
84519  -44.045  18.350  40.974 0.0000000000
83193  -44.696  16.093  40.263 0.0000000000
82456  -44.747  15.216  39.906 0.0000000000
123283  -46.560  14.658  36.063 0.0000000000
108692  -47.033  14.333  36.473 0.0000000000
82525  -47.842  13.933  35.394 0.0000000000
82511  -48.468  14.073  35.984 0.0000000000
82512  -49.147  14.098  35.881 0.0000000000
81805  -49.775  14.054  36.267 0.0000000000
82513  -50.348  14.287  35.933 0.0000000000
82528  -50.575  14.638  35.281 0.0000000000
82546  -51.857  14.968  34.379 0.0000000000
83248  -52.284  15.140  33.590 0.0000000000
82560  -51.478  14.903  33.560 0.0000000000
82571  -51.187  14.976  32.498 0.0000000000
83270  -51.371  15.281  31.436 0.0000000000
113698  -47.880  14.712  29.131 0.0000000000
116086  -48.557  14.465  29.046 0.0000000000
121970  -48.432  14.299  28.820 0.0000000000
81881  -48.139  13.774  28.392 0.0000000000
81192  -48.335  13.264  28.930 0.0000000000
81179  -48.474  12.776  29.611 0.0000000000
81191  -47.867  12.931  29.004 0.0000000000
81190  -47.150  12.981  28.942 0.0000000000
110415  -46.588  12.500  29.742 0.0000000000
85781  -45.071  19.773  32.836 0.0000000000
84578  -44.128  18.423  31.990 0.0000000000
85220  -44.138  18.758  31.961 0.0000000000
83961  -42.785  16.404  29.804 0.0000000000
83277  -40.176  15.137  30.687 0.0000000000
83288  -40.546  14.675  29.978 0.0000000000
82591  -40.910  14.053  29.336 0.0000000000
81856  -42.344  13.711  29.481 0.0000000000
81857  -43.304  13.243  29.297 0.0000000000
81848  -43.315  13.296  30.329 0.0000000000
81166  -43.911  12.404  31.071 0.0000000000
81160  -43.812  12.237  31.981 0.0000000000
81159  -43.312  12.560  32.683 0.0000000000
80464  -53.191  10.931  41.552 0.0000000000
91174  -51.347  29.885  38.316 0.0000000000
119751  -51.825  29.398  38.558 0.0000000000
91175  -52.210  29.708  38.048 0.0000000000
90573  -53.200  28.513  37.725 0.0000000000
90040  -53.532  27.634  37.403 0.0000000000
90587  -53.067  28.611  35.835 0.0000000000
89514  -53.376  27.473  36.590 0.0000000000
90052  -53.563  26.689  36.880 0.0000000000
89502  -53.648  25.932  36.771 0.0000000000
120649  -53.003  25.030  37.044 0.0000000000
88439  -52.050  24.310  37.065 0.0000000000
88438  -49.613  24.476  37.569 0.0000000000
117204  -50.297  26.489  37.440 0.0000000000
88970  -48.847  25.345  37.946 0.0000000000
120300  -52.688  8.803  48.583 0.0000000000
78637  -53.050  9.408  48.566 0.0000000000
79220  -53.263  9.317  49.743 0.0000000000
79816  -53.444  10.106  49.420 0.0000000000
79828  -53.853  10.589  48.862 0.0000000000
80402  -53.996  11.582  48.541 0.0000000000
81030  -53.332  12.948  48.008 0.0000000000
81044  -53.207  13.327  47.403 0.0000000000
93668  -45.339  35.169  43.077 0.0000000000
93191  -44.744  34.202  42.772 0.0000000000
93202  -43.735  33.281  42.021 0.0000000000
119865  -43.105  32.691  41.491 0.0000000000
92769  -45.205  33.593  36.637 0.0000000000
94198  -46.925  35.578  33.993 0.0000000000
94206  -47.742  35.671  33.176 0.0000000000
94214  -47.895  35.625  32.601 0.0000000000
93772  -47.961  35.588  32.037 0.0000000000
94234  -48.058  35.616  30.503 0.0000000000
81710  -46.585  13.999  43.393 0.0000000000
81711  -47.380  14.001  43.528 0.0000000000
82415  -47.801  14.424  43.021 0.0000000000
82427  -48.198  14.447  42.218 0.0000000000
120968  -48.180  14.440  41.007 0.0000000000
88365  -48.023  25.461  49.403 0.0000000000
113778  -48.430  24.608  49.279 0.0000000000
87827  -51.395  23.754  42.419 0.0000000000
87818  -51.684  23.611  43.464 0.0000000000
87826  -50.244  23.638  41.891 0.0000000000
87825  -49.046  23.555  41.406 0.0000000000
87834  -47.627  23.138  40.709 0.0000000000
86740  -47.743  21.217  39.321 0.0000000000
87261  -47.452  21.942  39.879 0.0000000000
105185  -47.152  22.622  40.413 0.0000000000
86736  -45.997  21.942  40.027 0.0000000000
86244  -45.522  20.248  38.952 0.0000000000
85710  -44.494  19.106  39.239 0.0000000000
85153  -44.274  18.341  39.330 0.0000000000
84536  -44.441  16.954  38.602 0.0000000000
83221  -44.328  15.433  37.379 0.0000000000
125322  -45.030  14.778  36.477 0.0000000000
83229  -44.128  15.852  36.559 0.0000000000
82524  -44.953  14.994  35.863 0.0000000000
120684  -45.716  14.755  36.065 0.0000000000
119093  -46.380  14.594  35.370 0.0000000000
82557  -47.734  14.292  33.719 0.0000000000
103694  -49.263  14.802  32.774 0.0000000000
82570  -48.274  14.605  32.717 0.0000000000
82569  -47.408  14.831  32.247 0.0000000000
82581  -47.416  14.853  31.177 0.0000000000
116988  -45.644  15.038  32.893 0.0000000000
82568  -46.604  15.040  31.813 0.0000000000
82593  -47.234  14.745  30.072 0.0000000000
110865  -46.941  14.886  29.066 0.0000000000
82604  -46.213  15.110  27.925 0.0000000000
83310  -45.735  15.150  27.369 0.0000000000
85217  -42.042  18.234  31.680 0.0000000000
84583  -40.975  16.569  31.579 0.0000000000
82589  -39.766  14.322  30.653 0.0000000000
82578  -39.698  13.995  30.651 0.0000000000
81845  -39.979  13.773  30.958 0.0000000000
89472  -46.853  26.778  41.594 0.0000000000
89463  -46.423  26.480  42.364 0.0000000000
89464  -47.320  26.207  42.259 0.0000000000
89465  -48.374  26.152  42.259 0.0000000000
88941  -49.047  25.942  43.037 0.0000000000
89475  -49.955  26.679  41.666 0.0000000000
89466  -49.485  26.263  42.303 0.0000000000
88942  -50.220  26.091  43.072 0.0000000000
88936  -52.101  25.684  44.046 0.0000000000
88409  -52.999  24.869  43.617 0.0000000000
87820  -52.936  24.494  43.056 0.0000000000
90035  -52.326  28.100  39.697 0.0000000000
90028  -52.592  27.420  40.225 0.0000000000
89485  -52.857  26.747  40.693 0.0000000000
89490  -53.578  26.166  39.221 0.0000000000
89486  -53.173  26.285  40.127 0.0000000000
89478  -52.646  26.398  41.568 0.0000000000
88414  -53.130  24.928  41.660 0.0000000000
87829  -52.607  24.492  42.033 0.0000000000
87828  -51.933  24.111  41.921 0.0000000000
87837  -51.154  23.565  41.046 0.0000000000
87258  -51.206  23.069  39.988 0.0000000000
107428  -49.895  22.086  39.350 0.0000000000
87273  -51.742  21.811  38.278 0.0000000000
86743  -50.473  21.739  38.624 0.0000000000
86753  -48.979  20.986  38.157 0.0000000000
86273  -48.039  20.364  36.691 0.0000000000
85201  -45.195  19.439  35.143 0.0000000000
85753  -45.802  20.008  35.598 0.0000000000
85763  -45.653  20.031  34.540 0.0000000000
85773  -45.382  19.878  33.592 0.0000000000
86295  -46.792  20.833  34.091 0.0000000000
85782  -45.535  20.335  33.302 0.0000000000
119017  -45.245  20.575  32.976 0.0000000000
86308  -44.786  20.238  32.626 0.0000000000
120491  -44.630  20.570  32.664 0.0000000000
87887  -50.468  22.991  35.986 0.0000000000
87303  -49.449  21.959  35.331 0.0000000000
87317  -47.801  21.659  35.320 0.0000000000
87301  -47.131  22.195  35.744 0.0000000000
87316  -46.692  21.846  35.050 0.0000000000
79252  -53.014  10.240  46.635 0.0000000000
79857  -54.436  10.566  45.830 0.0000000000
80432  -54.892  11.347  46.284 0.0000000000
80442  -54.672  11.371  45.470 0.0000000000
79859  -54.348  10.551  44.894 0.0000000000
81073  -52.588  10.896  42.050 0.0000000000
81088  -52.623  11.365  41.329 0.0000000000
81089  -53.618  12.445  41.737 0.0000000000
81727  -55.194  13.670  41.800 0.0000000000
122163  -56.083  14.711  41.648 0.0000000000
81728  -55.777  15.130  42.370 0.0000000000
82467  -56.133  15.394  40.577 0.0000000000
83207  -55.460  16.013  39.384 0.0000000000
124918  -54.837  15.767  38.990 0.0000000000
92668  -44.355  32.959  45.533 0.0000000000
93161  -46.270  33.910  45.482 0.0000000000
92669  -44.953  33.193  45.717 0.0000000000
114835  -44.481  32.266  45.515 0.0000000000
123294  -44.328  31.506  45.544 0.0000000000
91112  -44.471  30.224  46.857 0.0000000000
91113  -44.847  30.038  47.054 0.0000000000
91124  -45.277  30.170  45.868 0.0000000000
91726  -46.542  30.561  43.891 0.0000000000
91132  -45.573  29.377  44.600 0.0000000000
90537  -45.702  28.892  43.467 0.0000000000
90015  -45.338  28.120  43.186 0.0000000000
90016  -45.590  27.696  42.384 0.0000000000
92209  -43.253  31.363  41.106 0.0000000000
92199  -44.191  31.211  41.447 0.0000000000
92200  -45.330  31.087  41.624 0.0000000000
91746  -45.545  30.568  41.152 0.0000000000
91756  -44.845  30.501  40.535 0.0000000000
91747  -46.331  30.300  41.225 0.0000000000
91748  -46.419  29.707  41.364 0.0000000000
91159  -46.316  28.748  41.031 0.0000000000
90022  -46.202  27.907  40.877 0.0000000000
90019  -46.656  27.364  40.895 0.0000000000
90023  -46.700  27.962  40.265 0.0000000000
90031  -47.337  28.166  39.652 0.0000000000
124966  -47.402  30.586  39.185 0.0000000000
90568  -47.910  29.161  38.814 0.0000000000
90561  -47.972  28.439  39.028 0.0000000000
90569  -48.802  28.902  38.649 0.0000000000
91172  -49.376  29.801  38.429 0.0000000000
91173  -50.403  29.866  38.407 0.0000000000
93257  -46.006  34.030  36.693 0.0000000000
93247  -46.529  33.759  36.948 0.0000000000
92755  -47.775  32.960  37.421 0.0000000000
93248  -47.800  34.277  36.833 0.0000000000
105393  -48.222  33.652  37.073 0.0000000000
118521  -49.220  32.442  37.751 0.0000000000
91779  -50.372  31.476  37.961 0.0000000000
91775  -50.858  30.631  38.130 0.0000000000
91780  -51.173  31.221  37.658 0.0000000000
92237  -51.430  31.667  36.981 0.0000000000
91784  -52.117  31.241  36.288 0.0000000000
92771  -51.383  32.946  35.898 0.0000000000
92246  -51.676  32.120  35.359 0.0000000000
103467  -52.121  31.386  35.384 0.0000000000
92251  -51.736  31.188  34.654 0.0000000000
91793  -51.521  30.266  34.178 0.0000000000
92255  -47.592  32.152  33.858 0.0000000000
93302  -48.192  34.409  31.704 0.0000000000
80389  -50.938  11.100  49.560 0.0000000000
125147  -49.659  10.897  48.690 0.0000000000
111564  -50.674  11.735  49.118 0.0000000000
108892  -51.500  11.539  49.510 0.0000000000
81020  -51.780  12.626  48.441 0.0000000000
81029  -52.401  12.997  47.819 0.0000000000
81043  -52.698  13.408  47.033 0.0000000000
81039  -47.759  12.080  46.103 0.0000000000
120316  -48.544  12.257  46.382 0.0000000000
104037  -49.202  12.567  45.987 0.0000000000
115235  -48.979  13.500  44.503 0.0000000000
81055  -49.864  13.049  45.547 0.0000000000
81041  -50.060  12.694  46.442 0.0000000000
81056  -50.816  13.068  45.894 0.0000000000
81057  -51.937  13.297  46.320 0.0000000000
81687  -53.453  14.128  45.970 0.0000000000
81701  -53.184  14.411  45.137 0.0000000000
114839  -54.102  14.997  43.429 0.0000000000
106247  -54.202  15.154  42.751 0.0000000000
82443  -53.010  14.847  41.965 0.0000000000
82444  -54.384  15.426  41.830 0.0000000000
82465  -54.075  15.416  40.722 0.0000000000
109822  -54.190  15.383  39.019 0.0000000000
83214  -54.567  15.336  38.334 0.0000000000
84501  -44.515  17.576  46.256 0.0000000000
85113  -44.018  18.087  45.258 0.0000000000
85126  -42.475  18.214  44.133 0.0000000000
88931  -46.529  25.702  43.688 0.0000000000
88899  -48.023  25.303  46.414 0.0000000000
110746  -49.879  25.573  45.812 0.0000000000
88900  -49.367  25.353  46.780 0.0000000000
88887  -48.641  25.213  47.840 0.0000000000
88386  -49.356  24.820  48.191 0.0000000000
87765  -49.355  23.863  48.476 0.0000000000
87203  -48.722  22.922  48.365 0.0000000000
103693  -50.863  23.434  43.793 0.0000000000
87807  -50.715  23.217  44.575 0.0000000000
87799  -50.532  23.290  45.596 0.0000000000
103408  -47.872  23.432  43.168 0.0000000000
87806  -48.664  22.992  44.008 0.0000000000
87237  -49.504  23.050  45.739 0.0000000000
87220  -49.118  23.070  46.733 0.0000000000
114553  -48.750  22.663  47.648 0.0000000000
86688  -48.347  21.931  48.269 0.0000000000
86696  -47.772  21.478  47.120 0.0000000000
122480  -46.953  20.778  46.894 0.0000000000
123801  -46.221  20.446  46.136 0.0000000000
86715  -45.595  21.191  44.627 0.0000000000
86222  -45.039  20.336  44.308 0.0000000000
85692  -45.207  19.725  45.220 0.0000000000
85690  -43.578  19.416  44.193 0.0000000000
121916  -42.193  17.912  43.579 0.0000000000
83879  -43.740  17.092  42.197 0.0000000000
83175  -45.007  16.031  41.938 0.0000000000
83882  -44.758  16.769  41.482 0.0000000000
83883  -45.047  16.108  41.679 0.0000000000
83177  -45.900  14.893  41.834 0.0000000000
82438  -46.618  14.617  41.558 0.0000000000
82459  -47.351  14.468  41.118 0.0000000000
125329  -48.533  14.177  40.827 0.0000000000
83908  -44.416  16.134  38.755 0.0000000000
82483  -44.475  14.885  38.962 0.0000000000
81771  -45.423  14.053  39.056 0.0000000000
81801  -46.795  14.064  37.251 0.0000000000
81787  -46.484  13.782  38.125 0.0000000000
81773  -47.093  13.425  39.018 0.0000000000
115574  -47.938  13.363  39.455 0.0000000000
115573  -48.674  13.351  39.303 0.0000000000
81761  -49.352  13.435  40.016 0.0000000000
81762  -50.200  13.520  39.740 0.0000000000
81763  -50.951  13.619  39.286 0.0000000000
81777  -51.657  13.817  38.652 0.0000000000
82496  -50.617  14.011  36.799 0.0000000000
81793  -51.975  14.014  37.805 0.0000000000
82485  -52.545  14.281  38.422 0.0000000000
82499  -53.395  14.786  37.084 0.0000000000
83231  -54.969  14.925  36.707 0.0000000000
108220  -54.868  14.986  35.827 0.0000000000
83251  -55.216  15.245  34.264 0.0000000000
83274  -55.050  15.092  33.094 0.0000000000
83260  -53.248  15.417  33.029 0.0000000000
123351  -54.591  15.050  32.556 0.0000000000
81840  -54.252  13.999  32.925 0.0000000000
81839  -53.910  13.514  32.171 0.0000000000
81172  -53.510  13.202  31.509 0.0000000000
124916  -49.823  14.950  31.952 0.0000000000
82583  -50.026  15.108  30.913 0.0000000000
82597  -51.004  14.518  30.298 0.0000000000
121046  -49.713  14.408  29.666 0.0000000000
82609  -50.185  14.320  29.824 0.0000000000
82598  -51.841  14.143  30.307 0.0000000000
81859  -51.911  13.684  30.303 0.0000000000
107629  -52.176  12.708  30.851 0.0000000000
81162  -51.982  12.363  31.669 0.0000000000
81161  -50.953  12.079  31.710 0.0000000000
80546  -50.242  11.662  32.500 0.0000000000
80566  -48.872  12.308  30.453 0.0000000000
80556  -48.426  11.792  30.997 0.0000000000
104749  -43.979  17.769  33.450 0.0000000000
116791  -43.798  16.104  31.604 0.0000000000
84577  -43.939  17.809  31.680 0.0000000000
83947  -43.748  17.059  31.098 0.0000000000
83268  -43.821  16.139  30.796 0.0000000000
83291  -44.530  15.677  29.830 0.0000000000
83301  -44.342  15.672  28.117 0.0000000000
82625  -44.809  14.634  27.086 0.0000000000
106302  -42.525  17.737  31.164 0.0000000000
83289  -41.294  15.324  29.304 0.0000000000
83968  -42.036  15.867  28.900 0.0000000000
83299  -42.495  15.405  28.228 0.0000000000
83307  -42.651  14.887  27.934 0.0000000000
82624  -43.817  14.466  27.388 0.0000000000
81878  -45.036  13.814  27.567 0.0000000000
81197  -45.026  13.323  28.155 0.0000000000
81176  -45.633  12.479  29.945 0.0000000000
81187  -44.067  12.929  29.249 0.0000000000
81175  -44.739  12.498  30.159 0.0000000000
80562  -46.096  11.954  30.504 0.0000000000
78624  -53.297  8.759  49.616 0.0000000000
79234  -53.377  9.343  49.244 0.0000000000
79241  -53.560  9.662  48.852 0.0000000000
79813  -51.109  10.480  49.794 0.0000000000
79843  -53.002  10.322  47.558 0.0000000000
79856  -53.793  10.189  46.207 0.0000000000
80388  -50.173  11.055  49.065 0.0000000000
80390  -52.504  11.554  49.554 0.0000000000
80399  -49.800  11.247  48.654 0.0000000000
80400  -51.749  12.247  49.105 0.0000000000
80447  -51.934  10.361  42.038 0.0000000000
80463  -52.285  11.118  40.831 0.0000000000
81021  -53.494  12.371  48.504 0.0000000000
81026  -48.834  11.763  47.745 0.0000000000
81045  -55.007  12.369  46.675 0.0000000000
81054  -48.488  12.400  45.490 0.0000000000
81072  -51.337  10.263  42.182 0.0000000000
81081  -52.640  11.072  42.049 0.0000000000
81151  -43.645  11.499  32.710 0.0000000000
81163  -53.801  13.231  32.220 0.0000000000
81170  -51.519  12.421  31.034 0.0000000000
81171  -52.914  12.832  31.136 0.0000000000
81177  -47.372  12.483  29.702 0.0000000000
81193  -48.928  13.461  29.280 0.0000000000
81201  -48.102  13.388  28.571 0.0000000000
81202  -48.527  13.710  28.770 0.0000000000
81676  -52.876  13.751  46.406 0.0000000000
81684  -49.674  13.491  44.812 0.0000000000
81686  -52.534  13.848  45.654 0.0000000000
81697  -48.455  13.538  44.172 0.0000000000
81703  -54.609  14.404  45.117 0.0000000000
81714  -49.857  14.198  43.925 0.0000000000
81742  -47.909  14.257  40.704 0.0000000000
81743  -49.208  13.846  40.709 0.0000000000
81760  -48.454  13.621  40.212 0.0000000000
81772  -46.081  13.706  39.058 0.0000000000
81786  -45.666  14.047  38.302 0.0000000000
81788  -47.359  13.567  37.882 0.0000000000
81789  -48.170  13.470  37.613 0.0000000000
81792  -51.213  13.860  37.715 0.0000000000
81804  -49.066  13.970  36.557 0.0000000000
81841  -54.883  14.461  33.392 0.0000000000
81849  -53.125  13.401  30.684 0.0000000000
81861  -53.205  13.911  30.572 0.0000000000
81871  -50.912  14.009  30.115 0.0000000000
81875  -42.581  14.048  27.941 0.0000000000
81877  -44.296  13.589  27.728 0.0000000000
81887  -44.490  14.073  27.308 0.0000000000
81888  -45.129  14.312  27.195 0.0000000000
81889  -46.285  14.841  27.400 0.0000000000
82406  -53.848  14.840  44.608 0.0000000000
82420  -53.399  14.756  43.811 0.0000000000
82441  -50.166  14.323  41.337 0.0000000000
82442  -51.861  14.536  41.999 0.0000000000
82457  -45.324  14.713  40.403 0.0000000000
82458  -46.466  14.584  41.234 0.0000000000
82461  -49.796  14.286  41.096 0.0000000000
82474  -44.961  14.454  39.517 0.0000000000
82484  -44.958  14.387  38.580 0.0000000000
82494  -45.148  14.383  37.704 0.0000000000
82507  -44.580  15.205  36.539 0.0000000000
82509  -46.209  14.375  36.683 0.0000000000
82515  -52.642  14.628  36.566 0.0000000000
82539  -44.759  15.269  34.467 0.0000000000
82567  -45.726  15.007  32.129 0.0000000000
82572  -54.114  14.760  32.029 0.0000000000
82573  -54.600  14.639  32.635 0.0000000000
82579  -45.877  14.999  31.169 0.0000000000
82580  -46.677  15.043  30.936 0.0000000000
82586  -53.579  14.308  31.344 0.0000000000
82599  -52.650  14.165  30.367 0.0000000000
82606  -47.754  14.479  28.580 0.0000000000
82607  -48.955  14.269  29.294 0.0000000000
82608  -49.397  14.215  29.417 0.0000000000
82613  -42.225  14.414  28.100 0.0000000000
82615  -43.238  14.084  27.673 0.0000000000
82617  -47.119  14.460  28.301 0.0000000000
82618  -48.040  14.178  28.412 0.0000000000
82623  -43.370  14.864  27.645 0.0000000000
83174  -44.260  16.317  42.210 0.0000000000
83176  -45.419  15.508  41.871 0.0000000000
83181  -45.492  15.536  41.542 0.0000000000
83195  -54.851  15.902  40.341 0.0000000000
83196  -55.593  16.036  40.342 0.0000000000
83197  -56.029  15.814  39.803 0.0000000000
83205  -44.500  15.693  39.291 0.0000000000
83216  -55.465  14.923  38.041 0.0000000000
83222  -54.288  15.055  37.419 0.0000000000
83230  -54.181  14.824  36.507 0.0000000000
83238  -44.371  15.494  35.859 0.0000000000
83239  -53.596  15.167  34.778 0.0000000000
83241  -55.108  15.029  35.142 0.0000000000
83249  -52.820  15.211  34.127 0.0000000000
83250  -54.642  15.463  34.024 0.0000000000
83252  -55.368  14.762  34.695 0.0000000000
83271  -52.053  15.285  31.778 0.0000000000
83272  -52.978  15.374  32.018 0.0000000000
83273  -53.906  15.226  32.291 0.0000000000
83281  -51.034  15.217  30.742 0.0000000000
83282  -51.919  15.303  30.983 0.0000000000
83292  -45.252  15.264  30.241 0.0000000000
83294  -52.464  14.813  30.719 0.0000000000
83298  -41.722  15.065  28.590 0.0000000000
83308  -43.363  15.283  27.834 0.0000000000
83309  -44.797  15.339  27.552 0.0000000000
83311  -46.399  14.900  27.275 0.0000000000
83317  -44.221  15.082  27.397 0.0000000000
83318  -45.291  15.009  27.076 0.0000000000
83319  -46.102  14.945  27.106 0.0000000000
83890  -44.645  16.871  40.755 0.0000000000
83914  -44.289  16.230  37.904 0.0000000000
83920  -43.924  16.721  36.573 0.0000000000
83939  -43.797  16.701  32.186 0.0000000000
83951  -39.943  15.748  31.299 0.0000000000
84507  -43.131  17.829  44.933 0.0000000000
84509  -41.931  17.416  43.951 0.0000000000
84511  -42.488  18.017  42.878 0.0000000000
84512  -43.100  18.317  42.147 0.0000000000
84515  -43.655  18.307  41.569 0.0000000000
84520  -44.273  17.613  40.472 0.0000000000
84537  -44.898  17.880  37.978 0.0000000000
84544  -44.896  18.076  37.463 0.0000000000
84565  -43.661  17.524  34.674 0.0000000000
84587  -43.827  18.148  31.564 0.0000000000
85128  -44.204  18.882  44.889 0.0000000000
85137  -43.623  18.811  41.303 0.0000000000
85165  -44.684  17.911  38.589 0.0000000000
85167  -45.908  19.364  37.699 0.0000000000
85174  -45.861  19.317  37.346 0.0000000000
85193  -45.515  19.005  36.529 0.0000000000
85200  -44.494  18.848  34.708 0.0000000000
85211  -42.400  18.972  32.076 0.0000000000
85668  -46.399  19.879  47.208 0.0000000000
85691  -44.531  19.592  44.587 0.0000000000
85696  -42.833  19.283  42.961 0.0000000000
85699  -43.301  19.909  42.399 0.0000000000
85701  -43.369  19.864  41.499 0.0000000000
85703  -43.743  19.632  40.691 0.0000000000
85711  -45.342  19.461  38.663 0.0000000000
85725  -45.766  19.310  38.103 0.0000000000
85746  -46.607  19.954  36.664 0.0000000000
85747  -47.307  20.334  36.232 0.0000000000
85764  -46.559  20.483  34.870 0.0000000000
85774  -46.029  20.426  33.901 0.0000000000
85780  -43.596  19.835  32.231 0.0000000000
86185  -46.871  20.506  49.561 0.0000000000
86223  -45.627  20.499  45.299 0.0000000000
86231  -45.055  21.316  43.870 0.0000000000
86235  -43.978  20.948  42.494 0.0000000000
86239  -43.681  20.424  41.034 0.0000000000
86243  -44.873  19.824  39.261 0.0000000000
86245  -46.403  20.477  38.866 0.0000000000
86258  -46.834  20.108  38.379 0.0000000000
86275  -50.402  20.752  36.513 0.0000000000
86279  -48.190  20.677  35.532 0.0000000000
86281  -49.907  20.706  35.997 0.0000000000
86297  -48.383  21.132  35.162 0.0000000000
86303  -46.724  21.118  33.978 0.0000000000
86310  -44.274  20.011  32.306 0.0000000000
86680  -47.886  21.763  48.834 0.0000000000
86697  -48.223  21.608  47.827 0.0000000000
86728  -44.873  22.185  42.661 0.0000000000
86732  -44.372  21.663  41.035 0.0000000000
86735  -44.999  21.657  40.305 0.0000000000
86738  -45.764  21.050  39.531 0.0000000000
86741  -48.524  21.494  39.017 0.0000000000
86754  -50.002  21.256  38.001 0.0000000000
86768  -50.550  20.908  37.224 0.0000000000
86778  -51.162  21.282  35.722 0.0000000000
86785  -49.776  21.232  34.913 0.0000000000
87204  -49.342  23.329  47.969 0.0000000000
87221  -50.290  23.535  46.747 0.0000000000
87234  -46.935  22.492  44.480 0.0000000000
87236  -49.720  22.921  44.678 0.0000000000
87240  -45.955  22.529  43.520 0.0000000000
87246  -44.972  22.426  42.004 0.0000000000
87249  -45.507  22.733  41.539 0.0000000000
87250  -46.076  22.884  41.128 0.0000000000
87255  -47.944  22.608  40.225 0.0000000000
87260  -46.737  22.096  40.079 0.0000000000
87262  -48.249  21.953  39.682 0.0000000000
87265  -53.040  22.973  38.844 0.0000000000
87275  -53.260  22.580  37.979 0.0000000000
87276  -53.471  23.238  37.829 0.0000000000
87318  -49.418  21.258  34.979 0.0000000000
87320  -50.508  21.402  35.288 0.0000000000
87752  -48.154  23.696  49.118 0.0000000000
87753  -48.764  23.833  49.012 0.0000000000
87766  -49.988  23.836  47.942 0.0000000000
87788  -51.830  24.092  45.727 0.0000000000
87789  -52.289  24.150  45.161 0.0000000000
87800  -51.498  23.581  45.321 0.0000000000
87802  -52.685  24.086  44.498 0.0000000000
87808  -51.707  23.519  44.402 0.0000000000
87814  -46.375  23.160  42.913 0.0000000000
87833  -46.881  23.155  41.172 0.0000000000
87835  -48.399  23.245  40.635 0.0000000000
87836  -50.040  23.183  40.889 0.0000000000
88366  -48.948  24.764  48.963 0.0000000000
88387  -50.456  24.887  47.715 0.0000000000
88388  -51.156  24.865  47.301 0.0000000000
88404  -52.783  24.585  44.219 0.0000000000
88418  -53.551  24.485  39.364 0.0000000000
88420  -53.804  24.457  38.571 0.0000000000
88422  -53.936  24.569  37.875 0.0000000000
88441  -53.898  24.766  37.121 0.0000000000
88890  -51.535  25.018  46.609 0.0000000000
88901  -50.605  25.432  46.869 0.0000000000
88922  -52.419  25.036  44.618 0.0000000000
88932  -47.388  25.530  43.918 0.0000000000
88935  -51.183  25.871  43.836 0.0000000000
88937  -52.593  25.262  44.105 0.0000000000
88939  -46.873  25.791  42.986 0.0000000000
88944  -52.572  25.495  43.415 0.0000000000
88947  -53.019  25.696  41.995 0.0000000000
88951  -53.150  25.789  40.965 0.0000000000
88974  -54.193  25.197  37.147 0.0000000000
89447  -45.477  26.449  44.576 0.0000000000
89467  -50.614  26.446  42.393 0.0000000000
89471  -46.084  27.291  41.702 0.0000000000
89481  -49.323  27.021  40.974 0.0000000000
89484  -52.256  27.119  41.042 0.0000000000
90536  -45.250  28.480  44.178 0.0000000000
90549  -45.835  28.540  42.474 0.0000000000
90554  -45.924  28.140  41.614 0.0000000000
90564  -51.887  28.875  39.173 0.0000000000
90572  -52.545  29.017  38.333 0.0000000000
90617  -51.033  29.272  34.511 0.0000000000
90618  -51.523  29.261  34.609 0.0000000000
91164  -46.418  29.252  40.396 0.0000000000
91168  -47.472  29.924  39.141 0.0000000000
91190  -52.027  29.403  34.756 0.0000000000
91745  -44.525  30.702  41.047 0.0000000000
91755  -43.656  30.798  40.835 0.0000000000
91762  -42.643  30.640  39.762 0.0000000000
91765  -45.090  30.525  39.927 0.0000000000
91781  -51.928  30.835  37.120 0.0000000000
91787  -52.149  30.327  34.698 0.0000000000
92155  -46.492  32.794  44.868 0.0000000000
92177  -47.217  31.807  43.111 0.0000000000
92198  -42.946  32.033  41.254 0.0000000000
92671  -46.424  33.364  45.235 0.0000000000
92727  -42.454  32.621  41.069 0.0000000000
92752  -44.859  32.779  36.953 0.0000000000
92754  -46.782  33.062  37.371 0.0000000000
93172  -46.974  33.546  44.066 0.0000000000
93249  -49.072  33.627  37.032 0.0000000000
93251  -50.577  33.476  36.602 0.0000000000
93258  -46.948  34.406  36.688 0.0000000000
93259  -50.378  34.339  36.308 0.0000000000
93267  -50.621  34.303  35.770 0.0000000000
93636  -46.081  34.538  45.355 0.0000000000
93637  -46.636  34.299  45.059 0.0000000000
93724  -49.129  35.191  36.522 0.0000000000
93733  -50.340  35.137  35.816 0.0000000000
93741  -49.432  35.311  34.992 0.0000000000
93751  -48.668  35.211  34.580 0.0000000000
94186  -49.642  35.554  36.019 0.0000000000
94192  -48.424  35.515  35.270 0.0000000000
94193  -49.215  35.580  35.438 0.0000000000
94201  -48.710  35.361  34.789 0.0000000000
103649  -53.434  12.889  31.994 0.0000000000
104677  -44.845  15.557  29.074 0.0000000000
106328  -50.882  25.773  44.712 0.0000000000
106899  -45.748  14.954  41.093 0.0000000000
107010  -47.156  14.449  35.714 0.0000000000
107088  -52.477  13.879  30.280 0.0000000000
110006  -48.699  27.388  40.270 0.0000000000
110745  -51.071  25.557  45.797 0.0000000000
111389  -49.386  27.393  36.843 0.0000000000
111873  -43.296  30.181  45.667 0.0000000000
113670  -45.711  14.285  27.538 0.0000000000
114239  -55.124  15.328  33.571 0.0000000000
114356  -53.425  24.235  36.972 0.0000000000
114889  -47.504  21.199  34.774 0.0000000000
117243  -49.809  22.718  35.788 0.0000000000
117727  -44.106  20.260  40.418 0.0000000000
117917  -52.037  25.104  45.271 0.0000000000
118771  -46.820  14.566  27.980 0.0000000000
118926  -51.803  28.964  34.946 0.0000000000
119226  -51.688  25.140  45.939 0.0000000000
119763  -45.260  28.780  45.853 0.0000000000
120060  -46.952  30.509  39.558 0.0000000000
120474  -52.363  30.615  35.528 0.0000000000
120600  -46.817  33.980  43.850 0.0000000000
120962  -48.942  22.683  44.941 0.0000000000
121177  -52.512  21.674  37.631 0.0000000000
121623  -42.273  33.848  41.257 0.0000000000
121879  -46.784  34.200  44.437 0.0000000000
122174  -44.420  17.197  41.569 0.0000000000
122568  -51.956  28.575  35.198 0.0000000000
122979  -51.468  25.266  46.216 0.0000000000
123279  -44.970  20.747  32.823 0.0000000000
123311  -48.309  22.277  48.558 0.0000000000
123865  -49.844  14.661  30.073 0.0000000000
123907  -53.048  24.705  42.498 0.0000000000
124801  -44.952  15.234  33.878 0.0000000000
124887  -47.351  35.542  30.698 0.0000000000
125139  -48.728  28.183  39.086 0.0000000000
125273  -53.307  23.430  37.145 0.0000000000
125284  -54.234  25.481  37.332 0.0000000000
