#!ascii label  , from subject Paciente_3 vox2ras=TkReg
910
118777  -37.501  -37.736  57.407 0.0000000000
38714  -20.135  -40.432  60.758 0.0000000000
121727  -28.254  -36.480  59.448 0.0000000000
59981  -48.182  -16.094  43.161 0.0000000000
60013  -55.036  -15.662  38.719 0.0000000000
38667  -12.548  -40.626  65.858 0.0000000000
111236  -43.616  -17.414  45.853 0.0000000000
43950  -40.505  -34.205  56.483 0.0000000000
40525  -32.159  -38.870  58.096 0.0000000000
38695  -15.990  -40.533  62.977 0.0000000000
35365  -15.708  -45.170  66.406 0.0000000000
42993  -34.333  -35.486  55.605 0.0000000000
44897  -35.526  -33.364  54.751 0.0000000000
40507  -25.188  -38.355  59.037 0.0000000000
42947  -30.762  -35.146  57.676 0.0000000000
50174  -40.666  -27.883  46.117 0.0000000000
118772  -43.282  -23.359  44.482 0.0000000000
55753  -46.541  -21.376  42.524 0.0000000000
36141  -8.687  -43.935  69.966 0.0000000000
36913  -5.265  -42.843  73.363 0.0000000000
48313  -34.353  -30.015  54.950 0.0000000000
48350  -34.420  -29.655  51.821 0.0000000000
47530  -37.141  -30.655  48.416 0.0000000000
35333  -12.159  -44.806  68.042 0.0000000000
37038  -20.172  -42.520  63.203 0.0000000000
37864  -22.321  -41.840  62.270 0.0000000000
40528  -35.282  -38.915  58.118 0.0000000000
40467  -19.713  -37.762  61.806 0.0000000000
38712  -17.912  -40.215  61.611 0.0000000000
37035  -17.699  -43.120  63.285 0.0000000000
42950  -34.789  -35.331  58.694 0.0000000000
42973  -32.157  -35.637  57.225 0.0000000000
52775  -39.604  -24.221  46.230 0.0000000000
51904  -41.748  -25.317  45.365 0.0000000000
54825  -40.398  -22.462  45.638 0.0000000000
56588  -44.473  -19.824  42.785 0.0000000000
58281  -46.766  -18.367  42.014 0.0000000000
56593  -49.234  -20.784  41.752 0.0000000000
58289  -49.458  -18.656  41.023 0.0000000000
58301  -50.758  -18.050  40.428 0.0000000000
47387  -34.161  -30.966  58.033 0.0000000000
123932  -35.817  -32.373  54.562 0.0000000000
48280  -32.764  -29.942  57.049 0.0000000000
50104  -31.670  -27.167  53.007 0.0000000000
50967  -33.083  -26.973  50.657 0.0000000000
47496  -35.223  -30.592  50.135 0.0000000000
50143  -35.192  -28.147  49.362 0.0000000000
50158  -37.191  -27.722  48.186 0.0000000000
42091  -26.602  -36.517  59.500 0.0000000000
36185  -10.529  -43.032  67.807 0.0000000000
36200  -12.261  -43.090  66.180 0.0000000000
36074  -5.155  -44.191  76.135 0.0000000000
36072  -3.564  -43.871  76.512 0.0000000000
57355  -41.143  -18.978  47.042 0.0000000000
117625  -40.081  -32.291  56.529 0.0000000000
41337  -29.910  -38.199  58.186 0.0000000000
38681  -14.217  -40.282  64.344 0.0000000000
37010  -13.777  -42.922  64.876 0.0000000000
37022  -15.765  -42.983  63.784 0.0000000000
60849  -56.332  -15.278  38.422 0.0000000000
41371  -36.084  -37.315  56.014 0.0000000000
42995  -37.403  -35.776  55.356 0.0000000000
43948  -35.156  -34.460  55.080 0.0000000000
41291  -20.950  -37.344  61.045 0.0000000000
39650  -22.332  -40.092  59.767 0.0000000000
42088  -23.340  -36.404  59.246 0.0000000000
115810  -24.916  -34.741  58.767 0.0000000000
43912  -27.020  -34.051  58.266 0.0000000000
44856  -29.419  -33.187  59.316 0.0000000000
42970  -29.134  -35.705  57.270 0.0000000000
42128  -30.915  -36.671  56.235 0.0000000000
40550  -33.316  -37.875  56.432 0.0000000000
48413  -41.552  -30.752  47.950 0.0000000000
56563  -42.255  -20.430  44.204 0.0000000000
54854  -44.766  -22.118  43.510 0.0000000000
59132  -52.651  -17.720  39.649 0.0000000000
35283  -6.503  -44.052  71.830 0.0000000000
35245  -7.166  -44.964  74.446 0.0000000000
44899  -37.083  -33.694  54.497 0.0000000000
113139  -37.181  -32.128  55.043 0.0000000000
47439  -37.448  -30.185  55.327 0.0000000000
49175  -31.829  -28.706  55.483 0.0000000000
49192  -34.484  -29.135  54.038 0.0000000000
49194  -36.962  -29.122  54.682 0.0000000000
48353  -37.302  -30.014  52.799 0.0000000000
46638  -38.530  -31.980  51.484 0.0000000000
118059  -40.005  -31.864  49.296 0.0000000000
48420  -38.397  -29.738  47.350 0.0000000000
51018  -38.734  -26.344  47.046 0.0000000000
38706  -24.513  -41.325  61.811 0.0000000000
36966  -9.024  -42.523  69.302 0.0000000000
35314  -10.276  -44.561  69.416 0.0000000000
35349  -13.967  -45.191  66.597 0.0000000000
118257  -2.186  -43.943  76.228 0.0000000000
37861  -19.834  -41.881  61.738 0.0000000000
37851  -20.844  -42.247  62.801 0.0000000000
37872  -21.272  -41.640  61.364 0.0000000000
40543  -36.281  -38.339  57.241 0.0000000000
39636  -19.941  -39.291  60.674 0.0000000000
39620  -18.794  -38.986  61.699 0.0000000000
38713  -19.386  -40.404  61.078 0.0000000000
37860  -18.869  -41.850  61.700 0.0000000000
54800  -39.289  -22.642  47.119 0.0000000000
53783  -40.022  -23.429  45.928 0.0000000000
55703  -39.948  -21.662  46.465 0.0000000000
59117  -46.720  -16.808  43.301 0.0000000000
59119  -46.199  -17.593  42.627 0.0000000000
59120  -46.941  -17.325  42.284 0.0000000000
123313  -47.721  -18.650  41.470 0.0000000000
121622  -48.142  -17.613  41.553 0.0000000000
59124  -49.102  -17.512  41.093 0.0000000000
47402  -33.395  -30.645  57.288 0.0000000000
51805  -32.700  -25.577  51.752 0.0000000000
121937  -34.433  -27.668  49.922 0.0000000000
50969  -34.966  -26.407  50.012 0.0000000000
50131  -36.445  -26.741  49.357 0.0000000000
42092  -27.520  -36.140  59.661 0.0000000000
42075  -27.309  -37.092  60.480 0.0000000000
42082  -28.206  -37.106  60.637 0.0000000000
37818  -11.606  -41.115  66.713 0.0000000000
37819  -12.199  -41.290  66.071 0.0000000000
60021  -54.401  -16.662  38.312 0.0000000000
120602  -4.355  -43.935  76.547 0.0000000000
42953  -41.147  -35.849  57.700 0.0000000000
45772  -40.212  -33.289  56.277 0.0000000000
40524  -31.366  -38.804  58.428 0.0000000000
40510  -32.084  -39.138  58.961 0.0000000000
39602  -16.996  -39.279  62.931 0.0000000000
39601  -16.108  -39.480  63.328 0.0000000000
39580  -15.290  -39.217  64.569 0.0000000000
38694  -15.323  -40.105  63.452 0.0000000000
37841  -14.702  -41.495  63.677 0.0000000000
108998  -16.082  -41.582  62.999 0.0000000000
37011  -18.570  -43.257  65.003 0.0000000000
36218  -17.727  -43.711  64.737 0.0000000000
41375  -34.885  -36.740  55.504 0.0000000000
42142  -35.562  -35.958  55.120 0.0000000000
42994  -34.788  -35.045  55.680 0.0000000000
42066  -22.300  -36.004  61.914 0.0000000000
42079  -22.134  -36.674  60.214 0.0000000000
42899  -22.993  -35.153  60.801 0.0000000000
44841  -24.583  -33.422  59.528 0.0000000000
44852  -25.415  -32.887  59.314 0.0000000000
43900  -26.132  -34.031  58.517 0.0000000000
43911  -26.737  -33.414  58.468 0.0000000000
42914  -31.113  -34.939  59.771 0.0000000000
43915  -30.310  -34.355  58.161 0.0000000000
43914  -29.247  -34.210  57.944 0.0000000000
43934  -29.813  -35.105  57.343 0.0000000000
42126  -29.849  -36.023  56.768 0.0000000000
42971  -30.578  -35.557  56.860 0.0000000000
42992  -33.687  -35.748  56.276 0.0000000000
114075  -32.458  -36.304  56.308 0.0000000000
42131  -33.998  -36.521  55.893 0.0000000000
41369  -34.470  -37.152  55.942 0.0000000000
49278  -40.706  -28.868  46.479 0.0000000000
49273  -42.086  -29.176  46.818 0.0000000000
50175  -41.678  -27.797  46.047 0.0000000000
52793  -42.256  -24.625  45.180 0.0000000000
51892  -43.011  -26.259  45.601 0.0000000000
58248  -42.790  -17.688  46.194 0.0000000000
57365  -41.199  -19.667  45.281 0.0000000000
58262  -42.500  -18.796  44.513 0.0000000000
56589  -45.240  -20.326  42.469 0.0000000000
55738  -44.768  -20.838  42.824 0.0000000000
55739  -45.210  -21.685  43.146 0.0000000000
54855  -45.655  -22.530  43.776 0.0000000000
58302  -51.583  -18.218  40.242 0.0000000000
117996  -51.830  -16.709  40.151 0.0000000000
60011  -52.443  -16.838  39.796 0.0000000000
124235  -7.616  -42.779  70.497 0.0000000000
36940  -7.133  -42.749  71.130 0.0000000000
35297  -7.514  -44.153  70.967 0.0000000000
35260  -7.634  -44.948  73.457 0.0000000000
35231  -7.380  -45.284  75.364 0.0000000000
43957  -36.420  -34.289  54.538 0.0000000000
43012  -37.801  -35.087  55.080 0.0000000000
44898  -36.378  -33.585  54.454 0.0000000000
47438  -34.683  -30.815  54.845 0.0000000000
46596  -36.284  -32.111  54.597 0.0000000000
120729  -36.085  -31.233  54.830 0.0000000000
46597  -37.026  -31.184  55.177 0.0000000000
48314  -35.242  -29.851  55.001 0.0000000000
50901  -31.271  -26.560  55.192 0.0000000000
49227  -32.376  -28.230  51.918 0.0000000000
49204  -32.804  -28.814  53.539 0.0000000000
49205  -33.791  -29.002  53.472 0.0000000000
104403  -35.330  -29.032  54.099 0.0000000000
49207  -35.798  -29.003  53.725 0.0000000000
48338  -36.696  -29.373  53.463 0.0000000000
48351  -35.394  -29.948  51.966 0.0000000000
47510  -35.907  -30.897  49.768 0.0000000000
46649  -36.930  -31.663  50.533 0.0000000000
46661  -37.141  -31.632  49.676 0.0000000000
105495  -38.519  -32.138  50.471 0.0000000000
46678  -38.478  -31.370  48.621 0.0000000000
110809  -39.120  -30.957  48.080 0.0000000000
48412  -37.741  -30.216  47.920 0.0000000000
51006  -37.547  -26.710  48.656 0.0000000000
50159  -37.885  -27.053  47.917 0.0000000000
51008  -38.443  -25.225  48.888 0.0000000000
39665  -23.972  -39.463  59.179 0.0000000000
38728  -23.626  -40.848  60.371 0.0000000000
38729  -25.129  -40.541  60.309 0.0000000000
35346  -11.616  -44.090  67.653 0.0000000000
36172  -10.080  -43.308  68.363 0.0000000000
35315  -11.142  -44.777  69.154 0.0000000000
35378  -14.405  -44.306  65.478 0.0000000000
36202  -13.757  -44.033  65.648 0.0000000000
34550  -14.816  -45.340  66.390 0.0000000000
37026  -19.990  -42.652  64.768 0.0000000000
37842  -20.502  -42.479  64.133 0.0000000000
118318  -21.879  -41.923  63.982 0.0000000000
37854  -23.282  -41.683  63.485 0.0000000000
103922  -33.761  -38.758  57.735 0.0000000000
124249  -33.625  -39.524  59.243 0.0000000000
40450  -18.597  -37.805  63.046 0.0000000000
39619  -18.054  -39.341  61.867 0.0000000000
38703  -17.329  -40.631  62.131 0.0000000000
37850  -17.033  -42.237  62.929 0.0000000000
120261  -18.183  -42.067  62.066 0.0000000000
37036  -18.472  -42.994  63.221 0.0000000000
42975  -34.192  -35.455  56.656 0.0000000000
42976  -35.019  -35.114  56.949 0.0000000000
42931  -31.735  -35.174  59.333 0.0000000000
42972  -31.356  -35.493  57.057 0.0000000000
42974  -33.183  -35.637  57.291 0.0000000000
51025  -39.459  -26.183  46.303 0.0000000000
51027  -41.034  -27.081  45.717 0.0000000000
52791  -40.344  -24.321  45.676 0.0000000000
53792  -40.796  -23.502  45.408 0.0000000000
54826  -41.341  -22.747  45.146 0.0000000000
58273  -43.481  -18.394  44.171 0.0000000000
103398  -44.794  -17.783  43.717 0.0000000000
57396  -45.405  -19.492  42.378 0.0000000000
110455  -46.796  -20.034  41.875 0.0000000000
55754  -47.842  -21.113  42.128 0.0000000000
56601  -48.144  -19.974  41.345 0.0000000000
56602  -48.834  -20.073  41.395 0.0000000000
57414  -50.003  -19.476  41.143 0.0000000000
58300  -49.958  -17.845  40.695 0.0000000000
59125  -49.852  -16.900  40.778 0.0000000000
35298  -9.186  -44.596  70.487 0.0000000000
35286  -8.913  -44.849  71.345 0.0000000000
35274  -9.547  -45.290  71.994 0.0000000000
46564  -34.640  -32.476  56.903 0.0000000000
45777  -35.353  -32.643  54.837 0.0000000000
46563  -34.139  -31.841  56.144 0.0000000000
47421  -33.545  -31.107  55.946 0.0000000000
47436  -33.008  -30.494  55.657 0.0000000000
51775  -31.512  -25.766  53.820 0.0000000000
51789  -32.043  -25.714  52.541 0.0000000000
115383  -32.163  -27.348  51.763 0.0000000000
49228  -32.936  -28.747  51.338 0.0000000000
115281  -34.749  -29.985  51.158 0.0000000000
48381  -34.110  -29.487  50.310 0.0000000000
49248  -35.113  -29.120  49.382 0.0000000000
48410  -36.263  -29.601  48.727 0.0000000000
49264  -36.684  -28.719  48.366 0.0000000000
50157  -36.499  -27.923  48.589 0.0000000000
41305  -25.948  -37.994  59.427 0.0000000000
40482  -26.385  -39.619  60.393 0.0000000000
112583  -26.982  -38.810  61.035 0.0000000000
36186  -11.129  -43.143  67.335 0.0000000000
35347  -12.383  -44.501  67.285 0.0000000000
35243  -5.524  -44.216  74.208 0.0000000000
36900  -4.053  -41.945  74.391 0.0000000000
36073  -4.128  -43.645  75.611 0.0000000000
36875  -3.406  -43.420  75.751 0.0000000000
36874  -3.076  -43.469  75.802 0.0000000000
47424  -39.412  -30.838  56.493 0.0000000000
42094  -28.712  -37.002  59.067 0.0000000000
41307  -28.873  -37.653  60.802 0.0000000000
39562  -15.147  -39.153  65.447 0.0000000000
38680  -13.652  -40.595  64.653 0.0000000000
37009  -13.134  -42.306  65.083 0.0000000000
37021  -13.900  -42.178  64.377 0.0000000000
36227  -14.445  -43.171  64.567 0.0000000000
105924  -16.103  -44.255  64.954 0.0000000000
37023  -16.610  -43.355  63.751 0.0000000000
36217  -17.006  -44.148  64.876 0.0000000000
35367  -17.249  -44.485  66.598 0.0000000000
60014  -55.586  -15.632  38.403 0.0000000000
41358  -36.729  -37.720  56.839 0.0000000000
41359  -37.549  -37.031  56.754 0.0000000000
106564  -36.245  -36.621  55.556 0.0000000000
120346  -35.763  -35.330  54.864 0.0000000000
111322  -35.326  -33.772  55.383 0.0000000000
43935  -35.146  -34.584  56.350 0.0000000000
44877  -35.149  -33.629  56.347 0.0000000000
45759  -35.046  -33.011  57.126 0.0000000000
46553  -35.104  -31.939  58.167 0.0000000000
40491  -20.653  -38.881  60.363 0.0000000000
38726  -21.761  -40.506  60.248 0.0000000000
40492  -21.729  -38.296  59.740 0.0000000000
41317  -23.023  -37.932  59.007 0.0000000000
41318  -23.580  -37.317  58.854 0.0000000000
42913  -23.510  -34.682  60.191 0.0000000000
42089  -23.945  -35.966  58.909 0.0000000000
42090  -24.888  -36.671  58.693 0.0000000000
104095  -25.579  -36.135  58.991 0.0000000000
107907  -26.771  -35.742  59.163 0.0000000000
42928  -27.347  -35.501  58.864 0.0000000000
45743  -27.903  -32.430  59.368 0.0000000000
44865  -28.336  -33.649  58.288 0.0000000000
43913  -28.332  -34.671  57.945 0.0000000000
42102  -28.339  -36.380  58.559 0.0000000000
41336  -29.462  -37.440  57.611 0.0000000000
41354  -30.155  -37.866  57.269 0.0000000000
40548  -31.705  -38.279  56.651 0.0000000000
42991  -31.918  -35.887  56.570 0.0000000000
112332  -31.957  -37.623  56.226 0.0000000000
40540  -33.112  -38.472  57.051 0.0000000000
40541  -33.952  -38.299  56.906 0.0000000000
41357  -35.832  -37.947  56.606 0.0000000000
123369  -20.391  -37.410  61.622 0.0000000000
111155  -41.926  -27.054  45.725 0.0000000000
56543  -40.237  -20.593  46.329 0.0000000000
55715  -41.141  -21.208  44.959 0.0000000000
54839  -42.496  -21.963  44.298 0.0000000000
57373  -43.167  -19.365  43.763 0.0000000000
55737  -43.461  -21.296  43.471 0.0000000000
53808  -43.238  -22.586  44.216 0.0000000000
53810  -45.150  -23.154  44.387 0.0000000000
58315  -53.319  -18.342  39.347 0.0000000000
60012  -53.651  -16.336  38.907 0.0000000000
60835  -53.867  -15.437  39.612 0.0000000000
36925  -6.163  -42.808  72.308 0.0000000000
36113  -5.756  -43.256  72.828 0.0000000000
35272  -7.729  -44.879  72.425 0.0000000000
35270  -6.423  -44.385  72.563 0.0000000000
35258  -6.036  -44.345  73.456 0.0000000000
35230  -6.559  -44.953  75.245 0.0000000000
42134  -37.977  -36.212  56.217 0.0000000000
125290  -38.481  -35.069  55.395 0.0000000000
43960  -38.995  -33.686  55.324 0.0000000000
45778  -36.031  -32.838  54.424 0.0000000000
44900  -37.966  -33.550  54.958 0.0000000000
44901  -38.897  -32.991  55.317 0.0000000000
45770  -38.844  -32.129  55.549 0.0000000000
46582  -38.785  -31.142  55.879 0.0000000000
47422  -38.192  -29.639  55.751 0.0000000000
48298  -32.070  -29.367  55.910 0.0000000000
48312  -32.582  -29.884  55.473 0.0000000000
50096  -31.670  -27.997  54.258 0.0000000000
49190  -32.561  -28.966  54.380 0.0000000000
48328  -33.984  -29.719  54.423 0.0000000000
123806  -35.885  -29.323  54.992 0.0000000000
49176  -36.638  -29.226  54.969 0.0000000000
47481  -36.002  -30.958  51.731 0.0000000000
47482  -37.839  -31.390  51.861 0.0000000000
46680  -40.420  -31.443  48.569 0.0000000000
48422  -40.013  -30.057  47.199 0.0000000000
123002  -39.352  -28.791  46.654 0.0000000000
49270  -38.008  -28.850  47.284 0.0000000000
114913  -38.372  -28.172  47.068 0.0000000000
50166  -39.017  -27.007  46.663 0.0000000000
109546  -38.949  -25.581  47.000 0.0000000000
52764  -39.048  -23.944  47.334 0.0000000000
38716  -22.061  -41.351  60.863 0.0000000000
38717  -23.564  -41.663  61.765 0.0000000000
38707  -25.917  -40.567  62.140 0.0000000000
36156  -8.495  -43.140  69.681 0.0000000000
36978  -9.701  -42.389  68.664 0.0000000000
36171  -9.466  -43.126  68.875 0.0000000000
35313  -9.464  -44.296  69.698 0.0000000000
35299  -10.112  -44.758  70.302 0.0000000000
37000  -12.787  -42.939  65.560 0.0000000000
35362  -12.710  -44.036  66.582 0.0000000000
35334  -12.951  -45.216  67.685 0.0000000000
35212  -3.916  -44.609  77.908 0.0000000000
36067  -2.635  -44.116  76.745 0.0000000000
117848  -2.147  -43.250  75.790 0.0000000000
41360  -38.246  -37.374  57.577 0.0000000000
37871  -20.318  -41.348  61.162 0.0000000000
37862  -20.687  -41.961  61.922 0.0000000000
38715  -21.047  -40.969  60.653 0.0000000000
41338  -36.976  -38.292  57.795 0.0000000000
124149  -19.669  -39.905  60.883 0.0000000000
123750  -19.833  -40.891  61.034 0.0000000000
37870  -19.477  -41.265  61.250 0.0000000000
54786  -39.509  -21.829  48.438 0.0000000000
55692  -39.538  -22.127  46.943 0.0000000000
105504  -39.595  -21.569  47.540 0.0000000000
59980  -47.447  -16.620  42.752 0.0000000000
108782  -47.569  -17.194  42.021 0.0000000000
59121  -48.091  -16.702  42.173 0.0000000000
59999  -48.640  -16.831  41.626 0.0000000000
50947  -34.549  -25.760  50.624 0.0000000000
42093  -28.042  -36.358  60.096 0.0000000000
42081  -27.746  -36.728  60.334 0.0000000000
38651  -12.871  -40.043  66.258 0.0000000000
38650  -12.202  -40.468  66.518 0.0000000000
121336  -54.752  -17.235  38.076 0.0000000000
44878  -40.920  -33.625  57.033 0.0000000000
40511  -32.724  -39.144  58.581 0.0000000000
39617  -16.658  -40.052  62.582 0.0000000000
39582  -16.798  -38.641  63.823 0.0000000000
37849  -15.267  -41.045  63.229 0.0000000000
43008  -34.508  -35.775  55.249 0.0000000000
42074  -22.572  -35.549  61.409 0.0000000000
45731  -26.261  -31.866  60.129 0.0000000000
45741  -25.616  -32.292  59.788 0.0000000000
45742  -26.244  -32.425  59.307 0.0000000000
104236  -26.116  -33.116  58.777 0.0000000000
44853  -27.050  -32.710  58.797 0.0000000000
42930  -30.903  -34.992  58.739 0.0000000000
43903  -30.658  -34.178  59.214 0.0000000000
42130  -33.353  -36.292  56.166 0.0000000000
42139  -34.053  -35.922  55.690 0.0000000000
42140  -34.452  -36.328  55.480 0.0000000000
49279  -41.500  -28.602  46.365 0.0000000000
103854  -42.891  -23.991  44.900 0.0000000000
110972  -42.991  -24.794  45.083 0.0000000000
53795  -43.833  -23.900  44.753 0.0000000000
117682  -42.323  -18.239  45.445 0.0000000000
58263  -42.973  -17.884  45.087 0.0000000000
55752  -45.650  -21.121  42.647 0.0000000000
55740  -46.135  -21.904  43.122 0.0000000000
60007  -52.158  -16.031  40.217 0.0000000000
36140  -7.967  -43.460  70.301 0.0000000000
36139  -7.416  -43.441  70.803 0.0000000000
124171  -8.287  -44.379  70.667 0.0000000000
43956  -35.728  -34.021  54.671 0.0000000000
113903  -35.583  -30.556  55.019 0.0000000000
48349  -33.567  -29.355  51.623 0.0000000000
49216  -33.035  -28.860  52.465 0.0000000000
49217  -34.069  -29.250  52.667 0.0000000000
49206  -34.802  -29.074  53.565 0.0000000000
49218  -35.067  -29.331  52.816 0.0000000000
49219  -35.900  -29.408  52.910 0.0000000000
47511  -36.591  -31.049  49.131 0.0000000000
46648  -36.429  -31.436  49.948 0.0000000000
46662  -38.023  -31.835  49.524 0.0000000000
47512  -37.496  -31.311  48.888 0.0000000000
120193  -37.838  -30.879  48.302 0.0000000000
39666  -24.988  -39.315  59.189 0.0000000000
39652  -24.668  -40.059  59.674 0.0000000000
35332  -11.354  -44.488  68.377 0.0000000000
35316  -12.041  -44.922  68.913 0.0000000000
34500  -12.457  -45.706  69.286 0.0000000000
35379  -14.995  -44.780  65.796 0.0000000000
36901  -4.709  -42.401  73.922 0.0000000000
42121  -40.560  -35.755  57.244 0.0000000000
116409  -19.825  -42.707  63.919 0.0000000000
37863  -21.569  -41.976  62.362 0.0000000000
37852  -21.454  -42.113  63.355 0.0000000000
37853  -22.312  -41.884  63.181 0.0000000000
37844  -22.594  -41.741  64.212 0.0000000000
40527  -34.423  -39.093  58.333 0.0000000000
41267  -19.376  -37.435  62.725 0.0000000000
39634  -18.643  -39.849  61.353 0.0000000000
39618  -17.355  -39.690  62.172 0.0000000000
37859  -17.511  -41.675  62.301 0.0000000000
38704  -18.022  -41.262  61.725 0.0000000000
37046  -19.518  -42.390  62.383 0.0000000000
37045  -18.673  -42.548  62.417 0.0000000000
37037  -19.299  -42.746  63.210 0.0000000000
120177  -19.111  -42.983  64.214 0.0000000000
115035  -34.740  -35.280  57.666 0.0000000000
42932  -32.425  -35.391  58.914 0.0000000000
42949  -33.929  -35.479  57.951 0.0000000000
115496  -39.265  -24.999  46.619 0.0000000000
51891  -39.926  -25.178  45.912 0.0000000000
113255  -40.978  -21.930  45.221 0.0000000000
59106  -45.515  -17.207  43.980 0.0000000000
58280  -45.765  -18.492  42.432 0.0000000000
57397  -46.304  -19.346  42.048 0.0000000000
56591  -47.540  -20.235  41.619 0.0000000000
57398  -47.136  -19.368  41.712 0.0000000000
58288  -48.610  -18.454  41.210 0.0000000000
57413  -48.430  -19.302  41.245 0.0000000000
122859  -48.916  -18.964  41.150 0.0000000000
58290  -50.361  -18.766  40.813 0.0000000000
104377  -49.364  -16.426  41.468 0.0000000000
47403  -34.430  -31.685  57.495 0.0000000000
114320  -33.888  -31.320  56.988 0.0000000000
47420  -32.950  -30.534  56.356 0.0000000000
48299  -32.445  -30.048  56.189 0.0000000000
50945  -32.554  -26.646  51.211 0.0000000000
50120  -32.615  -27.813  50.982 0.0000000000
49236  -33.146  -28.528  50.716 0.0000000000
48364  -33.458  -29.231  50.810 0.0000000000
49237  -33.755  -28.690  50.290 0.0000000000
49247  -34.445  -28.935  49.765 0.0000000000
48396  -35.520  -29.728  49.224 0.0000000000
49249  -35.929  -28.658  48.999 0.0000000000
50144  -36.021  -27.546  48.988 0.0000000000
41306  -26.562  -37.414  60.003 0.0000000000
40494  -26.491  -38.431  60.225 0.0000000000
41294  -27.717  -37.749  61.261 0.0000000000
41281  -27.531  -38.218  61.646 0.0000000000
36998  -11.816  -42.083  66.350 0.0000000000
36989  -11.104  -41.993  67.041 0.0000000000
36199  -11.586  -42.822  66.708 0.0000000000
36187  -11.930  -43.640  66.944 0.0000000000
36085  -4.839  -44.002  74.914 0.0000000000
124406  -3.847  -43.750  76.140 0.0000000000
45760  -40.678  -32.733  57.065 0.0000000000
46567  -40.380  -31.738  57.332 0.0000000000
46566  -39.862  -31.487  56.735 0.0000000000
41321  -29.262  -37.675  58.603 0.0000000000
108567  -29.138  -37.655  59.696 0.0000000000
41322  -29.760  -38.352  59.208 0.0000000000
38682  -14.854  -39.825  64.062 0.0000000000
39561  -14.585  -39.592  64.836 0.0000000000
38669  -13.923  -40.013  65.124 0.0000000000
37840  -14.059  -41.151  64.156 0.0000000000
108079  -14.821  -42.467  63.987 0.0000000000
36228  -15.338  -43.537  64.326 0.0000000000
112185  -17.026  -42.983  63.434 0.0000000000
113475  -17.635  -43.929  65.635 0.0000000000
36230  -16.997  -43.798  64.242 0.0000000000
35366  -16.980  -44.564  65.723 0.0000000000
41372  -36.724  -37.026  56.220 0.0000000000
43009  -34.933  -35.305  54.945 0.0000000000
43010  -35.705  -34.689  54.771 0.0000000000
43916  -35.609  -34.871  57.735 0.0000000000
43936  -35.048  -33.939  57.383 0.0000000000
45749  -35.602  -32.818  58.401 0.0000000000
114143  -35.021  -33.246  57.363 0.0000000000
40481  -21.024  -38.084  60.324 0.0000000000
39649  -21.496  -39.301  60.038 0.0000000000
41302  -21.544  -37.335  60.282 0.0000000000
42080  -22.763  -36.035  60.228 0.0000000000
41303  -22.196  -37.564  59.544 0.0000000000
41304  -22.775  -36.932  59.438 0.0000000000
43898  -24.493  -34.204  59.163 0.0000000000
42925  -24.022  -34.958  59.193 0.0000000000
42926  -24.657  -35.628  58.765 0.0000000000
124288  -25.331  -35.411  58.786 0.0000000000
43901  -26.747  -34.814  58.639 0.0000000000
42927  -25.893  -34.969  58.720 0.0000000000
43890  -30.124  -33.667  59.818 0.0000000000
44844  -29.641  -33.046  60.258 0.0000000000
44843  -28.879  -32.607  59.793 0.0000000000
44855  -28.632  -32.954  58.912 0.0000000000
44854  -27.873  -32.931  58.654 0.0000000000
43933  -28.988  -34.983  57.481 0.0000000000
42969  -28.603  -35.450  57.709 0.0000000000
42946  -28.056  -35.590  58.291 0.0000000000
42117  -28.648  -36.137  57.765 0.0000000000
42103  -28.880  -36.901  58.055 0.0000000000
42118  -29.247  -36.534  57.276 0.0000000000
42127  -30.355  -36.608  56.549 0.0000000000
41353  -29.862  -36.984  56.894 0.0000000000
41365  -30.519  -37.393  56.567 0.0000000000
41355  -30.904  -38.215  56.892 0.0000000000
41366  -31.240  -37.585  56.256 0.0000000000
41367  -32.680  -37.146  56.168 0.0000000000
40549  -32.491  -38.120  56.469 0.0000000000
41370  -35.301  -37.373  55.949 0.0000000000
41356  -34.855  -38.031  56.583 0.0000000000
121762  -21.074  -36.810  62.134 0.0000000000
40480  -20.175  -38.070  60.883 0.0000000000
47514  -41.980  -30.904  48.713 0.0000000000
49274  -42.816  -28.883  47.041 0.0000000000
48424  -42.676  -29.670  47.402 0.0000000000
51037  -41.301  -25.878  45.502 0.0000000000
124220  -41.373  -26.487  45.575 0.0000000000
51038  -42.136  -26.227  45.503 0.0000000000
56540  -41.468  -19.341  48.184 0.0000000000
56539  -40.517  -19.873  47.450 0.0000000000
56544  -40.674  -19.666  46.207 0.0000000000
57372  -41.865  -19.630  44.566 0.0000000000
56562  -41.434  -20.415  44.702 0.0000000000
55725  -41.897  -21.193  44.410 0.0000000000
57384  -43.960  -19.110  43.392 0.0000000000
56575  -43.686  -19.858  43.263 0.0000000000
117606  -44.311  -21.460  43.231 0.0000000000
117610  -43.924  -20.602  43.124 0.0000000000
54840  -43.956  -22.176  43.738 0.0000000000
110213  -43.173  -21.848  43.949 0.0000000000
53809  -44.120  -23.138  44.243 0.0000000000
54841  -44.729  -22.628  43.904 0.0000000000
54827  -46.059  -23.110  44.693 0.0000000000
55755  -48.815  -21.455  42.246 0.0000000000
58291  -51.173  -18.865  40.648 0.0000000000
59129  -52.041  -17.562  40.033 0.0000000000
58303  -52.515  -18.467  40.013 0.0000000000
60008  -53.037  -16.049  39.757 0.0000000000
59133  -53.065  -17.146  39.229 0.0000000000
36939  -6.531  -43.292  71.720 0.0000000000
36926  -6.730  -42.257  71.842 0.0000000000
36114  -6.157  -43.688  72.309 0.0000000000
35273  -8.694  -45.023  72.329 0.0000000000
35285  -7.959  -44.714  71.519 0.0000000000
35271  -7.037  -44.807  72.675 0.0000000000
35259  -6.695  -44.779  73.450 0.0000000000
35244  -6.226  -44.735  74.294 0.0000000000
35222  -6.907  -45.287  76.161 0.0000000000
42133  -37.078  -36.472  55.826 0.0000000000
43958  -37.325  -34.333  54.625 0.0000000000
43959  -38.543  -34.441  55.206 0.0000000000
42997  -39.145  -35.038  55.942 0.0000000000
46581  -34.674  -32.261  55.424 0.0000000000
45780  -37.971  -32.582  55.129 0.0000000000
46598  -37.992  -31.624  55.366 0.0000000000
106970  -36.563  -30.325  55.202 0.0000000000
47440  -38.056  -30.571  55.574 0.0000000000
47423  -38.783  -30.116  56.268 0.0000000000
48316  -37.318  -29.520  55.174 0.0000000000
49161  -31.550  -28.167  55.725 0.0000000000
49162  -31.804  -28.586  56.228 0.0000000000
48311  -32.284  -29.215  55.136 0.0000000000
50923  -31.520  -26.496  53.442 0.0000000000
112355  -31.535  -27.258  53.835 0.0000000000
50105  -31.860  -27.869  53.388 0.0000000000
49203  -32.156  -28.446  53.874 0.0000000000
49191  -33.440  -29.168  54.085 0.0000000000
48327  -32.947  -29.593  54.716 0.0000000000
48329  -35.141  -29.512  54.492 0.0000000000
105094  -36.571  -28.996  54.184 0.0000000000
49193  -36.066  -29.041  54.569 0.0000000000
103492  -37.580  -29.173  55.041 0.0000000000
48339  -37.614  -29.542  53.663 0.0000000000
48382  -34.640  -30.055  50.462 0.0000000000
48366  -35.243  -30.566  50.996 0.0000000000
46637  -37.669  -31.938  51.050 0.0000000000
107631  -36.854  -31.454  51.359 0.0000000000
46651  -39.600  -32.112  50.184 0.0000000000
104914  -40.151  -32.052  50.785 0.0000000000
46652  -40.532  -31.928  50.028 0.0000000000
46664  -40.894  -31.643  49.249 0.0000000000
47538  -39.179  -30.360  47.457 0.0000000000
48421  -39.257  -29.518  46.978 0.0000000000
49272  -39.990  -29.246  46.675 0.0000000000
49265  -37.361  -28.755  47.804 0.0000000000
51017  -38.327  -26.505  47.648 0.0000000000
110083  -38.398  -27.264  47.157 0.0000000000
51879  -38.873  -24.742  47.639 0.0000000000
38727  -22.655  -40.819  60.274 0.0000000000
38718  -24.507  -40.945  60.831 0.0000000000
123979  -23.898  -41.363  61.105 0.0000000000
38705  -23.953  -41.666  62.687 0.0000000000
38697  -24.822  -41.350  62.869 0.0000000000
38730  -25.831  -40.327  60.495 0.0000000000
39637  -26.202  -40.190  61.268 0.0000000000
36955  -8.187  -42.364  69.952 0.0000000000
36979  -10.222  -42.384  68.073 0.0000000000
37794  -10.150  -41.525  68.563 0.0000000000
35331  -10.506  -44.250  68.651 0.0000000000
36158  -9.754  -43.928  68.996 0.0000000000
36157  -9.091  -43.507  69.362 0.0000000000
36214  -13.382  -43.289  65.296 0.0000000000
35363  -13.465  -44.441  66.252 0.0000000000
35348  -13.205  -44.839  66.951 0.0000000000
34535  -13.724  -45.645  67.269 0.0000000000
35210  -2.491  -44.512  77.166 0.0000000000
35211  -3.136  -44.482  77.454 0.0000000000
36870  -2.425  -43.696  76.021 0.0000000000
37047  -20.221  -42.243  62.401 0.0000000000
122678  -21.980  -41.739  61.667 0.0000000000
40529  -36.146  -38.689  57.924 0.0000000000
40479  -19.418  -38.563  61.314 0.0000000000
40466  -19.011  -38.160  62.149 0.0000000000
39635  -19.282  -39.481  61.139 0.0000000000
37869  -18.681  -40.852  61.328 0.0000000000
53782  -39.409  -23.357  46.642 0.0000000000
54813  -39.770  -22.641  46.374 0.0000000000
59116  -46.009  -17.192  43.392 0.0000000000
59123  -47.415  -17.844  41.813 0.0000000000
48268  -33.971  -30.121  58.462 0.0000000000
48267  -33.295  -29.657  57.973 0.0000000000
49141  -32.729  -29.184  57.645 0.0000000000
50968  -33.972  -26.713  50.378 0.0000000000
50129  -33.416  -27.770  50.413 0.0000000000
50130  -35.467  -27.039  49.469 0.0000000000
50970  -35.977  -26.223  49.849 0.0000000000
125026  -27.262  -36.368  59.910 0.0000000000
42076  -27.917  -37.403  60.931 0.0000000000
111055  -28.084  -37.731  61.598 0.0000000000
59139  -54.348  -17.768  38.165 0.0000000000
118628  -5.728  -44.721  76.836 0.0000000000
35213  -5.086  -44.474  77.259 0.0000000000
36069  -4.226  -44.194  77.296 0.0000000000
40523  -30.526  -38.704  58.796 0.0000000000
40509  -31.273  -38.986  59.404 0.0000000000
40497  -32.067  -39.368  59.901 0.0000000000
124048  -17.395  -38.662  63.285 0.0000000000
40438  -17.514  -38.160  63.874 0.0000000000
39564  -16.451  -38.362  64.693 0.0000000000
39581  -15.955  -38.874  64.194 0.0000000000
120831  -15.445  -39.433  63.850 0.0000000000
37848  -14.662  -40.633  63.721 0.0000000000
37033  -15.423  -42.020  63.396 0.0000000000
37025  -18.213  -43.473  63.982 0.0000000000
37024  -17.405  -43.565  63.846 0.0000000000
117758  -18.245  -43.589  65.575 0.0000000000
42132  -35.494  -36.710  55.484 0.0000000000
42141  -34.872  -36.088  55.143 0.0000000000
41292  -21.712  -36.608  61.246 0.0000000000
42073  -22.324  -36.163  61.013 0.0000000000
44831  -24.269  -33.324  60.587 0.0000000000
44842  -24.930  -32.663  60.069 0.0000000000
43899  -25.256  -33.797  58.903 0.0000000000
118500  -25.515  -34.358  58.716 0.0000000000
43891  -30.879  -34.285  60.319 0.0000000000
43902  -29.832  -33.778  58.785 0.0000000000
44866  -29.108  -33.501  58.570 0.0000000000
42989  -30.573  -36.075  56.466 0.0000000000
103268  -32.769  -35.882  56.636 0.0000000000
41368  -33.660  -37.118  56.123 0.0000000000
40551  -34.066  -37.715  56.398 0.0000000000
48429  -40.790  -29.687  46.940 0.0000000000
48423  -41.722  -29.995  47.274 0.0000000000
48430  -41.379  -29.299  46.707 0.0000000000
49280  -42.317  -28.427  46.430 0.0000000000
51905  -42.764  -25.492  45.301 0.0000000000
57360  -41.876  -18.302  46.472 0.0000000000
57359  -41.259  -19.075  46.029 0.0000000000
57366  -41.735  -18.889  45.278 0.0000000000
121736  -42.555  -19.724  44.086 0.0000000000
54856  -46.578  -22.421  43.630 0.0000000000
59127  -50.445  -17.271  40.509 0.0000000000
59128  -51.202  -17.198  40.268 0.0000000000
36124  -6.947  -43.804  71.293 0.0000000000
43011  -36.666  -35.089  54.745 0.0000000000
43965  -36.816  -33.980  54.456 0.0000000000
46580  -34.388  -31.424  55.219 0.0000000000
103481  -35.387  -31.728  54.764 0.0000000000
48315  -36.174  -29.648  55.128 0.0000000000
50088  -31.364  -27.475  55.523 0.0000000000
50113  -32.012  -27.719  52.533 0.0000000000
49215  -32.313  -28.360  52.917 0.0000000000
49208  -37.261  -29.093  54.240 0.0000000000
48352  -36.397  -30.049  52.473 0.0000000000
47497  -35.984  -31.252  50.713 0.0000000000
46650  -37.643  -31.913  50.263 0.0000000000
46663  -39.015  -31.923  49.419 0.0000000000
46679  -39.510  -31.501  48.600 0.0000000000
110850  -38.439  -30.630  47.889 0.0000000000
51007  -38.177  -26.223  48.392 0.0000000000
51866  -38.576  -25.598  47.850 0.0000000000
39664  -22.976  -39.665  59.240 0.0000000000
124063  -23.049  -40.417  59.731 0.0000000000
39651  -23.778  -40.176  59.716 0.0000000000
118523  -24.360  -40.576  60.156 0.0000000000
36173  -10.860  -43.743  68.020 0.0000000000
35300  -10.993  -44.973  70.048 0.0000000000
36215  -14.110  -43.642  65.132 0.0000000000
35364  -14.230  -44.706  66.011 0.0000000000
34536  -14.551  -45.918  66.940 0.0000000000
42998  -39.971  -34.753  56.362 0.0000000000
37012  -19.392  -42.925  65.366 0.0000000000
37833  -20.855  -42.208  65.110 0.0000000000
123314  -20.845  -42.329  63.546 0.0000000000
37843  -21.227  -42.146  64.185 0.0000000000
40526  -32.937  -38.836  57.901 0.0000000000
40465  -18.337  -38.587  62.397 0.0000000000
119829  -17.962  -38.358  63.192 0.0000000000
39603  -17.682  -39.004  62.606 0.0000000000
37858  -16.705  -41.098  62.573 0.0000000000
37044  -17.898  -42.584  62.568 0.0000000000
119489  -31.671  -35.327  58.098 0.0000000000
42948  -32.442  -35.516  57.975 0.0000000000
103935  -33.187  -35.504  58.456 0.0000000000
51026  -40.236  -26.928  46.001 0.0000000000
51036  -40.534  -26.142  45.693 0.0000000000
51903  -40.809  -25.203  45.560 0.0000000000
52792  -41.264  -24.434  45.360 0.0000000000
53793  -41.836  -23.690  45.148 0.0000000000
53794  -42.392  -22.920  44.690 0.0000000000
119547  -43.667  -17.654  44.906 0.0000000000
58274  -44.196  -17.729  44.354 0.0000000000
58279  -44.220  -18.364  43.660 0.0000000000
57385  -44.809  -18.671  42.967 0.0000000000
119905  -45.423  -17.741  43.052 0.0000000000
56590  -46.101  -20.371  42.195 0.0000000000
110656  -47.003  -20.788  42.100 0.0000000000
124760  -47.304  -21.538  42.439 0.0000000000
56592  -48.384  -20.639  41.696 0.0000000000
57412  -47.762  -19.521  41.396 0.0000000000
45769  -34.845  -32.856  55.927 0.0000000000
47437  -33.820  -30.703  55.190 0.0000000000
51788  -31.659  -25.892  53.125 0.0000000000
50112  -31.731  -26.441  52.704 0.0000000000
50934  -32.093  -26.417  51.981 0.0000000000
120689  -31.862  -27.043  52.361 0.0000000000
48365  -34.027  -29.752  50.964 0.0000000000
48395  -34.786  -29.868  49.726 0.0000000000
118591  -35.396  -30.354  49.551 0.0000000000
111669  -36.000  -30.377  49.131 0.0000000000
48411  -37.039  -29.701  48.185 0.0000000000
50145  -36.882  -27.173  48.870 0.0000000000
50993  -38.084  -25.765  49.372 0.0000000000
124252  -25.343  -37.555  58.936 0.0000000000
40493  -25.873  -39.042  59.545 0.0000000000
41293  -27.131  -37.880  60.824 0.0000000000
37805  -10.590  -41.613  67.790 0.0000000000
37806  -11.130  -40.935  67.483 0.0000000000
36988  -10.667  -42.436  67.564 0.0000000000
35350  -16.414  -45.330  67.153 0.0000000000
36095  -5.027  -43.434  74.084 0.0000000000
36084  -4.291  -43.131  74.646 0.0000000000
36887  -3.591  -42.737  75.032 0.0000000000
36886  -3.044  -42.562  75.260 0.0000000000
123082  -2.600  -42.559  75.325 0.0000000000
56541  -42.251  -19.143  48.554 0.0000000000
57361  -42.732  -17.873  47.408 0.0000000000
58249  -43.585  -17.497  46.970 0.0000000000
47404  -39.449  -29.957  56.874 0.0000000000
41308  -28.540  -36.913  60.069 0.0000000000
41309  -29.631  -38.373  60.315 0.0000000000
39667  -32.955  -39.482  59.353 0.0000000000
39545  -14.408  -39.452  65.708 0.0000000000
38652  -13.632  -39.732  65.964 0.0000000000
38668  -13.129  -40.423  65.333 0.0000000000
37831  -12.701  -41.323  65.378 0.0000000000
37832  -13.330  -41.288  64.725 0.0000000000
121109  -14.353  -41.803  64.037 0.0000000000
36216  -15.045  -44.020  65.147 0.0000000000
35380  -15.924  -44.757  65.667 0.0000000000
37034  -16.291  -42.545  63.317 0.0000000000
36229  -16.274  -43.783  64.230 0.0000000000
108826  -16.590  -44.837  66.513 0.0000000000
42143  -36.441  -35.887  55.189 0.0000000000
121441  -35.290  -34.085  56.019 0.0000000000
44890  -35.109  -33.248  55.836 0.0000000000
38725  -20.846  -39.929  60.384 0.0000000000
121366  -22.142  -39.255  59.463 0.0000000000
40504  -22.506  -38.617  59.202 0.0000000000
40505  -23.320  -38.866  59.013 0.0000000000
40506  -24.112  -38.447  58.815 0.0000000000
41319  -24.548  -37.549  58.720 0.0000000000
42900  -23.389  -34.439  61.304 0.0000000000
42912  -23.317  -35.518  59.675 0.0000000000
43889  -24.041  -34.111  59.800 0.0000000000
120662  -24.010  -36.770  58.733 0.0000000000
41320  -25.919  -37.062  59.157 0.0000000000
119349  -26.032  -35.751  59.041 0.0000000000
42929  -27.819  -36.052  59.169 0.0000000000
121029  -27.585  -32.171  59.989 0.0000000000
44864  -27.446  -33.430  58.382 0.0000000000
106978  -27.718  -34.082  58.177 0.0000000000
42945  -27.539  -34.742  58.340 0.0000000000
40537  -30.688  -38.495  57.824 0.0000000000
40538  -31.503  -38.623  57.477 0.0000000000
40539  -32.306  -38.613  57.211 0.0000000000
42990  -31.192  -35.906  56.403 0.0000000000
42129  -31.765  -36.674  56.143 0.0000000000
104703  -34.639  -38.662  57.474 0.0000000000
40542  -35.545  -38.536  57.281 0.0000000000
41280  -20.206  -37.167  62.462 0.0000000000
48414  -42.433  -30.404  47.994 0.0000000000
50176  -42.557  -27.666  46.137 0.0000000000
56538  -39.934  -20.814  47.430 0.0000000000
55714  -40.497  -21.367  45.592 0.0000000000
56550  -40.769  -20.464  45.428 0.0000000000
54838  -41.679  -22.002  44.746 0.0000000000
56564  -43.074  -20.369  43.618 0.0000000000
55726  -42.707  -21.186  43.960 0.0000000000
53796  -44.689  -23.754  44.846 0.0000000000
58316  -54.069  -18.563  38.713 0.0000000000
59134  -53.728  -17.508  38.640 0.0000000000
115925  -54.355  -15.702  38.942 0.0000000000
36914  -5.754  -42.350  72.888 0.0000000000
35284  -7.051  -44.543  71.793 0.0000000000
36104  -5.946  -43.928  72.888 0.0000000000
36103  -5.549  -43.719  73.444 0.0000000000
35229  -5.677  -44.566  75.125 0.0000000000
35220  -6.069  -44.836  76.081 0.0000000000
42996  -38.322  -35.537  55.701 0.0000000000
43949  -39.662  -34.108  55.798 0.0000000000
45779  -36.971  -32.936  54.584 0.0000000000
44891  -39.550  -33.346  55.631 0.0000000000
45771  -39.573  -32.644  55.848 0.0000000000
46583  -39.473  -31.768  56.135 0.0000000000
117326  -32.262  -29.127  56.838 0.0000000000
50079  -31.968  -28.072  56.997 0.0000000000
112152  -33.396  -30.054  55.132 0.0000000000
50095  -31.316  -27.376  54.687 0.0000000000
49188  -31.464  -28.135  55.055 0.0000000000
49189  -31.926  -28.620  54.709 0.0000000000
48300  -39.038  -29.352  56.368 0.0000000000
49209  -38.023  -29.099  54.404 0.0000000000
47470  -37.027  -30.764  52.081 0.0000000000
47513  -41.223  -31.225  48.602 0.0000000000
47532  -40.820  -30.972  48.087 0.0000000000
47531  -39.994  -30.888  47.876 0.0000000000
47539  -40.852  -30.492  47.475 0.0000000000
49277  -39.889  -28.362  46.423 0.0000000000
48419  -37.676  -29.484  47.641 0.0000000000
50165  -37.817  -27.957  47.497 0.0000000000
49271  -38.709  -28.847  46.929 0.0000000000
113972  -39.014  -27.963  46.672 0.0000000000
50173  -39.671  -27.378  46.312 0.0000000000
53775  -39.020  -23.107  47.533 0.0000000000
54801  -39.016  -22.434  48.101 0.0000000000
37873  -22.683  -41.703  61.640 0.0000000000
107662  -23.093  -41.369  60.964 0.0000000000
37865  -23.028  -41.755  62.509 0.0000000000
39653  -25.665  -40.035  59.687 0.0000000000
38719  -25.379  -40.773  61.267 0.0000000000
105116  -25.244  -40.980  62.236 0.0000000000
41295  -28.366  -37.671  61.310 0.0000000000
36999  -12.424  -42.198  65.704 0.0000000000
36201  -13.033  -43.645  65.897 0.0000000000
34537  -15.552  -45.950  66.979 0.0000000000
108917  -13.505  -45.978  68.068 0.0000000000
34518  -12.711  -45.496  68.474 0.0000000000
60022  -55.197  -16.664  38.133 0.0000000000
105470  -4.713  -44.773  78.114 0.0000000000
116024  -3.566  -44.144  77.213 0.0000000000
36068  -3.013  -43.991  76.652 0.0000000000
36873  -2.234  -42.827  75.587 0.0000000000
36071  -1.857  -43.846  75.991 0.0000000000
36872  -1.722  -42.965  76.021 0.0000000000
47529  -36.540  -30.338  48.632 0.0000000000
120868  -39.327  -22.102  47.584 0.0000000000
