#!ascii label  , from subject Paciente_3 vox2ras=TkReg
1156
73567  -45.980  0.255  39.506 0.0000000000
70679  -54.493  -2.621  28.460 0.0000000000
78051  -52.651  8.308  42.170 0.0000000000
117786  -52.823  -5.082  37.164 0.0000000000
71350  -52.358  -1.731  44.811 0.0000000000
73615  -49.170  0.306  33.601 0.0000000000
78125  -53.899  7.094  34.254 0.0000000000
112886  -46.198  10.464  32.980 0.0000000000
69623  -46.885  -4.357  46.423 0.0000000000
69710  -47.754  -4.405  38.214 0.0000000000
70606  -49.086  -3.668  34.703 0.0000000000
72907  -48.673  0.345  38.140 0.0000000000
79881  -52.212  10.725  41.005 0.0000000000
77510  -56.037  6.839  37.809 0.0000000000
79929  -56.178  11.013  36.593 0.0000000000
79309  -50.709  9.180  37.204 0.0000000000
80548  -52.152  12.270  32.739 0.0000000000
70700  -50.325  -2.711  26.389 0.0000000000
75638  -43.199  3.904  43.282 0.0000000000
76302  -48.129  5.086  40.694 0.0000000000
71401  -57.715  -0.675  39.316 0.0000000000
68793  -52.793  -5.075  41.109 0.0000000000
70550  -47.213  -3.689  42.145 0.0000000000
72112  -48.263  -2.384  44.523 0.0000000000
71498  -50.902  -2.059  30.207 0.0000000000
74359  -50.076  1.291  27.230 0.0000000000
75676  -51.312  4.184  38.337 0.0000000000
75712  -52.860  4.049  33.354 0.0000000000
76391  -51.548  5.130  28.345 0.0000000000
76359  -49.268  4.661  33.242 0.0000000000
77519  -46.628  6.766  36.949 0.0000000000
72163  -46.622  -1.965  39.328 0.0000000000
72179  -47.905  -1.962  37.923 0.0000000000
73569  -47.871  0.237  38.958 0.0000000000
81748  -56.194  14.648  40.920 0.0000000000
80485  -56.279  11.671  38.796 0.0000000000
81129  -56.570  13.065  36.426 0.0000000000
80514  -54.041  11.878  35.596 0.0000000000
70688  -52.680  -2.959  27.403 0.0000000000
75632  -42.858  4.619  45.107 0.0000000000
76910  -44.313  5.912  44.367 0.0000000000
70545  -52.704  -3.334  43.099 0.0000000000
68784  -50.023  -5.036  42.185 0.0000000000
70542  -49.567  -2.867  43.529 0.0000000000
71325  -46.867  -3.355  45.648 0.0000000000
71372  -42.372  -2.254  42.824 0.0000000000
72869  -41.890  -0.246  43.085 0.0000000000
72867  -40.701  -1.139  43.930 0.0000000000
120220  -53.638  -3.631  34.275 0.0000000000
72231  -48.542  -1.700  33.797 0.0000000000
71471  -50.154  -2.623  31.957 0.0000000000
72950  -48.703  -0.914  31.421 0.0000000000
72962  -49.689  -0.588  28.803 0.0000000000
116579  -49.300  0.646  31.360 0.0000000000
105010  -49.342  6.791  41.463 0.0000000000
76306  -50.396  4.589  39.299 0.0000000000
105373  -52.180  6.383  39.943 0.0000000000
77549  -55.802  7.260  35.458 0.0000000000
76348  -54.547  5.326  35.328 0.0000000000
76360  -53.629  5.351  33.293 0.0000000000
75737  -52.940  4.981  30.455 0.0000000000
77002  -52.342  5.430  31.222 0.0000000000
77000  -50.272  5.004  31.285 0.0000000000
76980  -51.625  5.846  33.556 0.0000000000
79937  -48.540  10.615  35.479 0.0000000000
78094  -48.783  7.681  36.710 0.0000000000
79322  -46.231  9.718  36.150 0.0000000000
124539  -44.439  8.781  36.492 0.0000000000
104202  -44.237  9.448  33.566 0.0000000000
68835  -49.940  -5.513  37.747 0.0000000000
112390  -50.803  -4.837  35.631 0.0000000000
69742  -48.522  -4.089  36.171 0.0000000000
72202  -48.270  -1.336  36.704 0.0000000000
72921  -48.989  0.335  36.691 0.0000000000
78672  -54.334  9.028  42.650 0.0000000000
78066  -54.381  7.750  40.377 0.0000000000
79292  -55.930  8.693  40.094 0.0000000000
79313  -57.404  9.066  37.756 0.0000000000
78725  -55.025  8.889  36.031 0.0000000000
109688  -52.768  7.744  36.132 0.0000000000
79910  -53.170  10.351  37.119 0.0000000000
80512  -51.564  11.289  35.263 0.0000000000
80535  -49.511  11.516  33.365 0.0000000000
71541  -48.305  -1.681  25.793 0.0000000000
74991  -44.472  2.383  41.383 0.0000000000
103560  -47.231  3.196  39.795 0.0000000000
76297  -45.416  4.861  41.933 0.0000000000
77480  -47.461  6.863  42.591 0.0000000000
78667  -48.988  8.136  43.192 0.0000000000
78037  -49.467  7.755  46.231 0.0000000000
79259  -52.285  9.264  44.918 0.0000000000
70572  -55.553  -3.300  38.607 0.0000000000
70564  -55.512  -3.189  40.261 0.0000000000
69712  -53.140  -5.245  38.903 0.0000000000
104874  -49.968  -5.838  40.359 0.0000000000
68797  -47.226  -5.105  40.204 0.0000000000
70509  -52.568  -2.637  45.595 0.0000000000
69626  -49.991  -4.505  46.028 0.0000000000
71328  -50.596  -2.976  45.831 0.0000000000
108384  -50.060  -1.667  44.997 0.0000000000
71362  -48.504  -2.803  43.690 0.0000000000
73555  -44.010  0.452  40.930 0.0000000000
72268  -55.062  -1.279  29.305 0.0000000000
70633  -51.368  -3.334  33.289 0.0000000000
71487  -52.508  -2.195  30.979 0.0000000000
72279  -53.111  -1.619  28.401 0.0000000000
72295  -51.980  -1.531  27.097 0.0000000000
72970  -50.869  -0.467  26.020 0.0000000000
73660  -49.454  1.314  25.821 0.0000000000
75007  -48.784  2.421  39.056 0.0000000000
74301  -49.701  2.222  37.738 0.0000000000
74310  -50.326  2.498  36.531 0.0000000000
76942  -53.544  5.754  38.072 0.0000000000
75699  -52.367  4.027  35.736 0.0000000000
74322  -51.283  2.625  34.118 0.0000000000
121391  -51.038  2.399  30.620 0.0000000000
75089  -52.037  3.975  26.859 0.0000000000
75088  -48.690  3.040  26.566 0.0000000000
77539  -50.031  6.651  36.081 0.0000000000
76972  -48.457  5.453  35.324 0.0000000000
125062  -46.290  4.460  35.875 0.0000000000
76964  -44.441  5.637  37.043 0.0000000000
103923  -42.120  7.493  36.657 0.0000000000
72887  -46.220  -0.428  39.366 0.0000000000
72888  -47.157  -0.532  39.051 0.0000000000
73568  -46.806  0.284  39.196 0.0000000000
81778  -56.169  14.126  38.859 0.0000000000
81822  -55.281  13.763  34.776 0.0000000000
70677  -53.060  -3.382  27.903 0.0000000000
70535  -52.289  -2.784  43.850 0.0000000000
70543  -50.845  -3.386  43.098 0.0000000000
117048  -51.089  -2.331  44.294 0.0000000000
107705  -42.150  -3.205  43.205 0.0000000000
72122  -41.738  -1.691  43.077 0.0000000000
69748  -53.958  -4.431  36.803 0.0000000000
69759  -53.096  -4.422  35.620 0.0000000000
125095  -48.877  -0.267  33.834 0.0000000000
72241  -48.647  -1.378  33.066 0.0000000000
72943  -48.713  -0.738  32.367 0.0000000000
72951  -49.030  -0.225  30.923 0.0000000000
73620  -49.344  0.701  32.230 0.0000000000
78049  -50.705  7.779  41.966 0.0000000000
76925  -50.623  6.466  40.894 0.0000000000
77486  -52.323  7.103  40.699 0.0000000000
77557  -54.759  6.835  34.491 0.0000000000
76981  -54.752  6.332  34.466 0.0000000000
76989  -54.089  6.451  33.930 0.0000000000
76996  -53.224  5.741  32.464 0.0000000000
77561  -53.225  6.240  33.013 0.0000000000
76994  -52.203  5.706  32.174 0.0000000000
77554  -52.635  6.392  33.493 0.0000000000
79945  -47.086  11.090  34.347 0.0000000000
79921  -47.776  10.160  36.324 0.0000000000
79944  -46.438  10.696  34.804 0.0000000000
79334  -45.055  9.379  34.985 0.0000000000
79343  -45.606  10.114  33.365 0.0000000000
69711  -48.195  -4.944  38.133 0.0000000000
69727  -49.521  -5.132  36.952 0.0000000000
69726  -48.131  -4.508  37.616 0.0000000000
72906  -48.542  -0.523  38.077 0.0000000000
72191  -48.020  -1.918  37.244 0.0000000000
124960  -48.384  -1.137  37.530 0.0000000000
72920  -48.576  -0.596  36.170 0.0000000000
72914  -48.841  0.296  37.650 0.0000000000
103871  -54.413  9.725  42.469 0.0000000000
78681  -54.640  8.581  40.976 0.0000000000
79889  -54.512  10.204  40.609 0.0000000000
79914  -57.134  10.636  37.686 0.0000000000
79901  -56.836  9.992  38.224 0.0000000000
110675  -57.302  9.478  37.236 0.0000000000
78726  -56.735  8.729  36.035 0.0000000000
78711  -55.192  9.520  36.295 0.0000000000
78710  -54.109  9.191  36.638 0.0000000000
79911  -54.123  10.231  36.805 0.0000000000
81143  -53.316  12.501  33.833 0.0000000000
104521  -52.352  11.388  35.117 0.0000000000
80537  -51.535  11.849  33.593 0.0000000000
80523  -49.872  11.359  34.470 0.0000000000
80546  -50.242  11.662  32.500 0.0000000000
71535  -48.774  -2.183  26.089 0.0000000000
74988  -44.073  3.031  42.005 0.0000000000
75642  -45.128  4.085  41.844 0.0000000000
76296  -44.581  4.708  42.527 0.0000000000
77466  -45.858  6.679  45.138 0.0000000000
123990  -45.725  6.356  43.469 0.0000000000
77477  -47.016  7.016  43.471 0.0000000000
78047  -47.867  7.390  43.128 0.0000000000
78042  -48.295  7.899  44.736 0.0000000000
120318  -50.225  7.259  47.466 0.0000000000
78651  -50.560  8.844  45.135 0.0000000000
79254  -51.722  9.526  45.687 0.0000000000
79260  -53.035  9.491  44.924 0.0000000000
79252  -53.014  10.240  46.635 0.0000000000
70573  -56.294  -2.430  38.199 0.0000000000
71409  -56.174  -2.360  39.078 0.0000000000
70554  -55.418  -2.809  41.301 0.0000000000
69697  -54.143  -4.398  40.519 0.0000000000
69705  -54.105  -4.436  39.602 0.0000000000
68801  -52.677  -5.222  40.363 0.0000000000
68810  -51.486  -5.686  39.092 0.0000000000
107232  -51.467  -5.437  40.982 0.0000000000
69686  -48.157  -4.671  41.755 0.0000000000
68789  -48.604  -5.332  41.200 0.0000000000
112730  -47.104  -4.578  41.518 0.0000000000
69624  -48.515  -4.577  45.959 0.0000000000
71326  -48.961  -2.964  45.447 0.0000000000
72101  -49.396  -2.223  45.167 0.0000000000
72102  -50.017  -1.762  45.081 0.0000000000
72113  -49.053  -2.290  44.696 0.0000000000
72127  -49.168  -2.478  44.323 0.0000000000
103215  -48.475  -2.557  44.075 0.0000000000
116284  -43.546  0.915  41.344 0.0000000000
73552  -43.029  0.674  41.868 0.0000000000
72269  -55.778  -1.430  29.648 0.0000000000
69767  -49.855  -4.105  34.873 0.0000000000
69768  -51.359  -4.066  34.568 0.0000000000
70620  -50.941  -3.730  33.973 0.0000000000
71485  -50.367  -2.315  31.090 0.0000000000
71472  -51.455  -2.721  31.977 0.0000000000
71499  -51.937  -2.122  30.295 0.0000000000
71500  -52.989  -2.017  29.975 0.0000000000
71509  -52.613  -1.669  29.275 0.0000000000
72287  -52.322  -1.416  27.827 0.0000000000
103325  -51.506  -1.328  28.398 0.0000000000
73640  -49.522  0.234  28.245 0.0000000000
72964  -50.062  -0.259  27.567 0.0000000000
116962  -49.956  0.923  26.411 0.0000000000
122225  -49.768  0.512  25.857 0.0000000000
74364  -50.126  1.774  26.188 0.0000000000
75647  -47.104  4.265  40.513 0.0000000000
74997  -48.313  2.919  39.460 0.0000000000
106829  -48.612  3.803  39.617 0.0000000000
75664  -50.750  3.804  38.600 0.0000000000
75009  -49.984  3.137  38.669 0.0000000000
75020  -50.588  3.286  37.968 0.0000000000
74305  -49.953  2.354  37.338 0.0000000000
75028  -50.752  3.338  37.345 0.0000000000
78077  -55.617  7.345  39.601 0.0000000000
77497  -54.128  6.603  39.420 0.0000000000
76943  -54.537  6.134  37.656 0.0000000000
75706  -53.199  4.340  34.631 0.0000000000
75700  -53.064  4.303  35.967 0.0000000000
113309  -52.539  3.937  35.041 0.0000000000
75041  -51.538  3.148  35.196 0.0000000000
75054  -51.779  3.084  33.565 0.0000000000
75061  -51.217  2.529  32.360 0.0000000000
75068  -51.888  3.151  31.636 0.0000000000
76384  -52.562  5.017  29.610 0.0000000000
75743  -52.353  4.686  28.502 0.0000000000
117925  -51.783  4.916  27.299 0.0000000000
75764  -50.128  3.488  26.123 0.0000000000
76398  -50.334  4.624  27.452 0.0000000000
75754  -48.280  3.121  27.487 0.0000000000
76397  -49.414  4.350  28.074 0.0000000000
76367  -49.549  4.812  32.181 0.0000000000
76381  -49.042  4.245  30.931 0.0000000000
78722  -51.859  8.007  36.677 0.0000000000
77540  -50.945  6.923  35.897 0.0000000000
78107  -50.339  7.510  36.562 0.0000000000
77520  -47.351  7.264  36.828 0.0000000000
107343  -47.917  6.801  36.334 0.0000000000
77537  -47.154  6.430  36.557 0.0000000000
76971  -47.739  5.220  35.461 0.0000000000
77536  -46.242  5.982  36.849 0.0000000000
76965  -45.362  5.371  36.675 0.0000000000
77535  -45.164  6.174  37.185 0.0000000000
78718  -43.201  8.741  35.749 0.0000000000
78103  -42.948  8.016  36.560 0.0000000000
78102  -42.247  8.287  35.630 0.0000000000
78101  -41.501  7.612  35.869 0.0000000000
71407  -47.379  -2.851  38.746 0.0000000000
71408  -47.678  -2.595  38.232 0.0000000000
72178  -47.737  -1.847  38.416 0.0000000000
72165  -47.984  -1.168  38.575 0.0000000000
73570  -48.449  0.321  38.530 0.0000000000
80478  -54.773  11.447  39.691 0.0000000000
108904  -56.141  13.434  39.346 0.0000000000
81117  -56.560  12.368  38.156 0.0000000000
80502  -56.286  11.896  36.566 0.0000000000
80501  -55.472  11.627  36.285 0.0000000000
81135  -55.223  12.916  35.388 0.0000000000
81145  -54.797  13.267  34.647 0.0000000000
70687  -51.669  -3.165  27.187 0.0000000000
75635  -42.708  4.445  44.062 0.0000000000
76294  -43.919  4.935  43.219 0.0000000000
76285  -44.008  5.475  45.265 0.0000000000
70551  -53.138  -4.024  42.239 0.0000000000
69689  -51.580  -4.874  41.759 0.0000000000
69681  -51.271  -4.109  42.539 0.0000000000
69679  -49.518  -4.081  42.554 0.0000000000
108328  -49.030  -3.217  43.034 0.0000000000
71314  -46.896  -3.773  46.152 0.0000000000
71335  -46.061  -3.183  44.722 0.0000000000
72134  -42.779  -1.494  42.350 0.0000000000
72875  -42.834  -0.131  41.973 0.0000000000
72133  -42.267  -1.457  42.741 0.0000000000
72868  -41.398  -0.874  43.458 0.0000000000
71448  -48.599  -2.443  34.091 0.0000000000
116282  -49.701  -3.190  33.460 0.0000000000
71458  -49.311  -2.677  33.178 0.0000000000
71483  -49.166  -1.958  31.893 0.0000000000
71497  -49.834  -1.818  30.367 0.0000000000
109848  -49.748  -1.208  29.438 0.0000000000
72265  -49.153  -1.375  30.131 0.0000000000
72957  -48.971  -0.364  29.930 0.0000000000
74347  -49.824  1.181  29.812 0.0000000000
76923  -48.394  5.891  41.220 0.0000000000
123550  -49.279  4.785  39.723 0.0000000000
76924  -49.890  5.816  40.530 0.0000000000
105686  -50.691  5.631  39.861 0.0000000000
76311  -51.750  4.995  38.708 0.0000000000
77522  -56.172  6.871  36.876 0.0000000000
76954  -54.914  5.898  36.645 0.0000000000
76975  -55.525  6.642  35.483 0.0000000000
76355  -54.520  5.553  34.575 0.0000000000
75713  -53.322  4.510  33.744 0.0000000000
75721  -52.865  4.387  32.369 0.0000000000
76368  -53.194  5.088  31.854 0.0000000000
76385  -52.780  5.123  30.500 0.0000000000
108675  -52.208  5.381  30.382 0.0000000000
77007  -50.708  5.226  30.299 0.0000000000
77001  -51.302  5.409  30.919 0.0000000000
76993  -51.083  5.557  32.400 0.0000000000
109119  -50.540  5.437  34.003 0.0000000000
79923  -49.641  10.165  36.470 0.0000000000
78706  -49.582  8.107  36.847 0.0000000000
79324  -48.471  9.597  36.732 0.0000000000
78704  -47.607  8.586  36.921 0.0000000000
78703  -46.147  8.341  36.957 0.0000000000
78092  -45.498  7.745  37.148 0.0000000000
79321  -44.876  9.271  36.008 0.0000000000
79320  -44.443  9.199  35.116 0.0000000000
78744  -43.597  9.077  34.086 0.0000000000
69729  -51.587  -5.360  37.236 0.0000000000
69746  -52.319  -4.713  35.975 0.0000000000
69744  -50.223  -5.103  36.217 0.0000000000
69743  -49.279  -4.684  36.182 0.0000000000
69755  -49.184  -4.139  35.458 0.0000000000
71421  -47.822  -2.505  37.715 0.0000000000
70594  -48.052  -3.289  36.201 0.0000000000
107854  -48.127  -2.772  35.452 0.0000000000
72213  -48.087  -1.627  35.564 0.0000000000
72927  -48.431  -0.671  35.073 0.0000000000
73608  -49.232  0.966  35.172 0.0000000000
78670  -53.331  8.646  42.790 0.0000000000
78059  -52.987  7.920  41.335 0.0000000000
78676  -54.224  8.386  41.776 0.0000000000
78682  -55.405  8.168  40.257 0.0000000000
120815  -56.308  8.022  39.250 0.0000000000
79896  -55.888  9.632  39.539 0.0000000000
78691  -56.754  8.516  38.945 0.0000000000
78079  -56.661  8.011  38.364 0.0000000000
78110  -56.795  7.847  36.466 0.0000000000
78121  -56.010  7.684  35.458 0.0000000000
78119  -54.494  7.607  34.841 0.0000000000
78118  -53.255  7.465  35.147 0.0000000000
78108  -53.724  7.988  35.864 0.0000000000
78723  -52.945  8.320  36.674 0.0000000000
79310  -51.506  9.322  37.252 0.0000000000
80500  -53.350  11.371  36.187 0.0000000000
79925  -51.889  10.789  36.656 0.0000000000
79924  -51.031  10.484  36.638 0.0000000000
80510  -49.809  10.936  35.332 0.0000000000
80522  -48.758  11.397  34.146 0.0000000000
80533  -47.499  11.383  32.936 0.0000000000
74278  -45.137  1.553  40.336 0.0000000000
74280  -46.516  1.907  39.543 0.0000000000
74992  -45.359  2.824  40.998 0.0000000000
75646  -46.416  3.972  40.839 0.0000000000
76921  -46.643  5.257  41.474 0.0000000000
76917  -45.175  5.503  42.636 0.0000000000
76918  -46.632  5.898  42.083 0.0000000000
76922  -47.439  5.672  41.481 0.0000000000
77481  -48.335  7.245  42.334 0.0000000000
78048  -48.992  7.805  42.494 0.0000000000
122384  -50.459  8.431  42.738 0.0000000000
78036  -48.151  7.464  45.614 0.0000000000
78649  -49.054  8.469  45.024 0.0000000000
110196  -50.384  8.850  44.254 0.0000000000
78669  -52.305  8.734  42.982 0.0000000000
79267  -53.271  9.345  44.073 0.0000000000
104395  -53.951  9.973  44.088 0.0000000000
80448  -52.951  10.639  42.426 0.0000000000
106493  -55.305  -3.695  36.889 0.0000000000
69732  -54.315  -4.590  37.656 0.0000000000
70559  -56.043  -2.166  40.860 0.0000000000
71399  -56.123  -2.326  39.956 0.0000000000
70571  -55.203  -3.589  39.390 0.0000000000
69713  -54.573  -4.244  38.794 0.0000000000
69730  -52.880  -5.381  37.961 0.0000000000
68837  -51.948  -5.540  38.051 0.0000000000
68822  -50.398  -5.897  38.607 0.0000000000
118783  -49.029  -5.743  39.041 0.0000000000
68790  -49.583  -5.494  41.373 0.0000000000
68798  -48.196  -5.506  40.222 0.0000000000
69702  -47.204  -4.830  39.419 0.0000000000
70563  -46.798  -3.469  39.379 0.0000000000
68751  -50.728  -4.481  45.789 0.0000000000
70491  -49.263  -4.156  45.778 0.0000000000
70493  -50.567  -3.935  45.872 0.0000000000
70494  -51.008  -3.806  45.765 0.0000000000
71329  -51.793  -2.657  45.655 0.0000000000
72094  -51.596  -2.092  45.455 0.0000000000
71349  -51.460  -1.713  44.873 0.0000000000
71364  -49.684  -2.630  43.996 0.0000000000
71378  -49.114  -2.775  43.603 0.0000000000
70540  -47.501  -3.154  42.794 0.0000000000
73556  -44.577  0.906  40.535 0.0000000000
74276  -44.487  1.599  40.868 0.0000000000
74990  -43.669  2.256  41.921 0.0000000000
120310  -43.508  2.807  42.422 0.0000000000
75637  -42.604  3.507  43.708 0.0000000000
71502  -56.946  -1.904  29.974 0.0000000000
108101  -55.603  -2.084  29.068 0.0000000000
70680  -55.002  -2.059  28.661 0.0000000000
69758  -52.455  -4.450  35.248 0.0000000000
70622  -52.718  -3.811  34.197 0.0000000000
122004  -50.822  -3.025  32.492 0.0000000000
70645  -52.630  -2.709  32.419 0.0000000000
108276  -53.447  -2.423  32.154 0.0000000000
72255  -54.315  -1.324  30.165 0.0000000000
72267  -54.300  -1.410  29.171 0.0000000000
71519  -54.296  -2.275  28.364 0.0000000000
71527  -53.095  -2.417  27.625 0.0000000000
71526  -52.209  -2.135  26.872 0.0000000000
72300  -51.626  -1.429  26.489 0.0000000000
72286  -50.481  -0.951  28.223 0.0000000000
72294  -51.474  -1.026  26.434 0.0000000000
71543  -50.341  -1.198  25.623 0.0000000000
72306  -49.588  -0.694  25.425 0.0000000000
72981  -48.859  0.199  25.563 0.0000000000
73658  -48.389  0.711  25.842 0.0000000000
75006  -47.476  2.339  39.466 0.0000000000
109054  -48.313  1.995  39.092 0.0000000000
73571  -48.692  1.252  38.325 0.0000000000
75662  -49.928  3.342  39.034 0.0000000000
75018  -49.605  2.722  38.535 0.0000000000
73581  -49.212  1.641  37.871 0.0000000000
73591  -49.397  1.695  37.590 0.0000000000
73603  -49.915  1.918  36.310 0.0000000000
74320  -49.888  1.511  34.720 0.0000000000
77489  -52.936  6.897  40.130 0.0000000000
76934  -52.529  5.595  39.077 0.0000000000
76320  -52.096  4.553  38.019 0.0000000000
76953  -53.847  5.536  37.070 0.0000000000
123712  -52.701  4.316  36.492 0.0000000000
109050  -51.703  3.936  37.185 0.0000000000
114748  -51.367  3.389  35.737 0.0000000000
74317  -51.107  2.454  34.965 0.0000000000
74326  -49.789  1.333  33.651 0.0000000000
74332  -49.831  1.381  32.635 0.0000000000
74354  -50.517  1.949  29.116 0.0000000000
75728  -52.416  4.198  30.933 0.0000000000
75078  -51.489  2.860  28.344 0.0000000000
74360  -50.604  2.112  27.814 0.0000000000
74365  -50.466  2.735  26.122 0.0000000000
74369  -48.900  2.183  25.929 0.0000000000
108084  -48.897  4.125  30.013 0.0000000000
124328  -51.955  6.300  34.158 0.0000000000
77553  -51.139  5.803  34.536 0.0000000000
76979  -49.723  5.120  34.409 0.0000000000
78106  -49.437  7.248  36.512 0.0000000000
105371  -49.255  5.459  35.168 0.0000000000
76978  -49.077  4.841  34.759 0.0000000000
76352  -48.091  4.134  34.334 0.0000000000
75698  -47.421  3.955  34.959 0.0000000000
75040  -46.281  3.087  35.092 0.0000000000
78104  -43.816  7.582  37.064 0.0000000000
77533  -42.991  6.917  37.170 0.0000000000
79971  -46.757  11.167  32.099 0.0000000000
111995  -45.503  10.363  32.332 0.0000000000
79960  -44.345  10.038  32.515 0.0000000000
79951  -43.459  9.933  33.034 0.0000000000
79347  -42.668  9.499  33.814 0.0000000000
74290  -46.277  1.011  39.463 0.0000000000
70678  -53.816  -2.986  28.092 0.0000000000
71351  -52.971  -1.594  44.894 0.0000000000
110718  -53.491  -1.733  44.461 0.0000000000
71367  -52.709  -2.004  44.490 0.0000000000
71366  -51.874  -2.188  44.413 0.0000000000
69747  -53.083  -4.645  36.552 0.0000000000
117660  -53.788  -4.248  36.046 0.0000000000
73614  -48.775  -0.492  33.250 0.0000000000
73619  -49.031  0.049  32.710 0.0000000000
120496  -49.425  0.735  32.970 0.0000000000
78050  -51.536  8.299  42.398 0.0000000000
78058  -51.814  7.632  41.572 0.0000000000
77556  -54.146  6.653  33.992 0.0000000000
77562  -53.628  6.326  33.346 0.0000000000
77555  -53.453  6.612  33.591 0.0000000000
103270  -46.256  10.676  33.816 0.0000000000
124783  -45.765  10.295  34.186 0.0000000000
72913  -48.663  -0.491  37.207 0.0000000000
79875  -53.570  10.652  42.109 0.0000000000
115948  -54.497  9.976  41.617 0.0000000000
79882  -53.511  10.989  40.952 0.0000000000
80492  -56.824  11.284  37.078 0.0000000000
79913  -56.982  10.294  36.979 0.0000000000
79326  -56.576  9.574  36.423 0.0000000000
79912  -55.483  10.155  36.513 0.0000000000
79928  -54.876  10.834  36.458 0.0000000000
81152  -53.044  12.561  32.813 0.0000000000
80538  -52.483  12.057  33.648 0.0000000000
80547  -51.224  11.972  32.631 0.0000000000
70686  -50.536  -3.438  26.952 0.0000000000
70685  -49.289  -3.678  26.734 0.0000000000
103559  -49.339  -2.735  26.374 0.0000000000
71536  -49.924  -2.054  25.870 0.0000000000
103341  -43.688  3.478  42.618 0.0000000000
75641  -44.372  3.804  42.241 0.0000000000
75639  -43.849  4.238  42.856 0.0000000000
77473  -46.754  6.881  44.885 0.0000000000
78040  -46.406  6.868  44.209 0.0000000000
124675  -47.040  7.110  44.292 0.0000000000
78041  -47.601  7.499  44.023 0.0000000000
78035  -47.463  7.173  45.052 0.0000000000
79250  -51.693  9.654  46.664 0.0000000000
79255  -52.471  9.820  45.951 0.0000000000
71410  -56.910  -1.478  38.681 0.0000000000
71400  -56.692  -1.412  39.602 0.0000000000
69696  -53.400  -4.945  40.815 0.0000000000
68800  -51.865  -5.395  40.171 0.0000000000
68792  -52.159  -5.214  41.028 0.0000000000
121897  -47.881  -4.008  42.087 0.0000000000
70549  -46.362  -3.884  41.249 0.0000000000
71338  -48.458  -2.570  45.192 0.0000000000
103647  -48.861  -2.272  44.843 0.0000000000
104973  -49.476  -1.990  44.877 0.0000000000
103822  -47.426  -2.504  43.959 0.0000000000
72876  -43.450  -0.642  41.647 0.0000000000
73554  -43.491  0.137  41.491 0.0000000000
124663  -54.108  -2.062  31.909 0.0000000000
124949  -50.576  -4.012  34.510 0.0000000000
115039  -49.897  -3.681  34.084 0.0000000000
109521  -51.134  -2.314  30.930 0.0000000000
71508  -51.653  -1.676  29.346 0.0000000000
72278  -52.277  -1.451  28.599 0.0000000000
74353  -49.824  1.169  28.614 0.0000000000
73645  -49.918  0.451  27.083 0.0000000000
76304  -47.902  4.397  40.230 0.0000000000
75675  -50.935  3.639  38.147 0.0000000000
75683  -51.137  3.645  37.591 0.0000000000
77499  -55.787  7.084  38.770 0.0000000000
77498  -55.094  6.834  39.197 0.0000000000
77509  -55.280  6.599  38.271 0.0000000000
75705  -52.767  3.913  34.254 0.0000000000
75055  -52.304  3.508  33.905 0.0000000000
75062  -51.853  3.078  32.621 0.0000000000
75063  -52.409  3.579  32.964 0.0000000000
77012  -51.902  5.035  28.949 0.0000000000
76392  -51.887  5.035  27.926 0.0000000000
76399  -51.401  5.003  27.682 0.0000000000
76404  -51.108  4.655  26.946 0.0000000000
76390  -50.520  4.819  28.514 0.0000000000
76373  -48.872  4.250  31.916 0.0000000000
76353  -48.819  4.456  34.140 0.0000000000
78707  -51.101  8.601  37.081 0.0000000000
117186  -50.954  7.976  36.793 0.0000000000
78721  -50.410  8.217  36.881 0.0000000000
76966  -47.021  5.617  36.124 0.0000000000
77518  -45.839  6.814  37.208 0.0000000000
78734  -42.908  8.775  34.740 0.0000000000
72164  -47.437  -1.988  38.828 0.0000000000
72889  -48.084  -0.537  38.802 0.0000000000
72898  -48.434  -0.296  38.417 0.0000000000
81100  -54.986  12.335  40.182 0.0000000000
81101  -56.019  13.511  40.185 0.0000000000
81795  -56.491  13.778  36.950 0.0000000000
81779  -56.385  13.424  37.871 0.0000000000
81123  -56.685  12.764  37.215 0.0000000000
80503  -56.695  12.222  36.807 0.0000000000
81128  -56.244  12.649  36.194 0.0000000000
80516  -55.752  12.429  36.005 0.0000000000
81137  -56.105  13.201  35.798 0.0000000000
105529  -55.100  14.148  34.076 0.0000000000
81155  -54.877  13.619  34.380 0.0000000000
81154  -54.262  13.535  33.932 0.0000000000
69832  -52.059  -3.790  27.890 0.0000000000
76290  -43.205  5.102  44.622 0.0000000000
76284  -43.443  5.055  45.460 0.0000000000
70546  -53.720  -2.901  43.030 0.0000000000
69682  -52.149  -4.099  42.429 0.0000000000
70544  -51.764  -3.422  43.111 0.0000000000
108322  -49.943  -3.354  43.082 0.0000000000
71358  -43.958  -2.949  42.814 0.0000000000
71373  -43.276  -2.208  42.444 0.0000000000
122988  -48.962  -2.648  33.659 0.0000000000
71457  -48.818  -2.220  33.389 0.0000000000
72253  -48.780  -1.461  32.055 0.0000000000
71484  -49.627  -2.148  31.449 0.0000000000
72254  -49.067  -1.516  31.066 0.0000000000
119809  -48.773  -1.033  30.421 0.0000000000
73625  -49.314  0.507  30.409 0.0000000000
73634  -49.333  0.385  29.379 0.0000000000
104428  -49.202  6.142  41.107 0.0000000000
77485  -49.816  6.458  41.137 0.0000000000
77488  -51.471  6.391  40.343 0.0000000000
76928  -51.491  5.836  39.700 0.0000000000
76933  -51.109  5.048  39.193 0.0000000000
104370  -51.998  5.661  39.394 0.0000000000
77541  -56.092  7.119  36.036 0.0000000000
76955  -55.631  6.455  36.289 0.0000000000
76361  -54.155  5.871  33.833 0.0000000000
76354  -53.811  5.055  34.182 0.0000000000
75722  -53.309  4.803  32.793 0.0000000000
76369  -53.304  5.491  32.453 0.0000000000
76995  -52.900  5.508  31.927 0.0000000000
76376  -53.131  5.322  31.837 0.0000000000
77003  -52.945  5.184  31.280 0.0000000000
76987  -51.638  5.741  32.808 0.0000000000
76986  -50.773  5.503  33.159 0.0000000000
79922  -48.733  10.233  36.296 0.0000000000
79325  -49.208  9.720  36.749 0.0000000000
79920  -47.032  9.820  36.485 0.0000000000
79323  -47.660  9.380  36.777 0.0000000000
78720  -46.790  9.025  36.767 0.0000000000
103532  -45.790  9.128  36.434 0.0000000000
79342  -45.087  9.703  34.033 0.0000000000
79341  -44.383  9.258  34.368 0.0000000000
69728  -50.595  -5.362  37.051 0.0000000000
103284  -48.616  -4.629  36.921 0.0000000000
70570  -47.690  -3.259  37.871 0.0000000000
106424  -47.851  -2.791  36.925 0.0000000000
71431  -47.942  -2.305  36.341 0.0000000000
105731  -48.180  -2.382  34.802 0.0000000000
72928  -48.899  0.148  35.645 0.0000000000
116560  -49.076  0.961  36.014 0.0000000000
78671  -54.051  8.604  42.541 0.0000000000
78675  -53.689  8.304  42.053 0.0000000000
78677  -54.387  8.555  41.827 0.0000000000
79284  -55.186  8.650  40.581 0.0000000000
78068  -55.899  7.760  39.780 0.0000000000
78690  -56.211  8.265  39.675 0.0000000000
80479  -55.528  10.966  39.322 0.0000000000
79895  -54.801  10.426  39.813 0.0000000000
79301  -57.148  9.157  38.488 0.0000000000
78697  -57.152  8.688  38.227 0.0000000000
78712  -57.109  8.337  37.368 0.0000000000
78096  -56.731  7.598  37.312 0.0000000000
111320  -56.016  9.141  35.878 0.0000000000
78736  -56.057  8.352  35.485 0.0000000000
78120  -55.453  7.641  35.005 0.0000000000
78109  -54.880  8.265  35.483 0.0000000000
79312  -53.544  9.638  37.034 0.0000000000
78709  -53.211  8.951  37.047 0.0000000000
78708  -52.207  8.763  37.149 0.0000000000
79311  -52.544  9.625  37.320 0.0000000000
80515  -54.956  12.196  35.796 0.0000000000
108177  -54.392  11.443  36.151 0.0000000000
80499  -52.292  11.369  36.104 0.0000000000
80498  -51.254  11.090  36.090 0.0000000000
79939  -50.271  10.702  36.087 0.0000000000
80511  -50.614  11.143  35.297 0.0000000000
79955  -47.762  11.333  33.801 0.0000000000
80534  -48.486  11.469  33.191 0.0000000000
71534  -47.997  -2.130  26.235 0.0000000000
72298  -48.013  -1.509  25.957 0.0000000000
74994  -45.033  2.134  40.777 0.0000000000
74995  -45.757  2.333  40.155 0.0000000000
75645  -45.642  3.629  41.216 0.0000000000
76300  -45.845  4.350  41.379 0.0000000000
76301  -46.549  4.609  41.054 0.0000000000
124626  -46.055  4.942  41.505 0.0000000000
76913  -44.393  5.484  43.348 0.0000000000
76914  -45.092  6.111  43.609 0.0000000000
77479  -46.726  6.470  42.753 0.0000000000
76915  -45.885  6.137  42.788 0.0000000000
76919  -47.218  6.256  42.170 0.0000000000
77483  -47.911  6.455  41.909 0.0000000000
78668  -49.540  8.218  42.788 0.0000000000
111591  -49.744  7.847  42.210 0.0000000000
78031  -49.658  7.369  46.936 0.0000000000
78030  -48.647  7.293  46.416 0.0000000000
78643  -48.872  7.922  45.653 0.0000000000
78644  -49.801  8.325  45.642 0.0000000000
78652  -51.462  9.091  44.970 0.0000000000
108564  -51.045  8.956  44.375 0.0000000000
78659  -50.797  8.815  43.632 0.0000000000
78660  -51.874  8.989  43.961 0.0000000000
78661  -52.919  8.979  43.593 0.0000000000
79266  -52.704  9.175  44.310 0.0000000000
79256  -53.475  9.821  45.610 0.0000000000
79261  -53.668  9.648  44.626 0.0000000000
121399  -54.204  10.389  42.964 0.0000000000
105295  -54.279  10.573  43.886 0.0000000000
105014  -57.148  -1.845  37.128 0.0000000000
70584  -55.777  -3.166  37.608 0.0000000000
70583  -55.110  -4.001  37.762 0.0000000000
70596  -54.692  -4.256  37.031 0.0000000000
111137  -56.564  -1.339  40.462 0.0000000000
70565  -55.713  -3.001  39.449 0.0000000000
121666  -53.827  -4.808  39.106 0.0000000000
110412  -53.788  -5.024  38.295 0.0000000000
68823  -52.374  -5.456  38.721 0.0000000000
68809  -50.565  -5.878  39.525 0.0000000000
105700  -49.745  -5.946  39.267 0.0000000000
69688  -50.809  -4.811  42.155 0.0000000000
68791  -50.643  -5.454  41.394 0.0000000000
68788  -47.651  -5.172  41.008 0.0000000000
68806  -47.713  -5.296  39.578 0.0000000000
119677  -46.811  -4.209  39.502 0.0000000000
71340  -52.746  -2.136  45.492 0.0000000000
68749  -49.744  -5.001  46.022 0.0000000000
68755  -50.443  -4.812  45.877 0.0000000000
68750  -50.313  -4.629  45.917 0.0000000000
70490  -48.148  -4.165  45.718 0.0000000000
71315  -48.048  -3.422  45.593 0.0000000000
71327  -49.714  -2.948  45.693 0.0000000000
71317  -49.954  -3.751  45.948 0.0000000000
70506  -51.210  -2.939  45.800 0.0000000000
107472  -51.299  -2.610  45.701 0.0000000000
72103  -50.775  -1.776  45.175 0.0000000000
105753  -51.564  -1.787  45.183 0.0000000000
72115  -50.619  -1.655  45.018 0.0000000000
71365  -50.457  -2.112  44.464 0.0000000000
72128  -49.772  -2.089  44.573 0.0000000000
71363  -49.130  -2.668  43.916 0.0000000000
71377  -48.408  -2.976  43.340 0.0000000000
71376  -47.393  -2.888  43.097 0.0000000000
72878  -44.723  -0.972  40.817 0.0000000000
72880  -44.830  -0.039  40.572 0.0000000000
121368  -43.998  1.105  40.909 0.0000000000
74273  -43.250  1.481  41.885 0.0000000000
74275  -43.864  1.616  41.353 0.0000000000
112480  -42.259  0.002  42.450 0.0000000000
73549  -42.100  0.680  42.899 0.0000000000
74984  -42.537  2.580  43.401 0.0000000000
72270  -56.542  -1.565  30.117 0.0000000000
72282  -56.116  -1.723  29.615 0.0000000000
72281  -55.452  -1.732  29.119 0.0000000000
69757  -51.621  -4.551  35.323 0.0000000000
70621  -51.957  -3.579  33.980 0.0000000000
70643  -49.954  -2.967  32.770 0.0000000000
70632  -50.420  -3.380  33.343 0.0000000000
71486  -51.672  -2.418  31.301 0.0000000000
71473  -52.161  -2.560  31.819 0.0000000000
103206  -52.989  -2.301  31.573 0.0000000000
71488  -53.802  -1.877  31.299 0.0000000000
103977  -53.385  -1.874  30.647 0.0000000000
71510  -53.492  -1.546  29.132 0.0000000000
72280  -53.957  -1.626  28.655 0.0000000000
71511  -54.658  -1.741  28.726 0.0000000000
72289  -53.727  -2.055  28.248 0.0000000000
71518  -53.652  -2.548  28.016 0.0000000000
72288  -52.762  -1.874  27.695 0.0000000000
72969  -50.272  0.080  26.349 0.0000000000
72965  -50.853  -0.594  26.809 0.0000000000
72299  -51.200  -0.980  25.869 0.0000000000
72976  -50.356  -0.471  25.685 0.0000000000
108873  -49.528  0.673  25.747 0.0000000000
72982  -49.698  0.018  25.594 0.0000000000
73659  -48.931  1.040  25.652 0.0000000000
74996  -46.642  2.679  39.805 0.0000000000
120616  -48.641  1.904  38.746 0.0000000000
104675  -49.811  5.102  39.684 0.0000000000
75651  -49.634  4.038  39.478 0.0000000000
75019  -50.148  2.990  38.093 0.0000000000
74300  -49.414  2.263  38.237 0.0000000000
73597  -49.699  1.780  36.964 0.0000000000
74315  -49.772  1.611  35.686 0.0000000000
74316  -50.471  2.210  35.726 0.0000000000
78060  -53.873  8.089  41.091 0.0000000000
78065  -53.415  7.554  40.568 0.0000000000
104897  -53.848  7.025  40.021 0.0000000000
76935  -53.369  5.930  38.951 0.0000000000
76321  -52.669  5.273  38.443 0.0000000000
76340  -54.305  5.305  36.148 0.0000000000
75692  -52.170  4.073  36.484 0.0000000000
76332  -52.349  4.292  37.142 0.0000000000
75691  -51.361  3.731  36.868 0.0000000000
75035  -51.633  3.796  36.076 0.0000000000
74321  -50.665  2.056  34.169 0.0000000000
74327  -50.516  2.010  33.051 0.0000000000
75067  -51.177  2.510  31.417 0.0000000000
74340  -50.376  1.965  31.191 0.0000000000
75072  -51.243  2.661  29.641 0.0000000000
75729  -52.929  4.777  31.369 0.0000000000
75084  -52.289  3.854  27.676 0.0000000000
75079  -52.066  3.730  28.953 0.0000000000
75083  -51.502  3.157  27.111 0.0000000000
120058  -50.687  2.471  26.604 0.0000000000
112372  -51.040  3.544  26.328 0.0000000000
75763  -49.414  3.448  26.308 0.0000000000
75093  -49.235  2.923  25.950 0.0000000000
74368  -48.497  1.370  25.974 0.0000000000
119325  -48.078  2.438  27.226 0.0000000000
76382  -49.912  4.805  29.844 0.0000000000
109239  -49.890  4.763  30.799 0.0000000000
75727  -48.298  3.634  31.607 0.0000000000
75735  -48.184  3.411  30.584 0.0000000000
77548  -52.664  6.885  34.391 0.0000000000
118640  -52.015  7.268  35.691 0.0000000000
107590  -51.590  6.466  35.027 0.0000000000
77547  -50.607  6.110  35.389 0.0000000000
76973  -50.143  5.539  34.885 0.0000000000
78705  -48.793  8.300  36.847 0.0000000000
77538  -48.622  6.260  35.729 0.0000000000
76346  -48.427  4.642  34.986 0.0000000000
76344  -47.003  4.701  35.573 0.0000000000
75697  -46.570  3.851  35.427 0.0000000000
124943  -45.929  4.082  35.922 0.0000000000
76338  -44.624  4.754  36.651 0.0000000000
111305  -43.694  5.248  37.148 0.0000000000
78091  -44.550  8.107  36.978 0.0000000000
77517  -44.816  7.141  37.264 0.0000000000
77532  -42.028  6.595  37.277 0.0000000000
79968  -44.831  10.355  32.190 0.0000000000
79961  -44.964  9.957  32.620 0.0000000000
80542  -44.268  10.612  32.229 0.0000000000
79959  -43.844  10.259  32.631 0.0000000000
79348  -43.149  9.609  33.444 0.0000000000
114396  -46.488  -1.160  39.258 0.0000000000
114730  -47.175  -1.123  38.936 0.0000000000
81765  -56.257  14.464  39.988 0.0000000000
81794  -56.183  14.122  37.866 0.0000000000
81814  -55.763  13.669  35.420 0.0000000000
82518  -55.904  14.165  35.703 0.0000000000
82533  -55.452  14.039  34.830 0.0000000000
83262  -55.426  14.953  33.785 0.0000000000
75627  -43.273  4.797  46.151 0.0000000000
70536  -53.196  -2.493  43.884 0.0000000000
70534  -51.364  -2.863  43.786 0.0000000000
70533  -50.382  -2.814  43.775 0.0000000000
71356  -41.534  -2.587  43.291 0.0000000000
70595  -54.584  -3.999  36.254 0.0000000000
125109  -54.248  -4.048  35.730 0.0000000000
70608  -53.900  -4.167  35.158 0.0000000000
72935  -48.555  -0.812  34.004 0.0000000000
72944  -48.983  -0.102  31.842 0.0000000000
78056  -50.001  7.173  41.532 0.0000000000
78057  -50.901  7.204  41.378 0.0000000000
108619  -51.447  6.933  40.979 0.0000000000
78127  -55.341  7.269  35.014 0.0000000000
76982  -55.277  6.761  34.955 0.0000000000
76988  -53.567  6.023  33.109 0.0000000000
77566  -53.365  6.064  32.860 0.0000000000
77565  -53.057  5.900  32.541 0.0000000000
77560  -52.506  6.018  32.867 0.0000000000
124222  -48.184  10.459  35.944 0.0000000000
79936  -47.644  10.611  35.321 0.0000000000
79935  -46.787  10.287  35.788 0.0000000000
79335  -45.785  9.932  35.094 0.0000000000
68834  -48.859  -5.147  37.725 0.0000000000
70582  -47.891  -3.736  37.103 0.0000000000
112365  -48.167  -1.123  38.331 0.0000000000
115820  -48.192  -1.488  37.985 0.0000000000
79275  -54.715  9.126  41.927 0.0000000000
79283  -54.864  9.188  41.083 0.0000000000
79890  -55.293  9.357  40.401 0.0000000000
80486  -56.912  11.128  38.272 0.0000000000
80480  -56.321  10.418  38.793 0.0000000000
108261  -57.236  9.680  37.760 0.0000000000
79327  -57.295  8.918  36.868 0.0000000000
117024  -54.374  9.726  36.677 0.0000000000
80527  -53.691  12.200  34.775 0.0000000000
80513  -53.116  11.597  35.423 0.0000000000
80526  -52.828  11.793  34.515 0.0000000000
80525  -51.941  11.605  34.432 0.0000000000
80524  -50.982  11.508  34.453 0.0000000000
80536  -50.541  11.664  33.523 0.0000000000
70699  -48.479  -3.099  26.665 0.0000000000
75644  -44.853  3.288  41.641 0.0000000000
76911  -45.001  6.367  44.737 0.0000000000
77472  -45.676  6.552  44.137 0.0000000000
77476  -46.228  6.591  43.450 0.0000000000
78046  -48.357  7.847  43.644 0.0000000000
78038  -50.143  7.949  46.415 0.0000000000
78645  -50.423  8.491  46.009 0.0000000000
78646  -50.989  9.109  46.076 0.0000000000
71422  -57.092  -1.620  37.820 0.0000000000
69698  -54.897  -3.714  40.872 0.0000000000
69706  -54.716  -3.987  39.877 0.0000000000
69704  -53.431  -4.980  39.813 0.0000000000
68811  -52.472  -5.348  39.514 0.0000000000
68799  -51.010  -5.655  40.272 0.0000000000
69687  -49.077  -4.813  41.960 0.0000000000
69685  -46.670  -4.571  40.602 0.0000000000
70558  -46.309  -3.909  40.097 0.0000000000
71337  -47.612  -2.807  45.323 0.0000000000
72092  -50.126  -2.271  45.478 0.0000000000
72114  -49.603  -1.949  44.829 0.0000000000
72126  -47.673  -2.763  43.520 0.0000000000
72146  -44.371  -1.463  41.387 0.0000000000
72877  -44.050  -0.537  41.139 0.0000000000
72256  -55.217  -1.214  30.264 0.0000000000
116168  -50.723  -4.367  35.061 0.0000000000
113934  -50.909  -2.610  31.629 0.0000000000
103365  -51.557  -1.142  27.330 0.0000000000
72975  -50.165  0.065  25.871 0.0000000000
73650  -49.871  0.768  26.085 0.0000000000
73655  -49.804  1.305  26.003 0.0000000000
107214  -46.929  3.767  40.259 0.0000000000
75650  -47.664  3.804  39.854 0.0000000000
75661  -49.285  3.154  39.251 0.0000000000
105607  -50.650  4.125  38.944 0.0000000000
120747  -50.278  3.815  39.107 0.0000000000
75663  -50.340  3.545  38.795 0.0000000000
75674  -50.415  3.366  38.422 0.0000000000
75027  -50.226  2.881  37.700 0.0000000000
124487  -50.414  2.916  37.108 0.0000000000
77490  -54.905  7.165  39.895 0.0000000000
77508  -54.324  6.339  38.646 0.0000000000
76347  -53.770  4.724  35.140 0.0000000000
108331  -53.784  4.831  35.821 0.0000000000
117138  -52.954  4.256  35.339 0.0000000000
75042  -51.927  3.650  35.427 0.0000000000
75049  -52.134  3.532  34.741 0.0000000000
75048  -51.668  3.080  34.442 0.0000000000
75053  -51.213  2.556  33.307 0.0000000000
75736  -52.407  4.497  29.747 0.0000000000
75750  -52.243  4.671  27.353 0.0000000000
76400  -51.642  4.426  26.761 0.0000000000
75756  -50.033  4.135  26.597 0.0000000000
75755  -49.021  3.688  26.874 0.0000000000
75749  -49.435  4.194  27.255 0.0000000000
75748  -48.713  3.756  27.761 0.0000000000
76374  -49.475  4.628  31.461 0.0000000000
113837  -51.190  7.517  36.431 0.0000000000
121992  -48.026  7.975  36.914 0.0000000000
78105  -48.140  7.381  36.643 0.0000000000
76967  -47.750  6.126  35.778 0.0000000000
76339  -46.247  5.115  36.247 0.0000000000
110438  -44.007  9.125  35.901 0.0000000000
121516  -43.772  8.489  36.531 0.0000000000
78117  -41.588  8.177  35.100 0.0000000000
121416  -47.308  -4.093  38.838 0.0000000000
70569  -47.552  -3.518  38.304 0.0000000000
72899  -48.627  0.499  38.231 0.0000000000
80473  -54.258  11.257  40.234 0.0000000000
81110  -55.586  12.319  39.458 0.0000000000
81116  -56.186  12.635  38.889 0.0000000000
80493  -56.912  11.712  37.549 0.0000000000
80528  -54.528  12.662  35.090 0.0000000000
81146  -55.146  13.338  35.050 0.0000000000
81144  -54.114  12.987  34.221 0.0000000000
81153  -53.763  13.111  33.050 0.0000000000
70701  -51.265  -2.621  26.649 0.0000000000
76293  -43.329  4.722  43.601 0.0000000000
76291  -43.648  5.485  44.017 0.0000000000
76902  -44.547  5.905  45.216 0.0000000000
69690  -52.455  -4.663  41.676 0.0000000000
69680  -50.407  -4.103  42.605 0.0000000000
69678  -48.635  -4.002  42.369 0.0000000000
70541  -48.108  -3.435  42.693 0.0000000000
113430  -45.871  -4.073  46.325 0.0000000000
71313  -45.850  -3.828  46.039 0.0000000000
71324  -45.960  -3.577  45.437 0.0000000000
71336  -46.945  -2.820  44.987 0.0000000000
72873  -42.964  -0.882  41.983 0.0000000000
72872  -42.393  -0.764  42.464 0.0000000000
72871  -41.973  -1.013  42.987 0.0000000000
70631  -49.093  -3.116  33.956 0.0000000000
71470  -49.531  -2.424  32.313 0.0000000000
71469  -48.978  -2.093  32.622 0.0000000000
72266  -50.651  -1.538  29.320 0.0000000000
72277  -49.175  -0.912  29.650 0.0000000000
73633  -49.246  -0.319  29.196 0.0000000000
76305  -48.714  4.590  39.895 0.0000000000
76927  -49.044  5.350  40.358 0.0000000000
76310  -51.048  4.402  38.761 0.0000000000
78095  -56.441  7.149  37.316 0.0000000000
77521  -55.521  6.437  37.269 0.0000000000
76968  -55.180  5.877  35.658 0.0000000000
76974  -55.147  6.061  34.970 0.0000000000
76375  -52.973  5.129  31.176 0.0000000000
77009  -52.391  5.186  29.787 0.0000000000
77008  -51.652  5.375  29.879 0.0000000000
76383  -51.143  5.195  29.238 0.0000000000
108739  -51.480  5.542  31.698 0.0000000000
76992  -50.578  5.336  31.869 0.0000000000
76985  -50.119  5.233  32.725 0.0000000000
108437  -49.928  5.127  33.575 0.0000000000
79907  -49.997  9.543  37.006 0.0000000000
112796  -50.153  8.764  37.114 0.0000000000
79308  -49.204  8.984  37.007 0.0000000000
79307  -48.305  8.779  36.910 0.0000000000
106083  -47.101  8.045  36.996 0.0000000000
78093  -46.459  7.453  37.072 0.0000000000
78719  -45.193  8.604  36.737 0.0000000000
114760  -45.554  9.517  35.747 0.0000000000
78735  -43.781  9.019  34.876 0.0000000000
78743  -42.815  8.961  34.010 0.0000000000
116698  -52.263  -5.055  36.751 0.0000000000
69745  -51.370  -5.114  36.271 0.0000000000
69756  -49.992  -4.604  35.542 0.0000000000
69725  -47.733  -3.944  37.796 0.0000000000
70605  -48.582  -3.532  35.422 0.0000000000
70619  -48.536  -3.076  34.687 0.0000000000
72222  -48.246  -1.562  34.532 0.0000000000
72936  -48.913  0.074  34.512 0.0000000000
108831  -49.365  0.899  34.333 0.0000000000
78061  -54.546  8.306  40.836 0.0000000000
78067  -55.283  7.739  40.118 0.0000000000
78078  -56.067  7.577  39.083 0.0000000000
79897  -56.613  9.530  38.882 0.0000000000
79293  -56.625  8.886  39.384 0.0000000000
78086  -56.318  7.324  38.135 0.0000000000
77523  -56.545  7.339  36.571 0.0000000000
77550  -56.377  7.598  35.916 0.0000000000
78727  -57.037  8.332  36.456 0.0000000000
78737  -56.636  8.044  35.860 0.0000000000
78126  -54.838  7.114  34.488 0.0000000000
78724  -53.942  8.603  36.390 0.0000000000
79927  -53.699  10.876  36.620 0.0000000000
79926  -52.774  10.943  36.707 0.0000000000
120386  -52.399  10.412  37.088 0.0000000000
79909  -51.674  10.119  37.123 0.0000000000
79908  -50.859  9.804  37.035 0.0000000000
120636  -50.344  10.155  36.679 0.0000000000
79938  -49.325  10.613  35.815 0.0000000000
79947  -49.060  10.927  35.006 0.0000000000
79946  -48.148  10.926  34.724 0.0000000000
79954  -46.810  11.083  33.362 0.0000000000
74279  -45.747  1.556  39.790 0.0000000000
75649  -46.296  3.256  40.444 0.0000000000
106876  -47.269  4.881  40.874 0.0000000000
76298  -45.928  5.496  42.004 0.0000000000
77484  -48.690  6.687  41.639 0.0000000000
78055  -49.139  7.323  41.898 0.0000000000
78657  -48.987  8.373  44.116 0.0000000000
78650  -49.739  8.722  44.624 0.0000000000
78658  -49.788  8.624  43.566 0.0000000000
122272  -51.376  8.724  43.106 0.0000000000
78662  -53.597  8.984  43.269 0.0000000000
78663  -53.961  9.005  43.067 0.0000000000
79268  -53.711  9.440  43.703 0.0000000000
79269  -54.048  9.407  43.303 0.0000000000
79865  -54.262  9.835  43.189 0.0000000000
79873  -51.068  10.228  42.029 0.0000000000
80449  -54.146  11.231  43.549 0.0000000000
70585  -56.453  -2.406  37.374 0.0000000000
70597  -55.974  -2.976  36.761 0.0000000000
69731  -53.481  -4.891  37.361 0.0000000000
124001  -52.303  -5.310  37.409 0.0000000000
68836  -51.011  -5.663  37.935 0.0000000000
68821  -49.416  -5.655  38.429 0.0000000000
68820  -48.601  -5.365  38.543 0.0000000000
69703  -47.779  -5.069  38.776 0.0000000000
122464  -49.068  -5.673  40.605 0.0000000000
68808  -49.051  -5.782  39.802 0.0000000000
68807  -48.391  -5.503  39.326 0.0000000000
71398  -46.920  -2.667  39.215 0.0000000000
72886  -45.533  -0.222  39.857 0.0000000000
72117  -52.715  -1.729  45.187 0.0000000000
67991  -50.727  -5.220  45.660 0.0000000000
68756  -51.124  -4.604  45.707 0.0000000000
69625  -49.611  -4.556  45.988 0.0000000000
71316  -49.088  -3.704  45.644 0.0000000000
69627  -50.623  -4.302  45.820 0.0000000000
121968  -51.257  -4.285  45.715 0.0000000000
69638  -51.528  -3.601  45.700 0.0000000000
70507  -51.594  -3.254  45.721 0.0000000000
71330  -52.245  -2.624  45.606 0.0000000000
72093  -50.777  -2.132  45.510 0.0000000000
71339  -52.258  -2.269  45.510 0.0000000000
121474  -52.178  -1.868  45.274 0.0000000000
72116  -52.277  -1.729  45.160 0.0000000000
72138  -46.827  -2.702  43.097 0.0000000000
71386  -46.553  -3.230  42.193 0.0000000000
73557  -45.383  0.721  39.955 0.0000000000
73551  -42.539  0.483  42.273 0.0000000000
74987  -42.984  2.167  42.582 0.0000000000
74985  -43.066  3.080  42.969 0.0000000000
110492  -42.126  3.518  45.047 0.0000000000
75631  -42.602  4.062  45.555 0.0000000000
70671  -56.226  -2.251  29.467 0.0000000000
71512  -56.156  -1.956  29.462 0.0000000000
70607  -53.041  -4.270  34.778 0.0000000000
69769  -52.173  -4.134  34.627 0.0000000000
71501  -53.696  -1.563  29.766 0.0000000000
70689  -53.322  -2.864  27.707 0.0000000000
116749  -51.112  -1.803  26.166 0.0000000000
71542  -49.243  -1.503  25.582 0.0000000000
72305  -48.658  -1.110  25.495 0.0000000000
111258  -49.069  -0.440  25.444 0.0000000000
72304  -48.337  -0.719  25.666 0.0000000000
74291  -47.405  1.276  39.125 0.0000000000
74292  -48.345  1.147  38.668 0.0000000000
73580  -48.780  1.016  38.052 0.0000000000
75008  -49.486  2.946  38.966 0.0000000000
74293  -49.105  2.206  38.552 0.0000000000
116264  -49.032  1.664  38.172 0.0000000000
73590  -48.898  1.032  37.835 0.0000000000
73596  -49.125  1.086  37.251 0.0000000000
73602  -49.362  1.321  36.525 0.0000000000
76929  -52.980  6.316  39.552 0.0000000000
75684  -51.562  3.987  37.742 0.0000000000
107488  -53.263  4.733  36.553 0.0000000000
76333  -52.915  5.010  37.548 0.0000000000
74306  -50.903  3.296  36.461 0.0000000000
74311  -50.947  2.844  35.736 0.0000000000
111702  -50.510  1.918  35.094 0.0000000000
74339  -49.765  1.387  31.751 0.0000000000
74333  -50.434  2.013  32.094 0.0000000000
75720  -52.424  3.855  31.976 0.0000000000
75073  -51.774  3.323  30.441 0.0000000000
74370  -50.050  2.362  25.953 0.0000000000
75095  -50.339  3.067  26.025 0.0000000000
75094  -49.867  2.945  25.860 0.0000000000
74374  -49.125  1.716  25.795 0.0000000000
76389  -49.236  4.337  29.094 0.0000000000
104958  -48.679  6.990  36.422 0.0000000000
124397  -49.243  6.613  36.134 0.0000000000
77546  -49.610  6.051  35.573 0.0000000000
124768  -49.407  4.725  34.032 0.0000000000
76345  -47.805  4.496  35.109 0.0000000000
121234  -47.569  3.624  34.239 0.0000000000
75704  -46.967  3.372  34.642 0.0000000000
76343  -45.621  4.614  36.271 0.0000000000
75690  -45.256  3.993  36.267 0.0000000000
77534  -44.124  6.543  37.245 0.0000000000
118849  -43.615  6.021  37.234 0.0000000000
117811  -41.548  6.998  36.683 0.0000000000
121484  -52.733  12.563  32.020 0.0000000000
80545  -49.155  11.512  32.282 0.0000000000
108043  -48.147  11.491  32.475 0.0000000000
79963  -46.689  11.034  32.659 0.0000000000
79970  -46.117  10.888  31.948 0.0000000000
79962  -46.140  10.559  32.485 0.0000000000
79953  -45.572  10.126  32.780 0.0000000000
79350  -45.008  9.732  33.110 0.0000000000
79354  -44.383  9.708  32.919 0.0000000000
79952  -43.903  9.838  32.781 0.0000000000
78749  -43.378  9.349  33.631 0.0000000000
69628  -51.010  -3.955  45.758 0.0000000000
69695  -46.771  -4.564  39.919 0.0000000000
70492  -49.928  -4.221  45.998 0.0000000000
72104  -52.526  -1.883  45.310 0.0000000000
74375  -49.638  1.842  25.897 0.0000000000
75098  -49.471  2.395  25.878 0.0000000000
75757  -50.872  4.145  26.392 0.0000000000
79349  -43.723  9.623  33.184 0.0000000000
79863  -51.159  10.350  42.036 0.0000000000
79864  -51.896  10.350  41.954 0.0000000000
79872  -49.944  10.460  41.694 0.0000000000
79874  -52.003  10.297  41.158 0.0000000000
79879  -50.220  11.068  41.132 0.0000000000
79880  -51.702  11.141  40.844 0.0000000000
80455  -50.925  10.419  41.950 0.0000000000
80461  -50.502  10.918  41.316 0.0000000000
80462  -51.137  11.263  41.013 0.0000000000
80464  -53.191  10.931  41.552 0.0000000000
80553  -46.098  11.391  31.215 0.0000000000
81079  -50.673  10.873  41.346 0.0000000000
81080  -51.143  11.115  41.183 0.0000000000
81136  -55.691  12.992  35.624 0.0000000000
81813  -55.523  13.361  35.363 0.0000000000
82500  -55.980  14.468  37.385 0.0000000000
82532  -55.467  14.502  35.341 0.0000000000
82547  -55.312  14.408  34.407 0.0000000000
108687  -50.580  10.697  41.561 0.0000000000
110499  -56.223  13.221  38.596 0.0000000000
114609  -53.111  -4.657  41.490 0.0000000000
114759  -49.752  -4.813  46.004 0.0000000000
119415  -48.495  7.706  42.913 0.0000000000
123707  -46.978  -5.047  40.886 0.0000000000
