#!ascii label  , from subject Paciente_3 vox2ras=TkReg
1635
46431  -37.561  -30.856  71.419 0.0000000000
103728  -52.635  -17.446  52.583 0.0000000000
53614  -42.025  -22.907  62.107 0.0000000000
118077  -3.757  -40.269  65.927 0.0000000000
42791  -22.466  -35.106  71.657 0.0000000000
44787  -4.345  -31.843  63.536 0.0000000000
46494  -9.146  -31.263  65.404 0.0000000000
54723  -46.680  -22.188  57.420 0.0000000000
47400  -4.286  -31.148  59.569 0.0000000000
41980  -2.399  -37.137  73.140 0.0000000000
48199  -38.268  -29.248  64.485 0.0000000000
43792  -33.423  -33.567  68.989 0.0000000000
103760  -30.725  -33.087  72.202 0.0000000000
58223  -53.858  -16.609  50.209 0.0000000000
51708  -44.916  -24.637  59.273 0.0000000000
40392  -17.603  -37.174  68.497 0.0000000000
50853  -2.582  -27.178  63.287 0.0000000000
41278  -5.092  -37.548  62.532 0.0000000000
42072  -1.884  -36.479  61.039 0.0000000000
38702  -1.978  -40.457  62.706 0.0000000000
43703  -9.700  -35.321  76.416 0.0000000000
44678  -7.125  -33.772  73.522 0.0000000000
106431  -38.867  -20.809  64.136 0.0000000000
44656  -28.214  -32.573  75.515 0.0000000000
104959  -24.854  -32.644  69.496 0.0000000000
45686  -6.724  -32.650  64.411 0.0000000000
42839  -5.913  -35.870  65.393 0.0000000000
57315  -48.813  -18.515  56.038 0.0000000000
39406  -12.874  -38.089  75.281 0.0000000000
39459  -14.793  -37.192  72.628 0.0000000000
46533  -3.113  -32.205  61.193 0.0000000000
42943  -3.382  -35.426  59.166 0.0000000000
46461  -10.294  -31.565  68.544 0.0000000000
44738  -5.851  -33.898  69.723 0.0000000000
41227  -0.885  -37.799  69.182 0.0000000000
47267  -39.247  -28.856  69.984 0.0000000000
44757  -37.792  -32.921  68.389 0.0000000000
47309  -38.550  -30.334  67.792 0.0000000000
44734  -35.810  -32.307  70.224 0.0000000000
43807  -35.341  -34.244  67.675 0.0000000000
44707  -34.256  -32.227  71.917 0.0000000000
103725  -52.691  -16.975  51.562 0.0000000000
58184  -48.991  -17.942  51.996 0.0000000000
58210  -50.502  -17.366  50.643 0.0000000000
120189  -52.347  -16.940  49.754 0.0000000000
105540  -43.451  -24.020  60.899 0.0000000000
103255  -39.059  -22.112  61.047 0.0000000000
53654  -40.758  -22.197  59.478 0.0000000000
53675  -41.487  -23.235  57.733 0.0000000000
40435  -4.728  -39.251  64.414 0.0000000000
40447  -3.266  -39.114  62.982 0.0000000000
38692  -2.454  -40.944  64.034 0.0000000000
36236  -2.988  -43.141  63.524 0.0000000000
37830  -2.784  -41.691  65.370 0.0000000000
40340  -9.346  -38.262  75.900 0.0000000000
42741  -7.235  -36.792  75.988 0.0000000000
56398  -37.462  -20.583  66.021 0.0000000000
51660  -37.081  -25.860  66.489 0.0000000000
50032  -37.304  -27.661  63.901 0.0000000000
52558  -36.702  -24.744  65.382 0.0000000000
54649  -35.998  -22.347  64.601 0.0000000000
47233  -29.982  -30.189  75.527 0.0000000000
45637  -29.019  -32.028  69.242 0.0000000000
44729  -28.325  -33.095  70.791 0.0000000000
59090  -53.765  -15.502  47.449 0.0000000000
59953  -55.544  -14.986  46.832 0.0000000000
46493  -8.501  -31.710  65.049 0.0000000000
43840  -8.196  -34.632  64.272 0.0000000000
43814  -8.429  -34.162  65.607 0.0000000000
56495  -47.933  -20.087  56.960 0.0000000000
51756  -44.291  -23.653  55.958 0.0000000000
53701  -44.981  -22.411  55.254 0.0000000000
55641  -45.551  -20.054  55.183 0.0000000000
42734  -13.427  -35.443  77.299 0.0000000000
41182  -15.031  -36.811  77.127 0.0000000000
105656  -2.003  -30.496  65.575 0.0000000000
47339  -2.636  -30.286  63.951 0.0000000000
45712  -3.915  -32.320  62.349 0.0000000000
40490  -1.931  -38.220  60.238 0.0000000000
42087  -2.042  -36.138  59.994 0.0000000000
40518  -3.584  -38.520  58.837 0.0000000000
46438  -12.039  -32.083  70.210 0.0000000000
43743  -4.665  -34.753  73.558 0.0000000000
104242  -6.177  -33.497  71.948 0.0000000000
43755  -3.505  -34.935  71.513 0.0000000000
43786  -3.295  -35.500  69.387 0.0000000000
41991  -1.601  -36.997  71.353 0.0000000000
49086  -38.974  -28.314  66.690 0.0000000000
45581  -31.969  -31.939  75.400 0.0000000000
45590  -33.897  -32.129  73.521 0.0000000000
44733  -32.199  -33.125  70.608 0.0000000000
59075  -54.154  -16.518  49.996 0.0000000000
104251  -52.481  -16.516  48.962 0.0000000000
52633  -46.477  -23.794  58.228 0.0000000000
51744  -43.381  -23.980  57.045 0.0000000000
42010  -21.730  -35.411  68.086 0.0000000000
41997  -20.295  -35.630  70.292 0.0000000000
50047  -4.309  -29.326  60.362 0.0000000000
43867  -4.741  -34.468  61.892 0.0000000000
43865  -3.914  -34.387  61.081 0.0000000000
42060  -3.262  -36.470  61.743 0.0000000000
40478  -2.327  -38.236  61.126 0.0000000000
37878  -2.877  -41.267  61.051 0.0000000000
44665  -12.002  -35.240  73.983 0.0000000000
121665  -9.953  -34.057  72.321 0.0000000000
44648  -8.255  -35.328  74.442 0.0000000000
42749  -5.660  -36.462  74.873 0.0000000000
54667  -40.003  -21.349  62.863 0.0000000000
54682  -37.234  -22.122  62.521 0.0000000000
43746  -25.491  -33.898  73.473 0.0000000000
44671  -29.434  -32.865  74.306 0.0000000000
43754  -26.675  -33.790  72.115 0.0000000000
114551  -23.927  -33.920  69.643 0.0000000000
46481  -2.708  -30.928  66.216 0.0000000000
112397  -4.156  -30.934  66.040 0.0000000000
44788  -5.123  -32.084  63.930 0.0000000000
43869  -6.575  -35.030  62.522 0.0000000000
41257  -6.611  -37.611  63.608 0.0000000000
41246  -4.151  -38.146  65.925 0.0000000000
58157  -50.416  -17.853  54.345 0.0000000000
57323  -46.963  -19.003  53.871 0.0000000000
43718  -12.533  -34.576  76.443 0.0000000000
41178  -11.130  -37.418  76.838 0.0000000000
38494  -10.769  -39.346  75.299 0.0000000000
116459  -18.766  -36.286  71.386 0.0000000000
41209  -17.050  -36.152  73.811 0.0000000000
40356  -16.030  -37.153  75.264 0.0000000000
39428  -13.505  -37.570  74.112 0.0000000000
38546  -12.525  -40.251  72.900 0.0000000000
50843  -2.272  -27.511  64.687 0.0000000000
107707  -2.886  -29.625  62.741 0.0000000000
47385  -2.839  -31.009  59.998 0.0000000000
43879  -2.259  -33.917  60.709 0.0000000000
44851  -2.432  -33.892  59.921 0.0000000000
44872  -3.976  -33.499  59.264 0.0000000000
46475  -9.634  -31.206  67.233 0.0000000000
45620  -8.653  -32.835  71.301 0.0000000000
46433  -8.407  -32.828  69.678 0.0000000000
45641  -8.130  -33.076  67.879 0.0000000000
43800  -5.958  -34.895  67.646 0.0000000000
42012  -3.415  -36.368  67.299 0.0000000000
40400  -1.917  -38.697  67.703 0.0000000000
105122  -1.372  -39.158  74.016 0.0000000000
108803  -0.088  -39.595  71.385 0.0000000000
37804  -2.883  -41.573  67.400 0.0000000000
120578  -38.717  -29.967  70.755 0.0000000000
112077  -37.102  -29.423  70.588 0.0000000000
107038  -38.158  -32.262  69.753 0.0000000000
46454  -38.963  -31.106  69.645 0.0000000000
45627  -37.172  -32.167  70.915 0.0000000000
44746  -37.148  -33.184  69.550 0.0000000000
46423  -36.759  -30.692  71.097 0.0000000000
44710  -35.714  -31.380  71.381 0.0000000000
58187  -52.902  -17.075  52.105 0.0000000000
103929  -51.033  -17.773  52.719 0.0000000000
103928  -49.938  -17.779  51.559 0.0000000000
103727  -51.447  -17.554  51.649 0.0000000000
120544  -51.804  -17.352  50.610 0.0000000000
53615  -42.584  -23.581  61.933 0.0000000000
52580  -43.901  -23.890  62.351 0.0000000000
53601  -43.039  -23.205  62.988 0.0000000000
125272  -39.293  -22.070  60.469 0.0000000000
53626  -41.473  -22.836  60.916 0.0000000000
53637  -41.568  -22.959  59.850 0.0000000000
39560  -4.079  -39.686  65.607 0.0000000000
39578  -3.475  -40.076  64.705 0.0000000000
38679  -2.930  -40.653  64.858 0.0000000000
37829  -2.522  -41.235  64.882 0.0000000000
106151  -2.925  -41.182  65.771 0.0000000000
38492  -9.217  -39.964  75.913 0.0000000000
39388  -8.301  -38.509  75.719 0.0000000000
52544  -37.632  -24.792  67.613 0.0000000000
51659  -36.933  -25.362  66.001 0.0000000000
53560  -37.334  -23.431  66.902 0.0000000000
54635  -36.758  -22.050  65.813 0.0000000000
59948  -53.908  -15.799  48.727 0.0000000000
59952  -54.888  -15.355  46.817 0.0000000000
59954  -56.144  -14.703  46.679 0.0000000000
113948  -8.799  -31.909  65.154 0.0000000000
45672  -8.701  -32.843  64.973 0.0000000000
44771  -8.858  -32.729  65.587 0.0000000000
55629  -47.680  -20.848  57.326 0.0000000000
119298  -49.131  -20.384  58.499 0.0000000000
119635  -45.769  -23.053  56.700 0.0000000000
52672  -44.799  -22.772  55.383 0.0000000000
54727  -46.139  -21.703  56.763 0.0000000000
55632  -46.484  -20.808  56.503 0.0000000000
43681  -15.618  -35.108  76.881 0.0000000000
41941  -16.351  -35.543  76.535 0.0000000000
42776  -23.274  -34.692  73.659 0.0000000000
42783  -22.265  -35.134  72.540 0.0000000000
120354  -4.276  -29.876  60.023 0.0000000000
104334  -3.007  -31.232  64.840 0.0000000000
45700  -3.096  -31.023  63.982 0.0000000000
45701  -3.756  -31.500  63.562 0.0000000000
112801  -2.758  -39.538  59.886 0.0000000000
41316  -2.235  -37.951  59.585 0.0000000000
39673  -3.422  -39.322  59.225 0.0000000000
46448  -12.543  -32.221  69.413 0.0000000000
104122  -12.071  -33.485  71.505 0.0000000000
42772  -3.414  -35.547  73.625 0.0000000000
43750  -3.627  -34.829  72.444 0.0000000000
110618  -2.841  -35.982  72.486 0.0000000000
124124  -2.258  -36.530  71.462 0.0000000000
41986  -2.014  -37.158  72.053 0.0000000000
107017  -39.273  -28.573  68.565 0.0000000000
48194  -39.120  -29.283  66.982 0.0000000000
50016  -39.087  -27.673  67.955 0.0000000000
50835  -38.713  -26.536  68.085 0.0000000000
43770  -34.186  -33.309  70.220 0.0000000000
103792  -33.861  -32.875  71.728 0.0000000000
118790  -32.930  -33.292  70.172 0.0000000000
117094  -31.595  -32.708  69.346 0.0000000000
59074  -54.101  -16.536  49.948 0.0000000000
58221  -52.961  -16.816  50.232 0.0000000000
58232  -52.452  -16.720  49.388 0.0000000000
104252  -53.110  -16.871  49.826 0.0000000000
58234  -53.374  -16.693  49.685 0.0000000000
51726  -45.538  -23.945  58.473 0.0000000000
52634  -46.933  -23.486  58.800 0.0000000000
113364  -46.086  -23.387  59.964 0.0000000000
51706  -43.409  -24.607  58.581 0.0000000000
51733  -42.902  -24.181  57.219 0.0000000000
51724  -44.214  -24.331  58.172 0.0000000000
51746  -44.603  -23.738  57.594 0.0000000000
51687  -3.586  -26.809  62.066 0.0000000000
50866  -4.198  -27.561  60.863 0.0000000000
50043  -3.731  -28.726  61.681 0.0000000000
42883  -5.081  -35.645  61.964 0.0000000000
42882  -4.272  -35.466  61.781 0.0000000000
117054  -3.970  -37.304  62.232 0.0000000000
39598  -2.222  -40.023  63.102 0.0000000000
39616  -2.566  -39.352  62.401 0.0000000000
112293  -2.239  -39.857  61.959 0.0000000000
38723  -2.357  -40.006  61.327 0.0000000000
38711  -2.013  -40.630  61.971 0.0000000000
37051  -2.310  -41.968  62.358 0.0000000000
122768  -10.184  -34.347  75.822 0.0000000000
44663  -10.010  -34.743  74.454 0.0000000000
104989  -9.269  -35.325  75.954 0.0000000000
41952  -6.573  -37.283  75.595 0.0000000000
42751  -6.652  -36.958  75.607 0.0000000000
41962  -5.671  -36.940  74.900 0.0000000000
41969  -4.999  -36.626  74.812 0.0000000000
55570  -39.416  -20.969  63.380 0.0000000000
55568  -37.322  -21.318  63.859 0.0000000000
114014  -36.770  -21.781  63.329 0.0000000000
55569  -38.315  -21.134  63.592 0.0000000000
54666  -38.836  -21.300  62.834 0.0000000000
45570  -27.713  -32.225  76.785 0.0000000000
111618  -25.749  -31.968  75.147 0.0000000000
44668  -26.271  -32.799  74.166 0.0000000000
44674  -32.157  -32.288  73.991 0.0000000000
45580  -30.766  -32.286  75.118 0.0000000000
116365  -30.755  -32.800  73.629 0.0000000000
43779  -25.913  -33.052  69.759 0.0000000000
44714  -28.004  -33.306  71.560 0.0000000000
43767  -25.895  -33.641  70.339 0.0000000000
43766  -25.161  -33.756  70.989 0.0000000000
108970  -24.477  -33.294  69.671 0.0000000000
42807  -23.635  -34.186  68.895 0.0000000000
46491  -6.674  -31.529  65.369 0.0000000000
45669  -5.226  -31.897  65.012 0.0000000000
45661  -4.326  -31.485  65.185 0.0000000000
45685  -5.732  -32.533  64.552 0.0000000000
43852  -5.989  -34.069  63.022 0.0000000000
44807  -6.705  -33.860  63.653 0.0000000000
42841  -7.610  -35.383  64.836 0.0000000000
42039  -7.540  -36.372  63.813 0.0000000000
42030  -6.484  -36.449  64.686 0.0000000000
41248  -5.591  -37.715  64.941 0.0000000000
42028  -5.219  -37.235  65.836 0.0000000000
58148  -49.590  -17.854  55.281 0.0000000000
58144  -51.629  -18.125  56.095 0.0000000000
58143  -50.616  -17.917  56.110 0.0000000000
56503  -47.353  -19.440  55.515 0.0000000000
56506  -46.292  -19.467  54.569 0.0000000000
57319  -47.689  -18.592  55.058 0.0000000000
58155  -48.301  -17.782  54.400 0.0000000000
111185  -13.921  -34.063  75.238 0.0000000000
40334  -13.655  -37.673  77.801 0.0000000000
41945  -12.138  -36.484  77.746 0.0000000000
40343  -11.909  -38.255  76.994 0.0000000000
39391  -10.493  -38.234  75.915 0.0000000000
38495  -11.682  -39.190  74.960 0.0000000000
41226  -18.677  -36.082  69.275 0.0000000000
41993  -19.602  -35.864  70.988 0.0000000000
41225  -18.220  -36.751  69.768 0.0000000000
39475  -15.568  -38.133  71.566 0.0000000000
40367  -16.253  -37.157  72.274 0.0000000000
114207  -15.865  -36.739  73.034 0.0000000000
41205  -16.506  -36.811  74.784 0.0000000000
39429  -15.274  -36.739  74.094 0.0000000000
40359  -15.404  -37.049  74.900 0.0000000000
39441  -13.993  -37.406  73.316 0.0000000000
38556  -12.771  -40.037  71.954 0.0000000000
49088  -2.178  -28.554  65.297 0.0000000000
46523  -3.419  -31.217  62.457 0.0000000000
120016  -2.982  -30.144  62.876 0.0000000000
48220  -3.306  -30.403  61.901 0.0000000000
48232  -3.141  -30.395  60.847 0.0000000000
114735  -2.906  -31.435  60.426 0.0000000000
42881  -3.136  -35.149  60.717 0.0000000000
43864  -3.425  -33.990  61.007 0.0000000000
42897  -2.319  -35.320  60.912 0.0000000000
42942  -3.050  -35.425  59.652 0.0000000000
43897  -2.487  -34.253  60.035 0.0000000000
119154  -3.375  -34.199  59.600 0.0000000000
44863  -3.576  -33.281  59.490 0.0000000000
43910  -3.827  -34.576  59.268 0.0000000000
105111  -4.490  -33.934  58.645 0.0000000000
46460  -9.641  -31.718  68.564 0.0000000000
44680  -8.869  -33.773  73.333 0.0000000000
45608  -8.980  -33.323  71.970 0.0000000000
44699  -7.572  -33.482  72.619 0.0000000000
44726  -5.690  -33.865  70.620 0.0000000000
45618  -7.065  -32.987  70.852 0.0000000000
116997  -7.268  -33.596  69.568 0.0000000000
110203  -8.335  -33.128  68.679 0.0000000000
120994  -6.831  -33.781  68.690 0.0000000000
44758  -6.428  -34.121  68.013 0.0000000000
43789  -5.801  -34.892  68.539 0.0000000000
42000  -1.695  -36.825  69.189 0.0000000000
42814  -3.015  -35.967  67.974 0.0000000000
42005  -1.949  -36.899  68.400 0.0000000000
41237  -2.660  -37.605  67.002 0.0000000000
41232  -1.650  -37.979  67.928 0.0000000000
38545  -1.289  -40.604  73.521 0.0000000000
110300  -1.758  -40.051  72.661 0.0000000000
49996  -39.775  -27.385  69.839 0.0000000000
43810  -37.513  -33.460  67.064 0.0000000000
45667  -38.285  -31.944  66.787 0.0000000000
46479  -38.538  -31.056  68.095 0.0000000000
47297  -38.995  -29.897  68.525 0.0000000000
43783  -35.171  -33.391  69.437 0.0000000000
43784  -36.012  -33.446  69.134 0.0000000000
43797  -36.942  -33.909  68.309 0.0000000000
43762  -35.041  -32.407  70.462 0.0000000000
123413  -53.139  -16.337  51.289 0.0000000000
58218  -49.413  -16.975  49.620 0.0000000000
103718  -50.108  -16.712  49.123 0.0000000000
58230  -50.625  -16.485  48.816 0.0000000000
103721  -51.438  -17.371  50.020 0.0000000000
103668  -52.584  -16.947  50.267 0.0000000000
51690  -44.275  -24.961  59.764 0.0000000000
51692  -45.278  -23.969  60.414 0.0000000000
52592  -44.618  -23.834  61.559 0.0000000000
52570  -45.178  -23.427  62.551 0.0000000000
110202  -36.812  -22.848  60.671 0.0000000000
53652  -38.010  -22.295  59.809 0.0000000000
54708  -38.728  -22.149  59.191 0.0000000000
103505  -38.940  -22.141  57.614 0.0000000000
103566  -39.595  -22.476  56.878 0.0000000000
53655  -41.337  -22.860  58.709 0.0000000000
113223  -41.864  -23.561  59.096 0.0000000000
40449  -5.139  -38.814  63.700 0.0000000000
41264  -4.645  -38.325  62.821 0.0000000000
40448  -4.254  -39.001  63.376 0.0000000000
39599  -2.885  -39.769  63.535 0.0000000000
116870  -2.154  -40.563  63.401 0.0000000000
37042  -2.017  -41.957  63.038 0.0000000000
37838  -2.371  -41.475  64.043 0.0000000000
37008  -2.915  -42.498  65.053 0.0000000000
113743  -9.821  -37.333  75.967 0.0000000000
42743  -8.807  -36.870  75.932 0.0000000000
41186  -8.258  -37.519  76.141 0.0000000000
56410  -38.494  -20.409  64.910 0.0000000000
50846  -37.564  -27.579  65.902 0.0000000000
50033  -37.866  -28.049  64.239 0.0000000000
50845  -37.263  -27.085  65.393 0.0000000000
51666  -36.674  -25.812  65.469 0.0000000000
51665  -36.270  -25.170  64.871 0.0000000000
53585  -35.791  -23.191  64.872 0.0000000000
55536  -36.427  -21.704  65.030 0.0000000000
46397  -29.411  -31.554  76.189 0.0000000000
108690  -30.037  -32.709  70.442 0.0000000000
120927  -29.570  -33.026  71.407 0.0000000000
44741  -28.416  -32.660  69.916 0.0000000000
44751  -26.499  -31.728  69.109 0.0000000000
59961  -53.809  -16.194  46.269 0.0000000000
103271  -54.600  -16.059  45.672 0.0000000000
59977  -54.823  -14.842  45.287 0.0000000000
59978  -55.634  -14.604  45.518 0.0000000000
45671  -7.265  -32.117  64.838 0.0000000000
44790  -7.289  -33.316  64.068 0.0000000000
44791  -8.243  -33.366  64.323 0.0000000000
43828  -8.422  -34.337  64.843 0.0000000000
43826  -7.124  -34.953  65.720 0.0000000000
56500  -48.366  -19.388  56.472 0.0000000000
56497  -49.088  -19.271  57.446 0.0000000000
117139  -43.999  -23.202  53.875 0.0000000000
53705  -44.316  -22.645  53.842 0.0000000000
105980  -44.526  -21.530  53.778 0.0000000000
55636  -45.199  -21.086  55.323 0.0000000000
55638  -46.950  -20.129  56.040 0.0000000000
44632  -14.068  -34.343  76.218 0.0000000000
43693  -14.905  -34.688  76.575 0.0000000000
41939  -14.129  -35.991  77.397 0.0000000000
40335  -14.384  -37.806  77.439 0.0000000000
121410  -15.456  -39.081  69.805 0.0000000000
38568  -14.010  -38.803  71.699 0.0000000000
47310  -0.718  -29.858  66.489 0.0000000000
118516  -1.594  -29.275  65.970 0.0000000000
47331  -2.020  -29.952  64.857 0.0000000000
46513  -3.215  -30.835  63.268 0.0000000000
116467  -3.504  -31.785  62.082 0.0000000000
41301  -1.834  -37.384  60.472 0.0000000000
42086  -1.937  -36.131  60.295 0.0000000000
41315  -1.850  -37.326  59.958 0.0000000000
41329  -2.241  -36.957  59.345 0.0000000000
113509  -3.468  -36.988  58.762 0.0000000000
47290  -13.354  -31.680  67.321 0.0000000000
47275  -11.990  -31.805  68.559 0.0000000000
46446  -10.776  -31.875  69.416 0.0000000000
43744  -5.648  -34.708  73.600 0.0000000000
44698  -6.577  -33.669  72.685 0.0000000000
44676  -5.239  -34.421  72.949 0.0000000000
44711  -4.771  -34.358  71.580 0.0000000000
43765  -4.541  -35.057  70.463 0.0000000000
43776  -4.670  -35.085  69.584 0.0000000000
43763  -3.241  -35.316  70.708 0.0000000000
42795  -1.885  -36.055  70.339 0.0000000000
108581  -0.894  -36.980  69.994 0.0000000000
47333  -38.219  -30.287  64.918 0.0000000000
46488  -38.228  -30.762  66.827 0.0000000000
117779  -38.668  -29.415  66.366 0.0000000000
49089  -38.696  -28.688  65.978 0.0000000000
50842  -37.686  -27.311  66.804 0.0000000000
105481  -37.946  -25.463  67.936 0.0000000000
44691  -32.682  -32.470  73.062 0.0000000000
44693  -34.073  -32.123  72.668 0.0000000000
44706  -33.297  -32.718  72.316 0.0000000000
44718  -31.452  -33.069  71.861 0.0000000000
44743  -30.628  -32.586  69.763 0.0000000000
123710  -51.898  -16.286  48.351 0.0000000000
59082  -52.608  -16.169  48.398 0.0000000000
59077  -53.443  -16.252  49.049 0.0000000000
53676  -47.076  -23.397  58.211 0.0000000000
54714  -48.757  -22.051  59.060 0.0000000000
53666  -48.065  -23.113  59.141 0.0000000000
53685  -40.991  -23.749  56.331 0.0000000000
51755  -43.716  -23.995  55.980 0.0000000000
51747  -45.395  -23.574  57.297 0.0000000000
42003  -21.856  -35.379  69.655 0.0000000000
41998  -21.311  -35.478  70.495 0.0000000000
119296  -20.555  -35.593  68.894 0.0000000000
42007  -19.565  -36.027  67.777 0.0000000000
50052  -4.716  -29.199  60.273 0.0000000000
48266  -3.584  -30.295  59.791 0.0000000000
44804  -4.651  -32.467  62.795 0.0000000000
44803  -4.393  -32.362  62.775 0.0000000000
43866  -4.380  -34.344  61.538 0.0000000000
116548  -3.068  -35.612  61.240 0.0000000000
42059  -2.488  -36.748  61.347 0.0000000000
41277  -3.037  -37.508  61.929 0.0000000000
41276  -2.525  -37.778  61.455 0.0000000000
41290  -2.062  -37.482  61.079 0.0000000000
39632  -2.094  -38.117  60.731 0.0000000000
45611  -11.488  -33.751  71.860 0.0000000000
44681  -10.276  -34.460  73.583 0.0000000000
109033  -9.405  -33.884  74.106 0.0000000000
123756  -7.835  -34.615  74.372 0.0000000000
43714  -7.914  -36.566  75.205 0.0000000000
43726  -7.438  -36.142  74.383 0.0000000000
43735  -6.525  -35.366  74.141 0.0000000000
43733  -5.042  -34.972  74.524 0.0000000000
42763  -3.661  -36.127  74.294 0.0000000000
41975  -3.117  -36.873  74.046 0.0000000000
113019  -41.290  -22.317  62.359 0.0000000000
53586  -42.821  -22.508  63.645 0.0000000000
54652  -42.118  -22.002  64.089 0.0000000000
120952  -37.402  -29.294  63.498 0.0000000000
53621  -36.201  -22.749  61.304 0.0000000000
54684  -39.333  -21.558  62.235 0.0000000000
43739  -25.026  -33.231  74.166 0.0000000000
42785  -24.193  -34.592  72.711 0.0000000000
46399  -30.677  -30.821  75.039 0.0000000000
103413  -30.116  -32.191  75.589 0.0000000000
44657  -28.913  -32.763  75.000 0.0000000000
44701  -28.568  -33.226  72.234 0.0000000000
44687  -28.305  -33.199  73.006 0.0000000000
44685  -26.979  -33.146  73.713 0.0000000000
43753  -26.149  -33.925  72.786 0.0000000000
42793  -25.032  -34.414  71.731 0.0000000000
42799  -23.510  -34.732  70.648 0.0000000000
116364  -23.361  -34.978  69.051 0.0000000000
60805  -56.267  -14.026  44.810 0.0000000000
61622  -56.826  -13.770  44.157 0.0000000000
115617  -57.462  -13.429  43.933 0.0000000000
122944  -2.325  -30.803  65.895 0.0000000000
45668  -3.452  -31.337  65.241 0.0000000000
111039  -3.391  -31.082  66.101 0.0000000000
45660  -3.746  -31.386  65.330 0.0000000000
116515  -4.879  -32.069  63.498 0.0000000000
44805  -5.242  -32.882  62.893 0.0000000000
43868  -5.523  -34.713  62.223 0.0000000000
124967  -6.757  -36.500  62.319 0.0000000000
122240  -7.702  -35.370  63.385 0.0000000000
42064  -7.325  -36.527  62.740 0.0000000000
41279  -6.020  -37.679  62.888 0.0000000000
41256  -5.904  -38.000  64.169 0.0000000000
40425  -4.786  -39.157  65.464 0.0000000000
40424  -3.802  -38.838  65.973 0.0000000000
105713  -51.013  -17.757  53.586 0.0000000000
55650  -44.732  -20.558  53.619 0.0000000000
56516  -45.282  -19.748  53.206 0.0000000000
57334  -46.643  -18.576  53.078 0.0000000000
58165  -48.185  -17.839  53.518 0.0000000000
58166  -49.243  -17.938  53.412 0.0000000000
44652  -12.635  -34.899  74.903 0.0000000000
122515  -10.718  -34.722  76.834 0.0000000000
43705  -12.886  -34.831  76.919 0.0000000000
42732  -11.654  -35.931  77.325 0.0000000000
42731  -11.090  -36.255  76.489 0.0000000000
39403  -10.178  -38.869  75.653 0.0000000000
42789  -20.757  -35.438  71.962 0.0000000000
41989  -19.898  -35.558  72.392 0.0000000000
41983  -18.929  -35.901  73.715 0.0000000000
41219  -17.617  -37.319  71.195 0.0000000000
41213  -17.264  -36.426  72.767 0.0000000000
41977  -18.914  -35.954  74.548 0.0000000000
41965  -18.197  -35.998  75.581 0.0000000000
41191  -17.153  -35.834  75.861 0.0000000000
41950  -17.136  -35.190  76.642 0.0000000000
41189  -15.617  -36.682  76.053 0.0000000000
40354  -14.536  -37.342  75.856 0.0000000000
39416  -13.171  -37.837  74.707 0.0000000000
38557  -13.528  -39.173  72.241 0.0000000000
119908  -13.568  -39.948  73.565 0.0000000000
112836  -13.222  -40.021  74.753 0.0000000000
106651  -11.896  -40.338  74.669 0.0000000000
103823  -2.162  -27.866  63.954 0.0000000000
49091  -2.085  -28.866  64.484 0.0000000000
50034  -2.128  -28.153  63.747 0.0000000000
50038  -2.452  -28.477  62.994 0.0000000000
49103  -3.457  -29.811  61.327 0.0000000000
48250  -2.972  -30.091  60.015 0.0000000000
46552  -3.566  -31.160  59.664 0.0000000000
44819  -3.810  -33.075  61.569 0.0000000000
44818  -3.457  -32.965  61.478 0.0000000000
45729  -2.735  -33.031  60.731 0.0000000000
113582  -2.088  -34.131  60.271 0.0000000000
44850  -1.969  -33.915  60.161 0.0000000000
110033  -2.472  -33.374  60.125 0.0000000000
45747  -3.128  -32.656  59.787 0.0000000000
110219  -3.600  -31.985  59.595 0.0000000000
46561  -4.319  -31.999  59.326 0.0000000000
45757  -4.631  -32.829  58.825 0.0000000000
45622  -10.519  -32.882  71.740 0.0000000000
46425  -10.010  -32.316  71.011 0.0000000000
46435  -9.701  -32.204  70.288 0.0000000000
45606  -7.034  -33.164  71.790 0.0000000000
46434  -8.451  -32.682  70.334 0.0000000000
116729  -9.289  -32.139  69.172 0.0000000000
46459  -9.074  -32.048  68.608 0.0000000000
46474  -9.101  -31.762  67.788 0.0000000000
45663  -8.863  -32.517  66.427 0.0000000000
44760  -7.900  -33.488  67.141 0.0000000000
43813  -7.192  -34.550  66.592 0.0000000000
43812  -6.220  -34.880  66.571 0.0000000000
43798  -4.245  -35.263  68.266 0.0000000000
42816  -4.596  -35.583  67.550 0.0000000000
42823  -4.948  -35.925  66.824 0.0000000000
42017  -3.969  -36.827  66.731 0.0000000000
41245  -3.407  -37.928  66.468 0.0000000000
116598  -3.361  -39.675  66.751 0.0000000000
41198  -2.086  -38.488  74.234 0.0000000000
40362  -1.026  -38.905  74.604 0.0000000000
41207  -2.130  -38.079  73.310 0.0000000000
116231  -1.871  -37.804  72.293 0.0000000000
40368  -1.347  -38.492  71.209 0.0000000000
105655  -0.028  -38.704  70.067 0.0000000000
38595  0.129  -39.962  69.977 0.0000000000
39513  -0.452  -38.915  69.268 0.0000000000
39515  -1.778  -39.729  68.720 0.0000000000
39527  -2.570  -39.843  68.147 0.0000000000
38649  -3.161  -40.717  66.720 0.0000000000
37817  -2.975  -41.449  66.419 0.0000000000
36212  -3.263  -42.782  66.023 0.0000000000
46432  -38.300  -30.513  71.066 0.0000000000
47257  -37.712  -29.138  70.654 0.0000000000
47256  -37.354  -30.055  70.558 0.0000000000
46443  -38.196  -31.419  71.238 0.0000000000
45634  -38.564  -31.437  70.379 0.0000000000
45628  -37.554  -31.668  71.452 0.0000000000
110851  -38.065  -32.133  70.784 0.0000000000
45617  -36.906  -31.124  71.565 0.0000000000
47252  -36.924  -30.336  70.586 0.0000000000
58188  -53.124  -17.031  52.652 0.0000000000
58169  -52.957  -17.358  52.931 0.0000000000
58185  -50.474  -17.872  52.096 0.0000000000
58186  -52.103  -17.486  52.140 0.0000000000
103726  -52.628  -17.099  51.700 0.0000000000
52590  -41.996  -23.302  61.443 0.0000000000
103338  -42.605  -23.214  62.441 0.0000000000
53625  -41.390  -22.671  61.717 0.0000000000
103919  -40.753  -22.245  61.309 0.0000000000
38666  -3.130  -40.801  65.778 0.0000000000
38509  -8.809  -39.946  75.348 0.0000000000
52543  -37.310  -24.213  66.812 0.0000000000
45673  -9.005  -31.993  65.428 0.0000000000
54724  -47.461  -21.690  57.718 0.0000000000
55625  -48.124  -21.235  57.904 0.0000000000
107931  -46.074  -22.716  56.836 0.0000000000
54728  -46.938  -21.202  57.161 0.0000000000
109795  -16.917  -33.834  78.070 0.0000000000
43682  -16.898  -34.847  76.895 0.0000000000
43683  -17.216  -34.198  77.711 0.0000000000
105099  -22.901  -34.814  72.175 0.0000000000
42784  -23.011  -34.821  72.872 0.0000000000
48278  -4.563  -30.414  59.785 0.0000000000
45683  -3.997  -31.589  64.565 0.0000000000
113407  -3.651  -31.437  64.383 0.0000000000
45702  -4.134  -31.721  63.719 0.0000000000
39663  -3.539  -39.799  59.948 0.0000000000
45624  -12.695  -33.028  71.302 0.0000000000
41981  -2.717  -36.640  73.492 0.0000000000
42771  -2.854  -35.947  73.245 0.0000000000
42770  -2.503  -36.514  72.847 0.0000000000
42780  -2.417  -36.545  72.117 0.0000000000
42779  -2.222  -36.928  72.431 0.0000000000
50008  -39.301  -27.201  69.109 0.0000000000
49067  -39.175  -27.991  68.344 0.0000000000
117978  -39.094  -27.256  68.520 0.0000000000
50836  -39.061  -26.942  68.355 0.0000000000
43781  -33.662  -33.481  69.695 0.0000000000
43769  -33.642  -33.267  70.567 0.0000000000
43780  -32.909  -33.347  69.366 0.0000000000
58222  -53.368  -16.885  49.973 0.0000000000
58235  -53.696  -16.908  49.835 0.0000000000
107471  -45.291  -24.108  58.997 0.0000000000
103865  -45.806  -23.884  58.934 0.0000000000
51709  -45.330  -24.089  59.609 0.0000000000
51707  -44.283  -24.799  58.837 0.0000000000
51723  -43.537  -24.216  57.748 0.0000000000
124401  -45.145  -23.972  58.264 0.0000000000
51675  -2.776  -26.628  63.506 0.0000000000
51680  -2.921  -26.654  62.697 0.0000000000
50862  -3.903  -27.725  61.810 0.0000000000
50858  -2.946  -27.373  62.655 0.0000000000
42061  -4.608  -36.526  62.097 0.0000000000
118972  -2.266  -39.830  62.375 0.0000000000
37868  -2.214  -41.329  61.820 0.0000000000
37857  -1.920  -41.272  62.535 0.0000000000
43716  -9.971  -34.745  76.445 0.0000000000
41963  -6.076  -37.117  75.092 0.0000000000
115757  -39.803  -20.865  63.940 0.0000000000
55554  -40.590  -20.924  64.224 0.0000000000
55553  -39.528  -20.582  64.641 0.0000000000
47332  -38.109  -30.032  64.393 0.0000000000
45571  -28.413  -32.280  76.309 0.0000000000
44647  -27.430  -32.291  75.932 0.0000000000
44655  -27.158  -32.427  75.153 0.0000000000
44690  -31.588  -32.715  73.224 0.0000000000
105997  -30.721  -33.048  72.950 0.0000000000
120504  -25.067  -32.928  70.008 0.0000000000
43790  -24.269  -33.107  68.877 0.0000000000
42813  -23.735  -33.434  68.555 0.0000000000
108229  -24.163  -32.797  68.120 0.0000000000
45670  -6.180  -32.150  65.065 0.0000000000
46490  -5.646  -31.369  65.419 0.0000000000
116896  -6.210  -33.224  64.143 0.0000000000
42840  -6.840  -35.704  65.131 0.0000000000
42856  -7.304  -36.142  64.404 0.0000000000
42029  -5.683  -36.682  65.094 0.0000000000
42838  -5.299  -36.315  66.044 0.0000000000
57316  -49.590  -17.922  56.120 0.0000000000
57314  -48.107  -19.068  55.744 0.0000000000
57320  -48.500  -17.973  55.358 0.0000000000
40344  -12.994  -38.339  77.202 0.0000000000
40333  -12.442  -37.720  77.525 0.0000000000
39393  -12.371  -38.208  76.004 0.0000000000
39405  -11.967  -38.330  75.243 0.0000000000
41229  -18.129  -36.708  68.838 0.0000000000
40384  -17.664  -37.285  69.359 0.0000000000
118565  -14.940  -37.722  71.960 0.0000000000
40366  -15.494  -37.263  72.344 0.0000000000
40364  -15.306  -36.812  73.297 0.0000000000
39442  -14.700  -36.945  73.389 0.0000000000
109708  -14.539  -36.928  73.837 0.0000000000
39458  -14.218  -37.380  72.802 0.0000000000
50024  -1.911  -28.751  65.969 0.0000000000
118882  -3.322  -31.509  61.631 0.0000000000
47356  -3.342  -30.899  62.164 0.0000000000
47363  -3.181  -31.026  61.104 0.0000000000
118710  -3.031  -31.704  60.952 0.0000000000
42898  -2.137  -35.791  61.066 0.0000000000
108344  -3.464  -34.765  59.630 0.0000000000
43923  -4.407  -34.500  58.799 0.0000000000
42944  -3.930  -35.275  58.900 0.0000000000
47274  -11.149  -31.708  68.551 0.0000000000
44679  -7.939  -33.692  73.502 0.0000000000
45594  -8.489  -33.592  72.560 0.0000000000
44727  -6.613  -33.520  70.213 0.0000000000
44739  -6.602  -33.737  69.383 0.0000000000
44748  -5.991  -33.921  68.868 0.0000000000
43777  -5.481  -34.663  69.279 0.0000000000
41228  -1.342  -37.287  68.948 0.0000000000
106681  -1.605  -37.462  68.305 0.0000000000
41231  -1.229  -37.867  68.565 0.0000000000
36911  -0.569  -41.774  74.248 0.0000000000
37730  -0.516  -41.165  73.955 0.0000000000
36923  -0.610  -41.595  73.495 0.0000000000
117651  -39.394  -28.148  69.730 0.0000000000
44768  -37.959  -32.972  67.620 0.0000000000
45656  -38.185  -32.365  67.384 0.0000000000
45647  -38.112  -32.310  68.034 0.0000000000
47266  -39.162  -29.816  70.188 0.0000000000
47279  -39.135  -30.419  69.339 0.0000000000
47280  -39.260  -29.497  69.309 0.0000000000
48166  -39.315  -28.735  69.213 0.0000000000
43772  -35.578  -32.959  69.876 0.0000000000
44747  -37.689  -32.812  69.204 0.0000000000
44756  -37.309  -33.411  68.750 0.0000000000
44767  -37.389  -33.452  67.923 0.0000000000
44724  -36.207  -31.813  70.801 0.0000000000
44723  -35.169  -31.849  70.901 0.0000000000
43771  -34.997  -32.951  70.172 0.0000000000
103722  -52.737  -16.761  50.821 0.0000000000
58201  -53.216  -16.692  51.527 0.0000000000
58183  -48.097  -17.801  52.640 0.0000000000
58196  -48.130  -17.672  51.537 0.0000000000
58209  -49.672  -17.169  50.297 0.0000000000
58219  -50.447  -16.924  49.880 0.0000000000
103717  -51.085  -16.795  49.458 0.0000000000
124202  -52.283  -17.108  51.201 0.0000000000
103723  -52.410  -17.052  50.454 0.0000000000
58200  -52.674  -16.865  50.966 0.0000000000
52604  -43.600  -24.509  60.067 0.0000000000
51683  -44.332  -24.249  60.625 0.0000000000
52591  -43.939  -23.896  61.451 0.0000000000
52569  -44.141  -23.856  62.931 0.0000000000
106308  -44.817  -23.560  62.750 0.0000000000
52561  -44.626  -23.282  63.349 0.0000000000
111603  -37.589  -22.647  60.592 0.0000000000
53634  -38.497  -22.288  60.501 0.0000000000
103522  -39.968  -22.012  60.062 0.0000000000
117870  -39.029  -22.085  59.885 0.0000000000
53653  -39.720  -22.104  59.267 0.0000000000
53664  -39.343  -22.139  58.474 0.0000000000
53665  -40.401  -22.262  58.586 0.0000000000
52602  -42.044  -23.578  60.589 0.0000000000
52620  -42.199  -23.871  59.704 0.0000000000
52603  -42.791  -24.042  60.309 0.0000000000
52621  -42.987  -24.381  59.479 0.0000000000
38693  -2.602  -40.328  63.901 0.0000000000
37847  -1.986  -41.257  63.367 0.0000000000
37839  -2.507  -41.885  64.470 0.0000000000
120582  -9.553  -37.712  75.984 0.0000000000
41176  -8.956  -37.478  76.078 0.0000000000
41187  -9.139  -38.056  76.098 0.0000000000
56399  -38.160  -20.109  65.746 0.0000000000
50841  -37.128  -26.745  66.211 0.0000000000
52551  -36.996  -24.402  66.035 0.0000000000
52557  -35.983  -24.155  64.897 0.0000000000
53570  -36.360  -23.687  65.483 0.0000000000
55524  -37.169  -21.472  66.327 0.0000000000
46398  -29.869  -31.079  75.569 0.0000000000
44742  -29.553  -32.473  69.868 0.0000000000
59089  -53.156  -15.679  47.407 0.0000000000
59099  -52.896  -15.760  46.910 0.0000000000
59951  -54.241  -15.729  46.657 0.0000000000
59962  -55.168  -15.511  46.010 0.0000000000
59963  -55.744  -15.121  46.184 0.0000000000
121569  -8.058  -32.037  64.717 0.0000000000
45687  -7.755  -32.601  64.406 0.0000000000
45688  -8.437  -32.408  64.766 0.0000000000
43815  -8.662  -33.595  65.231 0.0000000000
44792  -8.455  -33.887  64.591 0.0000000000
43827  -8.047  -34.743  65.218 0.0000000000
115683  -7.834  -34.532  65.970 0.0000000000
56496  -48.559  -19.703  57.169 0.0000000000
51769  -43.917  -23.495  54.790 0.0000000000
52671  -44.213  -23.093  54.628 0.0000000000
52685  -44.521  -22.656  54.505 0.0000000000
53706  -44.724  -22.329  54.449 0.0000000000
54733  -44.822  -21.796  54.491 0.0000000000
54730  -45.116  -21.916  55.227 0.0000000000
55633  -47.316  -20.503  56.685 0.0000000000
56499  -47.643  -19.744  56.269 0.0000000000
44623  -15.549  -34.240  76.195 0.0000000000
41940  -15.572  -35.878  76.623 0.0000000000
42726  -15.048  -35.640  76.850 0.0000000000
41947  -14.803  -36.466  77.249 0.0000000000
41181  -14.539  -37.214  77.764 0.0000000000
124262  -14.953  -39.285  69.913 0.0000000000
38601  -14.532  -39.417  70.072 0.0000000000
47325  -1.354  -30.176  65.965 0.0000000000
47324  -1.437  -29.733  65.810 0.0000000000
116854  -1.907  -30.285  65.290 0.0000000000
114268  -3.716  -31.636  62.905 0.0000000000
45711  -3.559  -32.230  61.893 0.0000000000
40517  -2.763  -38.688  59.254 0.0000000000
41330  -2.925  -37.685  58.911 0.0000000000
108278  -2.838  -36.806  58.895 0.0000000000
41331  -4.027  -37.588  58.665 0.0000000000
46447  -11.671  -31.834  69.460 0.0000000000
46437  -11.292  -32.104  70.234 0.0000000000
108906  -4.234  -34.574  71.971 0.0000000000
43756  -4.333  -34.820  71.221 0.0000000000
43764  -3.831  -35.146  70.808 0.0000000000
42788  -2.991  -35.558  71.250 0.0000000000
42794  -1.731  -36.598  70.936 0.0000000000
42787  -2.450  -36.195  70.970 0.0000000000
42802  -1.309  -36.515  70.202 0.0000000000
41996  -1.165  -36.884  70.691 0.0000000000
109021  -38.231  -31.543  64.513 0.0000000000
46506  -38.250  -30.828  65.103 0.0000000000
123306  -38.317  -31.146  67.449 0.0000000000
48195  -39.265  -28.579  67.110 0.0000000000
123527  -38.720  -29.577  66.740 0.0000000000
116271  -39.051  -28.950  66.434 0.0000000000
48198  -38.601  -29.220  65.776 0.0000000000
50026  -38.172  -28.039  66.407 0.0000000000
50022  -38.635  -27.718  67.105 0.0000000000
51656  -38.031  -26.102  67.733 0.0000000000
42820  -35.044  -34.812  66.919 0.0000000000
108972  -33.596  -32.116  74.586 0.0000000000
44675  -33.120  -32.259  73.840 0.0000000000
44694  -34.438  -31.718  72.405 0.0000000000
114477  -32.961  -33.206  70.983 0.0000000000
44719  -33.089  -33.049  71.711 0.0000000000
104065  -32.247  -33.093  71.450 0.0000000000
44732  -31.451  -33.014  71.050 0.0000000000
44744  -31.430  -32.978  70.191 0.0000000000
44753  -31.032  -32.287  68.853 0.0000000000
120687  -54.047  -15.987  49.203 0.0000000000
121609  -51.391  -16.512  49.014 0.0000000000
58231  -51.992  -16.687  49.214 0.0000000000
110575  -51.952  -16.590  48.938 0.0000000000
118124  -52.190  -16.318  48.420 0.0000000000
58246  -52.803  -16.483  48.920 0.0000000000
59078  -53.822  -16.501  49.706 0.0000000000
59079  -54.209  -16.293  49.719 0.0000000000
52644  -46.626  -23.644  57.915 0.0000000000
109448  -46.877  -23.668  58.346 0.0000000000
52623  -47.086  -23.198  59.762 0.0000000000
52606  -48.055  -23.144  60.238 0.0000000000
51679  -45.892  -23.642  61.750 0.0000000000
51686  -45.915  -23.853  61.148 0.0000000000
119755  -40.699  -22.977  57.097 0.0000000000
52641  -41.612  -23.661  56.922 0.0000000000
51753  -42.416  -24.621  55.555 0.0000000000
51745  -43.800  -23.780  56.975 0.0000000000
51737  -45.879  -23.875  58.105 0.0000000000
111581  -45.379  -23.762  57.748 0.0000000000
52643  -46.019  -23.705  57.687 0.0000000000
52654  -46.215  -23.363  57.263 0.0000000000
42009  -21.045  -35.613  68.325 0.0000000000
51696  -3.521  -26.505  60.334 0.0000000000
115845  -4.390  -28.580  61.026 0.0000000000
50048  -4.322  -28.342  60.349 0.0000000000
49118  -3.774  -29.912  59.961 0.0000000000
43850  -4.888  -33.351  62.139 0.0000000000
43849  -4.607  -33.179  61.828 0.0000000000
116733  -3.863  -36.235  61.920 0.0000000000
115551  -3.781  -35.403  61.414 0.0000000000
40464  -3.665  -38.349  62.500 0.0000000000
108442  -2.440  -38.465  61.539 0.0000000000
41289  -1.967  -37.610  60.767 0.0000000000
114262  -2.440  -39.476  60.691 0.0000000000
37032  -2.571  -42.463  63.341 0.0000000000
120508  -2.555  -42.387  62.803 0.0000000000
44682  -11.216  -34.759  73.249 0.0000000000
44649  -9.199  -34.721  74.526 0.0000000000
44662  -8.381  -33.886  74.315 0.0000000000
42753  -8.422  -36.753  75.782 0.0000000000
42752  -7.490  -36.886  75.799 0.0000000000
42758  -6.129  -36.549  74.969 0.0000000000
43713  -6.953  -36.684  75.038 0.0000000000
43725  -6.516  -36.142  74.438 0.0000000000
123373  -6.888  -35.885  74.002 0.0000000000
43724  -5.765  -35.578  74.720 0.0000000000
43734  -5.870  -34.907  74.355 0.0000000000
123341  -4.413  -36.953  74.649 0.0000000000
42757  -4.280  -36.613  74.638 0.0000000000
41968  -3.735  -37.151  74.512 0.0000000000
54668  -41.028  -21.913  63.126 0.0000000000
53600  -41.886  -22.012  63.506 0.0000000000
54651  -41.264  -21.611  63.809 0.0000000000
49095  -37.406  -28.488  63.697 0.0000000000
54681  -36.136  -22.252  62.768 0.0000000000
53612  -36.789  -22.558  61.909 0.0000000000
53613  -40.391  -21.834  62.396 0.0000000000
43731  -25.499  -32.512  74.563 0.0000000000
43745  -24.663  -34.118  73.861 0.0000000000
42778  -24.806  -34.405  73.114 0.0000000000
44672  -30.336  -32.690  74.309 0.0000000000
44658  -29.834  -32.524  75.069 0.0000000000
44715  -28.870  -33.101  71.484 0.0000000000
44702  -29.395  -33.149  72.053 0.0000000000
43759  -27.175  -33.631  71.492 0.0000000000
44700  -27.579  -33.385  72.363 0.0000000000
104581  -27.928  -33.039  73.870 0.0000000000
44686  -27.533  -33.256  73.164 0.0000000000
42801  -24.426  -33.693  70.328 0.0000000000
106238  -24.395  -34.130  71.040 0.0000000000
104963  -23.846  -34.427  71.040 0.0000000000
42800  -23.925  -34.245  70.375 0.0000000000
42806  -23.710  -34.765  69.741 0.0000000000
42818  -23.053  -34.472  67.309 0.0000000000
42812  -23.337  -34.909  68.216 0.0000000000
60796  -56.445  -14.564  45.649 0.0000000000
60806  -56.714  -13.923  45.017 0.0000000000
61623  -56.969  -13.775  44.478 0.0000000000
46469  -2.033  -30.422  66.807 0.0000000000
45658  -2.806  -31.078  65.723 0.0000000000
45659  -3.145  -31.214  65.692 0.0000000000
46473  -4.768  -30.343  66.072 0.0000000000
44778  -5.076  -32.012  64.527 0.0000000000
44777  -4.485  -31.652  64.722 0.0000000000
45684  -4.221  -31.621  64.432 0.0000000000
44806  -5.470  -33.114  63.404 0.0000000000
42884  -6.162  -35.763  62.146 0.0000000000
42885  -7.105  -35.855  62.423 0.0000000000
44809  -8.186  -34.351  64.060 0.0000000000
44808  -7.696  -34.051  63.763 0.0000000000
42871  -8.056  -35.048  63.814 0.0000000000
42038  -7.074  -37.001  64.080 0.0000000000
42049  -7.555  -36.332  63.254 0.0000000000
42048  -7.278  -36.962  63.369 0.0000000000
42063  -6.799  -37.219  62.703 0.0000000000
41266  -5.902  -37.989  63.565 0.0000000000
41247  -5.098  -38.200  65.608 0.0000000000
106369  -51.508  -17.697  54.182 0.0000000000
106195  -52.213  -17.651  54.371 0.0000000000
58150  -51.549  -18.014  55.131 0.0000000000
106085  -43.454  -22.920  64.272 0.0000000000
55640  -44.807  -20.815  54.546 0.0000000000
56505  -45.303  -19.852  54.224 0.0000000000
57322  -46.024  -19.224  53.681 0.0000000000
57333  -45.856  -18.988  52.744 0.0000000000
58164  -47.368  -18.126  53.367 0.0000000000
58156  -49.394  -17.830  54.382 0.0000000000
44641  -12.058  -34.486  75.792 0.0000000000
44640  -10.908  -34.350  76.011 0.0000000000
43717  -11.581  -34.603  76.579 0.0000000000
43706  -13.601  -34.711  76.644 0.0000000000
118667  -13.317  -34.927  76.949 0.0000000000
41179  -11.791  -37.239  77.614 0.0000000000
41944  -11.380  -36.775  77.209 0.0000000000
41943  -10.751  -37.079  76.220 0.0000000000
40331  -10.811  -37.828  76.185 0.0000000000
39404  -11.098  -38.641  75.556 0.0000000000
38493  -9.702  -39.602  75.352 0.0000000000
38511  -10.483  -39.889  75.170 0.0000000000
41995  -21.255  -35.439  71.288 0.0000000000
41994  -20.540  -35.575  71.116 0.0000000000
104121  -20.008  -35.613  71.665 0.0000000000
41988  -19.323  -35.939  71.918 0.0000000000
41984  -19.748  -35.579  73.259 0.0000000000
116789  -19.121  -36.000  72.818 0.0000000000
41224  -17.719  -37.351  70.248 0.0000000000
40376  -17.205  -37.763  70.701 0.0000000000
121006  -16.477  -36.689  72.711 0.0000000000
41215  -17.041  -37.012  72.090 0.0000000000
41982  -18.044  -36.073  73.300 0.0000000000
41976  -17.919  -35.882  74.213 0.0000000000
41970  -18.085  -36.113  74.938 0.0000000000
41206  -17.140  -36.373  74.591 0.0000000000
40360  -16.074  -37.220  74.989 0.0000000000
41200  -16.602  -36.809  75.013 0.0000000000
41196  -16.487  -36.413  75.522 0.0000000000
41957  -17.143  -35.589  76.199 0.0000000000
41190  -16.390  -36.165  75.841 0.0000000000
41956  -16.261  -35.922  76.194 0.0000000000
40347  -15.560  -36.984  75.610 0.0000000000
39418  -14.433  -36.962  74.556 0.0000000000
39408  -14.593  -37.013  75.101 0.0000000000
39417  -13.506  -37.548  74.401 0.0000000000
39407  -13.911  -37.316  75.227 0.0000000000
38515  -12.748  -39.019  74.072 0.0000000000
38567  -14.085  -39.942  71.543 0.0000000000
110301  -13.512  -39.881  72.025 0.0000000000
38547  -13.405  -40.015  72.783 0.0000000000
104260  -13.051  -40.210  73.624 0.0000000000
38535  -13.411  -40.077  74.192 0.0000000000
38534  -12.696  -40.258  74.359 0.0000000000
107526  -12.265  -40.447  73.689 0.0000000000
50840  -2.315  -27.332  65.068 0.0000000000
51662  -2.389  -27.071  64.799 0.0000000000
51668  -2.358  -27.265  64.546 0.0000000000
50847  -2.230  -27.669  64.334 0.0000000000
47330  -1.929  -29.335  65.221 0.0000000000
49090  -2.086  -28.931  65.354 0.0000000000
48201  -2.222  -29.541  64.287 0.0000000000
48208  -2.328  -29.207  63.618 0.0000000000
49097  -2.300  -28.758  63.367 0.0000000000
49100  -2.963  -29.295  62.528 0.0000000000
50042  -3.218  -29.000  62.193 0.0000000000
113014  -3.296  -29.998  61.878 0.0000000000
108063  -2.825  -30.948  60.311 0.0000000000
47373  -2.778  -30.394  60.047 0.0000000000
124191  -3.108  -30.380  59.835 0.0000000000
47386  -3.016  -30.802  59.875 0.0000000000
44820  -4.214  -33.143  61.654 0.0000000000
44830  -3.165  -33.753  61.049 0.0000000000
44829  -2.739  -33.370  60.903 0.0000000000
42911  -2.517  -35.274  60.431 0.0000000000
42923  -2.362  -34.948  59.586 0.0000000000
45740  -2.530  -33.551  59.900 0.0000000000
45739  -2.837  -32.872  59.994 0.0000000000
45748  -3.465  -32.818  59.585 0.0000000000
45755  -3.874  -32.425  59.426 0.0000000000
45756  -4.173  -32.858  59.220 0.0000000000
122489  -4.463  -32.421  59.132 0.0000000000
44873  -4.372  -33.462  58.923 0.0000000000
45610  -10.599  -33.812  72.099 0.0000000000
45621  -9.518  -32.773  71.535 0.0000000000
46424  -9.214  -32.440  70.752 0.0000000000
45629  -7.450  -33.203  70.136 0.0000000000
125048  -7.727  -32.915  70.500 0.0000000000
45630  -7.947  -32.855  70.025 0.0000000000
46444  -8.865  -32.502  69.447 0.0000000000
45636  -8.705  -32.793  69.042 0.0000000000
45642  -8.720  -32.488  68.239 0.0000000000
45649  -8.743  -32.375  67.400 0.0000000000
44761  -8.410  -32.911  67.005 0.0000000000
44759  -7.153  -34.000  67.229 0.0000000000
43801  -6.593  -34.578  67.265 0.0000000000
43811  -5.311  -35.145  67.092 0.0000000000
43787  -3.911  -34.979  69.014 0.0000000000
42815  -3.824  -35.800  67.805 0.0000000000
42822  -4.246  -36.152  67.116 0.0000000000
42018  -4.734  -36.675  66.536 0.0000000000
41236  -2.261  -38.212  67.322 0.0000000000
40412  -3.035  -38.681  66.647 0.0000000000
40411  -2.597  -39.104  67.182 0.0000000000
40357  -1.349  -38.820  74.715 0.0000000000
111985  -0.894  -40.293  74.277 0.0000000000
39427  -0.316  -39.419  74.851 0.0000000000
40361  -1.807  -38.609  73.857 0.0000000000
41210  -1.979  -38.102  73.019 0.0000000000
40363  -1.736  -38.703  73.360 0.0000000000
109131  -1.415  -39.898  71.838 0.0000000000
39473  -1.374  -39.109  71.530 0.0000000000
118687  -0.922  -39.091  70.903 0.0000000000
40374  -0.563  -38.595  70.570 0.0000000000
39488  0.053  -39.365  70.460 0.0000000000
39503  -0.431  -39.522  69.346 0.0000000000
38596  -0.635  -40.198  69.354 0.0000000000
39514  -0.975  -39.167  68.711 0.0000000000
38611  -1.450  -40.364  68.962 0.0000000000
38612  -2.323  -40.366  68.634 0.0000000000
38629  -2.829  -40.444  68.099 0.0000000000
38648  -3.044  -40.323  67.648 0.0000000000
37816  -2.906  -40.890  67.376 0.0000000000
48147  -38.871  -28.482  70.359 0.0000000000
48157  -38.644  -29.210  70.580 0.0000000000
45639  -38.053  -32.241  68.802 0.0000000000
45640  -38.481  -31.647  69.233 0.0000000000
111634  -38.943  -30.571  70.343 0.0000000000
44735  -36.706  -32.563  70.217 0.0000000000
43773  -36.391  -33.101  69.671 0.0000000000
44736  -37.556  -32.633  70.085 0.0000000000
46417  -35.696  -30.960  71.758 0.0000000000
46422  -36.216  -30.986  71.533 0.0000000000
45616  -36.669  -31.506  71.368 0.0000000000
58189  -52.936  -16.900  52.275 0.0000000000
105712  -49.590  -18.011  52.451 0.0000000000
58198  -50.818  -17.553  51.303 0.0000000000
103724  -51.631  -17.411  50.657 0.0000000000
58199  -52.215  -17.134  51.104 0.0000000000
121244  -42.610  -23.831  61.190 0.0000000000
104453  -43.179  -23.937  61.794 0.0000000000
52568  -43.683  -23.686  63.091 0.0000000000
52559  -44.003  -23.582  63.580 0.0000000000
53635  -39.964  -22.050  60.845 0.0000000000
53636  -40.867  -22.186  60.435 0.0000000000
39579  -4.285  -39.601  64.956 0.0000000000
120845  -9.268  -38.733  75.775 0.0000000000
39389  -8.882  -38.537  75.841 0.0000000000
39401  -8.877  -39.210  75.690 0.0000000000
120537  -8.391  -39.272  75.501 0.0000000000
51655  -37.463  -25.591  67.273 0.0000000000
52552  -37.238  -25.053  66.651 0.0000000000
53571  -36.915  -23.275  66.130 0.0000000000
123493  -30.021  -29.833  75.479 0.0000000000
59084  -53.663  -15.681  48.255 0.0000000000
59947  -54.463  -15.241  47.655 0.0000000000
120293  -55.553  -14.872  47.107 0.0000000000
55630  -48.267  -20.439  57.567 0.0000000000
55626  -48.633  -20.773  58.183 0.0000000000
52662  -45.205  -22.997  56.252 0.0000000000
52661  -44.577  -23.191  55.585 0.0000000000
53694  -45.304  -22.634  56.179 0.0000000000
53702  -45.438  -22.113  56.118 0.0000000000
107276  -45.575  -21.274  56.093 0.0000000000
43694  -16.156  -34.365  76.371 0.0000000000
42727  -15.934  -35.309  76.705 0.0000000000
41948  -15.598  -36.183  76.545 0.0000000000
42769  -23.887  -34.296  74.154 0.0000000000
49120  -4.852  -29.656  60.020 0.0000000000
50060  -5.177  -28.962  59.852 0.0000000000
49131  -4.845  -29.914  59.941 0.0000000000
46489  -2.580  -30.880  65.506 0.0000000000
46503  -2.597  -30.735  64.989 0.0000000000
45682  -3.158  -31.163  64.689 0.0000000000
39662  -2.289  -39.100  60.267 0.0000000000
40503  -2.279  -38.735  59.832 0.0000000000
45631  -12.625  -32.718  70.417 0.0000000000
46427  -11.843  -32.692  70.887 0.0000000000
43742  -3.809  -34.887  73.278 0.0000000000
43741  -3.124  -35.214  72.904 0.0000000000
43749  -3.011  -35.238  72.103 0.0000000000
119760  -2.852  -36.139  71.696 0.0000000000
116280  -2.010  -36.864  71.669 0.0000000000
48181  -39.098  -29.544  67.759 0.0000000000
119972  -38.632  -29.830  67.121 0.0000000000
48182  -39.336  -28.766  67.796 0.0000000000
49076  -39.217  -28.242  67.651 0.0000000000
50023  -39.127  -28.017  67.331 0.0000000000
50839  -38.853  -27.381  67.761 0.0000000000
124475  -35.830  -34.271  67.419 0.0000000000
44721  -34.255  -32.616  71.415 0.0000000000
120657  -34.104  -32.617  71.853 0.0000000000
43760  -34.174  -33.004  70.916 0.0000000000
120366  -32.223  -33.102  69.774 0.0000000000
118317  -52.748  -16.927  49.977 0.0000000000
58233  -52.873  -16.746  49.532 0.0000000000
51727  -46.110  -23.845  58.461 0.0000000000
122684  -46.692  -23.697  58.449 0.0000000000
51728  -46.376  -23.725  58.728 0.0000000000
51711  -46.381  -23.440  59.407 0.0000000000
51694  -46.496  -23.408  60.345 0.0000000000
52642  -42.210  -23.888  57.474 0.0000000000
52632  -42.761  -24.217  58.020 0.0000000000
51734  -44.054  -23.854  57.648 0.0000000000
51736  -45.265  -23.906  58.030 0.0000000000
42015  -21.047  -35.545  67.584 0.0000000000
51695  -3.899  -26.976  61.366 0.0000000000
40462  -2.352  -39.138  61.781 0.0000000000
39633  -2.438  -39.022  61.174 0.0000000000
37877  -2.322  -40.735  61.346 0.0000000000
37052  -2.963  -41.931  61.761 0.0000000000
44650  -10.570  -34.307  75.123 0.0000000000
44664  -10.950  -34.833  74.220 0.0000000000
43727  -9.571  -34.564  75.366 0.0000000000
108227  -9.016  -35.532  74.913 0.0000000000
41953  -7.145  -37.313  75.845 0.0000000000
41964  -6.531  -37.033  75.679 0.0000000000
42750  -6.143  -36.965  75.220 0.0000000000
54650  -40.472  -21.209  63.507 0.0000000000
50850  -37.053  -26.845  64.202 0.0000000000
55567  -36.499  -21.666  64.200 0.0000000000
54665  -37.754  -21.557  63.042 0.0000000000
54683  -38.255  -21.885  62.352 0.0000000000
107120  -26.443  -31.918  75.487 0.0000000000
44654  -26.355  -32.292  74.784 0.0000000000
45588  -31.731  -32.270  74.998 0.0000000000
108087  -31.324  -32.031  75.395 0.0000000000
44673  -31.221  -32.435  74.194 0.0000000000
44689  -29.921  -33.039  73.465 0.0000000000
104418  -27.672  -33.160  70.223 0.0000000000
44728  -27.502  -33.408  70.837 0.0000000000
43768  -26.880  -33.445  70.168 0.0000000000
109751  -26.822  -33.747  70.768 0.0000000000
43758  -26.327  -33.968  71.230 0.0000000000
43778  -24.887  -33.226  70.337 0.0000000000
42808  -23.973  -33.634  69.083 0.0000000000
106990  -23.299  -33.940  68.098 0.0000000000
59975  -53.554  -16.172  44.696 0.0000000000
45662  -4.792  -31.196  65.389 0.0000000000
44789  -5.561  -32.768  64.047 0.0000000000
121298  -5.875  -33.548  63.798 0.0000000000
43853  -7.077  -34.519  63.185 0.0000000000
42858  -8.101  -35.203  63.996 0.0000000000
42857  -7.798  -35.652  64.159 0.0000000000
42037  -6.281  -37.334  64.418 0.0000000000
58149  -50.620  -18.003  55.162 0.0000000000
56502  -46.584  -19.751  55.363 0.0000000000
57318  -47.137  -19.199  54.724 0.0000000000
57324  -47.514  -18.392  54.203 0.0000000000
44642  -13.182  -34.356  75.811 0.0000000000
41946  -13.171  -36.230  77.672 0.0000000000
42733  -12.567  -35.680  77.427 0.0000000000
41180  -12.840  -37.039  77.912 0.0000000000
40332  -11.474  -37.804  77.092 0.0000000000
40342  -11.110  -37.960  76.436 0.0000000000
39392  -11.457  -38.156  75.955 0.0000000000
118597  -19.310  -35.755  69.943 0.0000000000
41221  -18.640  -36.233  70.074 0.0000000000
41220  -18.313  -36.749  70.736 0.0000000000
40375  -16.456  -38.219  70.867 0.0000000000
40370  -16.852  -37.639  71.514 0.0000000000
40369  -16.135  -37.780  71.774 0.0000000000
41212  -16.388  -36.525  73.470 0.0000000000
41208  -16.410  -36.685  74.279 0.0000000000
40365  -15.822  -36.710  73.910 0.0000000000
105380  -15.886  -36.982  74.583 0.0000000000
123191  -15.434  -36.846  74.577 0.0000000000
39419  -14.689  -36.846  74.324 0.0000000000
38537  -13.726  -37.459  73.782 0.0000000000
38566  -13.428  -40.054  71.394 0.0000000000
37751  -11.832  -40.148  72.168 0.0000000000
37738  -11.669  -40.384  73.006 0.0000000000
50027  -2.213  -27.889  64.873 0.0000000000
47349  -3.134  -30.631  63.094 0.0000000000
118487  -2.648  -29.953  63.580 0.0000000000
43880  -2.999  -34.683  60.758 0.0000000000
105960  -2.416  -34.378  60.286 0.0000000000
42098  -2.253  -36.178  59.545 0.0000000000
42924  -3.039  -35.299  59.822 0.0000000000
43909  -2.977  -34.391  59.988 0.0000000000
44862  -3.005  -33.470  59.765 0.0000000000
112453  -3.183  -33.915  59.617 0.0000000000
113464  -3.637  -33.877  59.424 0.0000000000
43922  -4.170  -33.991  59.092 0.0000000000
45609  -9.807  -33.441  72.048 0.0000000000
45595  -9.288  -33.862  72.441 0.0000000000
45607  -8.100  -33.182  71.921 0.0000000000
44712  -5.457  -33.852  71.582 0.0000000000
44713  -6.317  -33.432  71.172 0.0000000000
113617  -8.036  -33.253  69.484 0.0000000000
45635  -7.621  -33.579  68.761 0.0000000000
44749  -7.260  -33.602  67.929 0.0000000000
42804  -2.488  -35.882  69.719 0.0000000000
42810  -2.882  -36.022  68.887 0.0000000000
42809  -2.238  -36.451  69.070 0.0000000000
42006  -2.511  -36.364  68.326 0.0000000000
42011  -2.603  -36.734  67.592 0.0000000000
41233  -2.033  -37.421  67.691 0.0000000000
118002  -0.846  -40.712  74.306 0.0000000000
39440  -1.659  -39.624  73.521 0.0000000000
38555  -1.229  -40.557  72.332 0.0000000000
38564  -0.077  -40.244  71.743 0.0000000000
43823  -37.107  -34.097  66.513 0.0000000000
43824  -37.758  -33.507  66.123 0.0000000000
44776  -38.111  -32.895  66.858 0.0000000000
45657  -38.299  -31.714  67.673 0.0000000000
46467  -38.860  -31.123  68.818 0.0000000000
113266  -38.869  -30.582  68.486 0.0000000000
48174  -39.321  -29.167  68.500 0.0000000000
49059  -39.198  -27.992  69.189 0.0000000000
43782  -34.462  -33.528  69.545 0.0000000000
43794  -34.791  -33.892  68.589 0.0000000000
43795  -35.605  -33.801  68.544 0.0000000000
112535  -35.882  -34.044  67.986 0.0000000000
43785  -36.802  -33.700  69.042 0.0000000000
43796  -36.328  -33.861  68.479 0.0000000000
43808  -36.371  -34.060  67.747 0.0000000000
43809  -37.012  -34.003  67.433 0.0000000000
44708  -34.654  -31.726  71.719 0.0000000000
120360  -35.208  -31.200  71.853 0.0000000000
44709  -35.068  -31.405  71.649 0.0000000000
44722  -34.564  -32.212  71.190 0.0000000000
43761  -34.573  -32.690  70.734 0.0000000000
110562  -34.635  -33.138  70.198 0.0000000000
58212  -53.157  -16.782  50.320 0.0000000000
58213  -53.501  -16.379  50.947 0.0000000000
58202  -53.702  -16.413  51.356 0.0000000000
58197  -49.309  -17.593  51.040 0.0000000000
58208  -48.644  -17.366  50.350 0.0000000000
58217  -48.474  -17.295  49.451 0.0000000000
58220  -51.937  -17.117  49.731 0.0000000000
58211  -51.910  -17.678  50.100 0.0000000000
103720  -52.455  -17.140  50.117 0.0000000000
124240  -52.864  -17.104  49.865 0.0000000000
51691  -44.864  -24.627  60.129 0.0000000000
51684  -44.835  -23.984  60.981 0.0000000000
51678  -45.302  -23.705  61.682 0.0000000000
52581  -44.763  -23.714  62.374 0.0000000000
124572  -38.060  -22.225  59.162 0.0000000000
103985  -37.896  -22.212  57.531 0.0000000000
53674  -40.004  -22.330  57.738 0.0000000000
116938  -40.864  -22.619  57.950 0.0000000000
52631  -41.974  -23.721  58.320 0.0000000000
106823  -42.459  -24.146  58.869 0.0000000000
52622  -43.685  -24.759  59.348 0.0000000000
41265  -5.473  -38.245  63.174 0.0000000000
39600  -3.840  -39.533  64.031 0.0000000000
37019  -2.270  -41.951  63.724 0.0000000000
37020  -2.666  -42.502  64.047 0.0000000000
36225  -3.079  -43.210  64.375 0.0000000000
42744  -9.653  -36.350  75.860 0.0000000000
41942  -9.217  -36.997  75.923 0.0000000000
41955  -8.396  -37.239  76.121 0.0000000000
41954  -7.781  -37.285  76.080 0.0000000000
40339  -8.585  -38.082  75.997 0.0000000000
104724  -8.317  -38.056  76.118 0.0000000000
41185  -7.687  -37.539  75.964 0.0000000000
41184  -7.003  -37.472  75.751 0.0000000000
56400  -39.226  -20.027  65.577 0.0000000000
49092  -38.231  -28.486  64.670 0.0000000000
50028  -37.945  -27.701  64.953 0.0000000000
50851  -37.490  -27.323  64.626 0.0000000000
51667  -36.829  -26.307  65.822 0.0000000000
50844  -36.955  -26.700  65.106 0.0000000000
51673  -36.465  -26.188  64.781 0.0000000000
51672  -35.685  -25.625  64.352 0.0000000000
51664  -35.479  -24.681  64.447 0.0000000000
54634  -36.249  -22.625  65.350 0.0000000000
55551  -36.993  -21.092  64.670 0.0000000000
45566  -29.054  -32.073  76.415 0.0000000000
44717  -30.734  -33.008  71.430 0.0000000000
103761  -30.095  -33.066  71.785 0.0000000000
44716  -30.078  -32.869  71.072 0.0000000000
44730  -29.295  -32.822  70.720 0.0000000000
44752  -27.837  -32.024  69.147 0.0000000000
44740  -27.019  -32.718  69.601 0.0000000000
44750  -25.635  -32.226  69.355 0.0000000000
43791  -24.814  -32.417  68.622 0.0000000000
59960  -53.226  -16.164  45.884 0.0000000000
113317  -54.008  -16.289  45.397 0.0000000000
59976  -54.356  -15.805  44.782 0.0000000000
59964  -56.559  -14.910  45.869 0.0000000000
42842  -8.091  -34.969  64.496 0.0000000000
42825  -6.306  -35.323  65.810 0.0000000000
57307  -48.945  -18.889  56.701 0.0000000000
57308  -49.585  -18.259  56.967 0.0000000000
56490  -48.780  -20.020  57.865 0.0000000000
51783  -43.945  -23.775  53.997 0.0000000000
54743  -44.509  -22.242  53.784 0.0000000000
55637  -46.072  -20.480  55.820 0.0000000000
44644  -14.528  -33.986  75.810 0.0000000000
43707  -14.320  -34.489  76.419 0.0000000000
43692  -13.767  -34.935  76.859 0.0000000000
42735  -14.394  -35.235  76.916 0.0000000000
106404  -13.979  -36.841  78.071 0.0000000000
39394  -13.339  -38.356  76.478 0.0000000000
40391  -16.960  -37.555  68.268 0.0000000000
40383  -16.658  -38.181  68.948 0.0000000000
110857  -16.268  -38.616  69.793 0.0000000000
39490  -15.641  -38.777  70.700 0.0000000000
39489  -15.065  -39.247  70.500 0.0000000000
39474  -14.852  -38.602  71.408 0.0000000000
107191  -14.286  -37.840  72.069 0.0000000000
38583  -14.613  -39.620  71.054 0.0000000000
38582  -14.223  -40.025  70.723 0.0000000000
48196  -1.056  -29.463  66.422 0.0000000000
49087  -1.779  -28.940  65.916 0.0000000000
103949  -2.624  -30.543  64.457 0.0000000000
116330  -1.805  -37.007  60.722 0.0000000000
42071  -1.889  -36.138  60.679 0.0000000000
114661  -1.805  -36.747  60.453 0.0000000000
41314  -1.802  -36.766  60.196 0.0000000000
118546  -1.947  -36.693  59.842 0.0000000000
42099  -2.608  -36.137  59.010 0.0000000000
42100  -3.406  -36.149  58.766 0.0000000000
42108  -4.108  -35.802  58.709 0.0000000000
46462  -12.886  -32.090  68.287 0.0000000000
120493  -12.384  -31.696  67.478 0.0000000000
125087  -6.490  -34.012  73.508 0.0000000000
44677  -6.018  -34.360  73.124 0.0000000000
44697  -5.674  -33.873  72.441 0.0000000000
43751  -4.394  -34.590  72.736 0.0000000000
44696  -4.892  -34.185  72.231 0.0000000000
44725  -5.049  -34.484  70.950 0.0000000000
44737  -5.282  -34.610  70.115 0.0000000000
43775  -3.789  -35.438  69.991 0.0000000000
43774  -3.060  -35.524  70.051 0.0000000000
42796  -2.699  -35.752  70.511 0.0000000000
42803  -1.683  -36.354  69.718 0.0000000000
41999  -1.231  -36.808  69.589 0.0000000000
113869  -0.961  -37.259  69.450 0.0000000000
110018  -38.203  -30.819  64.361 0.0000000000
48200  -38.343  -29.599  65.056 0.0000000000
115489  -38.163  -32.771  66.161 0.0000000000
45678  -38.199  -31.423  66.125 0.0000000000
47323  -38.105  -29.898  66.541 0.0000000000
46500  -38.082  -30.719  65.933 0.0000000000
47329  -38.031  -29.898  65.684 0.0000000000
49093  -38.545  -28.932  65.198 0.0000000000
50029  -38.199  -28.238  65.508 0.0000000000
51661  -37.462  -26.425  67.071 0.0000000000
50838  -38.137  -26.990  67.585 0.0000000000
45589  -32.650  -32.264  74.886 0.0000000000
44704  -31.345  -33.021  72.529 0.0000000000
115897  -33.901  -32.552  72.233 0.0000000000
44692  -33.537  -32.345  72.901 0.0000000000
44705  -32.272  -32.909  72.317 0.0000000000
44731  -30.691  -32.839  70.680 0.0000000000
58245  -51.521  -16.309  48.509 0.0000000000
58256  -51.454  -16.166  48.138 0.0000000000
58258  -52.424  -15.942  47.839 0.0000000000
59083  -53.053  -15.848  48.086 0.0000000000
110297  -54.207  -15.632  48.746 0.0000000000
53677  -47.276  -22.658  58.000 0.0000000000
54719  -48.096  -22.181  58.332 0.0000000000
106822  -47.711  -22.984  58.593 0.0000000000
53667  -48.304  -22.709  58.953 0.0000000000
52624  -47.710  -23.225  59.316 0.0000000000
51693  -45.766  -23.746  60.670 0.0000000000
124228  -46.137  -23.700  60.761 0.0000000000
109243  -44.192  -23.650  56.850 0.0000000000
108246  -44.785  -23.572  57.116 0.0000000000
51757  -45.006  -23.334  56.589 0.0000000000
52653  -45.671  -23.364  56.982 0.0000000000
42798  -22.762  -35.108  70.904 0.0000000000
42797  -21.955  -35.325  71.078 0.0000000000
42805  -22.267  -35.278  70.331 0.0000000000
117971  -20.928  -35.564  69.642 0.0000000000
42002  -20.105  -35.614  69.521 0.0000000000
42008  -20.379  -35.799  68.091 0.0000000000
42001  -19.550  -35.711  68.809 0.0000000000
41230  -18.713  -36.078  68.304 0.0000000000
41234  -18.083  -36.619  67.949 0.0000000000
40403  -17.459  -37.084  67.671 0.0000000000
49119  -4.127  -29.999  59.916 0.0000000000
49130  -4.303  -30.199  59.846 0.0000000000
48277  -3.945  -30.590  59.711 0.0000000000
42058  -2.326  -35.887  61.172 0.0000000000
40463  -2.821  -38.451  62.103 0.0000000000
39648  -2.255  -38.739  60.590 0.0000000000
38734  -2.514  -39.730  60.373 0.0000000000
45597  -11.380  -34.366  72.411 0.0000000000
45596  -10.507  -34.331  72.704 0.0000000000
117041  -9.697  -34.176  72.979 0.0000000000
44661  -7.493  -33.939  74.221 0.0000000000
42754  -9.297  -36.251  75.746 0.0000000000
43715  -8.809  -36.185  75.396 0.0000000000
118755  -8.339  -36.061  74.789 0.0000000000
43736  -7.318  -35.251  74.105 0.0000000000
44660  -6.831  -34.349  74.040 0.0000000000
44659  -6.284  -34.740  73.743 0.0000000000
43723  -5.205  -35.882  74.843 0.0000000000
42764  -4.531  -35.892  74.627 0.0000000000
43732  -4.113  -35.193  74.084 0.0000000000
122909  -3.030  -36.122  73.850 0.0000000000
41974  -2.721  -37.434  73.709 0.0000000000
105397  -42.190  -22.429  62.790 0.0000000000
55555  -41.675  -21.163  64.307 0.0000000000
49096  -38.064  -28.827  63.942 0.0000000000
49099  -36.834  -28.993  63.159 0.0000000000
53622  -37.238  -22.786  61.235 0.0000000000
53623  -38.122  -22.501  61.154 0.0000000000
54692  -38.723  -22.064  61.690 0.0000000000
53624  -39.851  -21.909  61.635 0.0000000000
123422  -40.742  -22.199  61.943 0.0000000000
44646  -25.693  -31.820  75.980 0.0000000000
43730  -24.751  -32.911  74.963 0.0000000000
43738  -24.309  -33.540  74.525 0.0000000000
42777  -24.118  -34.542  73.457 0.0000000000
106199  -23.509  -34.601  72.351 0.0000000000
45573  -30.677  -31.711  75.648 0.0000000000
45572  -29.848  -31.992  76.024 0.0000000000
45579  -29.264  -32.329  75.782 0.0000000000
44703  -30.003  -33.104  72.553 0.0000000000
44688  -29.195  -33.125  72.820 0.0000000000
108398  -28.919  -33.044  73.617 0.0000000000
124382  -28.642  -32.945  74.320 0.0000000000
44670  -27.980  -32.888  74.773 0.0000000000
44669  -27.088  -32.817  74.466 0.0000000000
43747  -26.223  -33.336  73.504 0.0000000000
43757  -25.855  -34.155  71.883 0.0000000000
43752  -25.390  -34.271  72.569 0.0000000000
42786  -24.746  -34.506  72.396 0.0000000000
42792  -24.163  -34.505  71.809 0.0000000000
107148  -23.273  -34.634  71.504 0.0000000000
122020  -23.010  -35.102  70.229 0.0000000000
106936  -22.767  -35.173  69.650 0.0000000000
42004  -22.432  -35.255  68.773 0.0000000000
42817  -22.540  -35.170  67.719 0.0000000000
60804  -55.403  -14.119  44.664 0.0000000000
60812  -56.595  -13.742  43.966 0.0000000000
61626  -57.305  -13.275  43.428 0.0000000000
108674  -1.782  -30.499  66.083 0.0000000000
123996  -4.065  -31.202  65.887 0.0000000000
43851  -5.217  -33.660  62.526 0.0000000000
42062  -5.812  -36.794  62.258 0.0000000000
43870  -7.365  -35.272  62.939 0.0000000000
42870  -7.743  -35.703  63.611 0.0000000000
42886  -7.601  -35.887  62.939 0.0000000000
40437  -5.713  -38.507  63.875 0.0000000000
40436  -5.445  -38.687  64.695 0.0000000000
117655  -3.679  -39.498  66.248 0.0000000000
58168  -51.880  -17.646  53.116 0.0000000000
123651  -52.857  -17.498  53.346 0.0000000000
58158  -52.731  -17.527  53.968 0.0000000000
53602  -43.607  -23.234  63.658 0.0000000000
121573  -44.317  -21.079  53.167 0.0000000000
55657  -44.667  -20.319  52.755 0.0000000000
56522  -45.112  -19.474  52.347 0.0000000000
57338  -45.692  -18.652  51.838 0.0000000000
57339  -46.496  -18.296  52.170 0.0000000000
58182  -47.301  -18.005  52.414 0.0000000000
121393  -48.832  -17.954  52.810 0.0000000000
124311  -50.101  -18.018  52.836 0.0000000000
44651  -11.567  -34.695  74.934 0.0000000000
43704  -10.340  -34.922  77.097 0.0000000000
44643  -14.039  -34.176  75.903 0.0000000000
44631  -13.402  -34.514  76.370 0.0000000000
43690  -12.036  -35.207  77.222 0.0000000000
109796  -12.049  -34.843  76.926 0.0000000000
103298  -11.167  -34.906  77.188 0.0000000000
42745  -10.427  -35.847  76.332 0.0000000000
42730  -10.195  -36.691  75.971 0.0000000000
41177  -10.387  -37.619  76.000 0.0000000000
40330  -9.901  -38.003  75.917 0.0000000000
40341  -10.250  -38.124  75.870 0.0000000000
39390  -9.787  -38.549  75.781 0.0000000000
39402  -9.477  -39.191  75.727 0.0000000000
38510  -9.650  -40.003  75.374 0.0000000000
42790  -21.679  -35.296  71.853 0.0000000000
42782  -21.402  -35.312  72.637 0.0000000000
42781  -20.575  -35.406  72.890 0.0000000000
114517  -19.628  -35.605  74.083 0.0000000000
41216  -18.053  -36.886  71.787 0.0000000000
41987  -18.438  -36.304  72.336 0.0000000000
41978  -19.619  -35.549  74.833 0.0000000000
41971  -19.041  -36.054  75.305 0.0000000000
41201  -17.242  -36.373  75.063 0.0000000000
41197  -17.208  -36.110  75.490 0.0000000000
41951  -18.104  -35.099  76.541 0.0000000000
41949  -16.380  -35.715  76.377 0.0000000000
41183  -15.532  -36.428  76.426 0.0000000000
40355  -15.176  -37.026  75.482 0.0000000000
40346  -15.033  -37.173  76.126 0.0000000000
41188  -14.937  -37.207  76.899 0.0000000000
40345  -14.539  -37.867  76.715 0.0000000000
39395  -13.797  -37.809  75.924 0.0000000000
38558  -13.646  -38.165  72.603 0.0000000000
38549  -13.394  -38.138  73.334 0.0000000000
38548  -13.163  -38.993  73.058 0.0000000000
38536  -12.987  -38.682  73.724 0.0000000000
38514  -12.737  -38.980  74.079 0.0000000000
38496  -12.538  -38.734  74.612 0.0000000000
38513  -12.426  -40.106  75.042 0.0000000000
38512  -11.468  -40.080  75.158 0.0000000000
37723  -11.476  -40.462  73.906 0.0000000000
38533  -11.026  -40.210  74.651 0.0000000000
115468  -2.728  -26.895  63.950 0.0000000000
51674  -2.465  -27.333  63.812 0.0000000000
104789  -2.165  -28.366  64.614 0.0000000000
49094  -2.077  -28.437  63.979 0.0000000000
50030  -2.172  -27.940  64.295 0.0000000000
50852  -2.336  -27.783  63.353 0.0000000000
50857  -3.010  -28.159  62.521 0.0000000000
122889  -3.625  -29.299  61.508 0.0000000000
119326  -4.028  -29.380  61.000 0.0000000000
48249  -2.941  -30.214  60.330 0.0000000000
49108  -3.615  -29.762  60.306 0.0000000000
47398  -3.499  -30.615  59.725 0.0000000000
47399  -3.983  -31.075  59.562 0.0000000000
44802  -4.241  -32.311  62.560 0.0000000000
45719  -3.180  -32.659  61.384 0.0000000000
43888  -1.839  -34.000  60.318 0.0000000000
44840  -2.079  -33.684  60.400 0.0000000000
46539  -2.823  -32.382  60.458 0.0000000000
46545  -2.968  -31.957  60.029 0.0000000000
46551  -3.232  -31.504  59.790 0.0000000000
46560  -3.954  -31.581  59.483 0.0000000000
46562  -4.794  -32.072  59.067 0.0000000000
45763  -5.051  -32.454  58.670 0.0000000000
44874  -4.723  -33.533  58.445 0.0000000000
46484  -9.506  -31.294  66.058 0.0000000000
45623  -11.360  -32.900  71.534 0.0000000000
46426  -10.892  -32.422  70.990 0.0000000000
46436  -10.408  -32.117  70.238 0.0000000000
46445  -9.860  -31.991  69.451 0.0000000000
45619  -7.813  -32.935  71.130 0.0000000000
113508  -9.183  -32.298  69.923 0.0000000000
113771  -9.487  -31.496  68.031 0.0000000000
45650  -9.193  -31.757  66.797 0.0000000000
45664  -9.186  -32.065  65.929 0.0000000000
44770  -8.572  -33.410  66.212 0.0000000000
44769  -7.955  -34.089  66.487 0.0000000000
42824  -5.640  -35.529  66.299 0.0000000000
43788  -4.847  -34.973  68.777 0.0000000000
43799  -4.992  -34.941  67.909 0.0000000000
42811  -3.524  -35.578  68.579 0.0000000000
42027  -4.486  -37.411  66.169 0.0000000000
41238  -3.209  -37.063  66.822 0.0000000000
119541  -3.809  -37.449  66.433 0.0000000000
41203  -2.603  -38.078  73.925 0.0000000000
41973  -2.333  -37.979  73.577 0.0000000000
39412  -0.203  -39.738  75.078 0.0000000000
39413  -0.556  -39.198  75.047 0.0000000000
41202  -1.840  -38.587  74.074 0.0000000000
41979  -2.192  -37.456  72.827 0.0000000000
41211  -2.055  -37.598  72.536 0.0000000000
41985  -1.794  -37.344  71.803 0.0000000000
39457  -1.627  -39.049  72.529 0.0000000000
110510  -1.683  -38.330  71.990 0.0000000000
41990  -1.331  -37.299  71.119 0.0000000000
41217  -1.091  -37.906  70.820 0.0000000000
41222  -0.520  -38.138  70.139 0.0000000000
40382  -0.405  -38.414  69.634 0.0000000000
37770  -0.060  -40.707  71.216 0.0000000000
38578  0.182  -40.083  70.856 0.0000000000
39502  0.003  -39.122  69.800 0.0000000000
40389  -0.817  -38.429  68.912 0.0000000000
40399  -1.345  -38.525  68.301 0.0000000000
39526  -1.717  -39.201  68.120 0.0000000000
105683  -2.338  -39.335  67.666 0.0000000000
39543  -3.050  -39.894  67.330 0.0000000000
39544  -3.477  -40.322  66.604 0.0000000000
38491  -8.630  -39.671  75.592 0.0000000000
38526  -0.468  -40.608  74.730 0.0000000000
41195  -15.994  -36.725  75.663 0.0000000000
41214  -1.600  -37.774  71.564 0.0000000000
41218  -0.896  -37.441  70.415 0.0000000000
41223  -0.727  -37.682  69.769 0.0000000000
41992  -18.905  -36.147  70.628 0.0000000000
42746  -10.993  -35.332  77.223 0.0000000000
43691  -13.002  -35.114  77.230 0.0000000000
43740  -25.681  -33.074  73.961 0.0000000000
43748  -26.847  -33.460  72.930 0.0000000000
43854  -7.748  -34.790  63.526 0.0000000000
44645  -25.186  -32.390  75.444 0.0000000000
44695  -34.764  -31.369  72.167 0.0000000000
44720  -33.611  -33.110  71.233 0.0000000000
45605  -35.820  -31.213  71.500 0.0000000000
45648  -38.348  -31.627  68.397 0.0000000000
45758  -5.095  -33.026  58.322 0.0000000000
46393  -29.441  -30.615  76.165 0.0000000000
47260  -37.981  -29.703  70.747 0.0000000000
50833  -39.437  -26.622  68.872 0.0000000000
51685  -45.583  -23.782  61.166 0.0000000000
51710  -45.865  -23.674  59.395 0.0000000000
51725  -44.897  -24.240  58.568 0.0000000000
51735  -44.728  -23.977  58.051 0.0000000000
52579  -43.117  -23.729  62.474 0.0000000000
52582  -45.374  -23.557  62.214 0.0000000000
52605  -47.208  -23.341  60.786 0.0000000000
52635  -47.346  -23.341  58.723 0.0000000000
53686  -46.673  -23.131  57.581 0.0000000000
56491  -49.324  -19.647  58.207 0.0000000000
58167  -50.198  -17.902  53.539 0.0000000000
103930  -52.547  -17.568  53.496 0.0000000000
104150  -17.973  -35.783  75.781 0.0000000000
104807  -13.912  -38.336  77.102 0.0000000000
105993  -34.029  -33.764  68.927 0.0000000000
110585  -13.855  -40.110  71.086 0.0000000000
111207  -21.424  -35.471  68.915 0.0000000000
111384  -0.957  -39.832  68.915 0.0000000000
114764  -15.697  -37.158  75.253 0.0000000000
116390  -44.568  -23.510  63.133 0.0000000000
116653  -16.952  -35.180  77.054 0.0000000000
119706  -1.794  -38.268  72.673 0.0000000000
119723  -46.501  -23.695  60.970 0.0000000000
119774  -12.082  -40.472  74.197 0.0000000000
120944  -45.565  -23.705  60.030 0.0000000000
123352  -23.648  -34.665  73.042 0.0000000000
124795  -7.089  -33.736  69.107 0.0000000000
