#!ascii label  , from subject Paciente_3 vox2ras=TkReg
1146
56229  -20.976  -21.643  -2.553 0.5555555820
57031  -21.274  -20.985  -2.987 0.6666666865
57045  -22.231  -20.655  -3.891 0.7777777910
57046  -22.918  -20.956  -4.174 0.7777777910
118711  -21.914  -18.844  -4.076 0.8888888955
57891  -24.764  -19.640  -4.376 0.8888888955
55315  -19.997  -22.264  -1.532 0.5555555820
57017  -19.720  -20.868  -1.824 0.5555555820
57863  -20.819  -20.236  -2.876 0.6666666865
57862  -20.302  -19.512  -2.741 0.8888888955
57057  -23.466  -20.389  -4.355 0.8888888955
106585  -23.412  -19.121  -4.669 0.8888888955
119521  -24.367  -18.207  -5.061 1.0000000000
103396  -25.475  -18.988  -4.473 0.8888888955
58776  -25.208  -18.093  -4.805 1.0000000000
57861  -19.435  -19.442  -2.121 0.7777777910
118503  -20.365  -18.330  -3.184 1.0000000000
107070  -20.296  -16.925  -3.711 1.0000000000
108507  -21.428  -18.033  -4.041 1.0000000000
59563  -22.306  -17.213  -5.023 1.0000000000
59550  -20.869  -17.453  -3.988 1.0000000000
59580  -23.180  -17.153  -5.138 1.0000000000
60459  -21.679  -16.465  -4.963 1.0000000000
60471  -22.710  -16.248  -5.226 1.0000000000
105494  -23.907  -17.163  -5.213 1.0000000000
60461  -27.039  -17.048  -4.382 1.0000000000
60472  -23.684  -16.476  -5.264 1.0000000000
60473  -24.525  -16.703  -5.254 1.0000000000
60462  -28.002  -16.686  -4.421 1.0000000000
60475  -25.912  -15.872  -5.075 1.0000000000
61283  -28.165  -15.847  -4.535 0.7777777910
61245  -19.007  -15.671  -2.673 0.8888888955
60445  -20.968  -16.751  -4.352 1.0000000000
61279  -20.771  -15.363  -4.332 1.0000000000
61295  -21.914  -15.154  -5.207 1.0000000000
61296  -23.493  -15.620  -5.506 1.0000000000
109173  -24.974  -15.674  -5.303 1.0000000000
61299  -25.562  -15.143  -5.138 1.0000000000
61300  -27.370  -15.282  -4.704 1.0000000000
61284  -29.247  -15.664  -4.706 0.8888888955
62087  -28.187  -14.887  -4.693 1.0000000000
61301  -30.410  -15.673  -5.288 0.7777777910
61302  -31.421  -16.052  -6.569 0.7777777910
62070  -19.031  -13.915  -3.070 0.5555555820
63709  -20.016  -12.088  -4.840 0.7777777910
62880  -19.871  -13.193  -4.375 0.8888888955
62099  -21.943  -14.300  -5.224 1.0000000000
62100  -22.638  -15.042  -5.601 1.0000000000
62911  -21.451  -13.476  -5.146 0.8888888955
106692  -22.529  -13.904  -5.640 1.0000000000
105903  -23.812  -14.247  -5.665 1.0000000000
62104  -27.052  -14.468  -4.947 1.0000000000
62086  -27.753  -14.122  -4.814 1.0000000000
62088  -29.359  -14.706  -4.644 0.8888888955
62920  -31.580  -14.261  -5.646 0.7777777910
61312  -30.409  -14.963  -8.641 0.6666666865
62116  -31.730  -14.936  -7.664 0.6666666865
64519  -16.929  -10.638  -2.272 0.4444444478
64521  -18.245  -11.539  -3.984 0.7777777910
64537  -18.337  -10.508  -4.605 0.6666666865
112668  -21.357  -11.510  -6.216 0.7777777910
63720  -21.520  -12.490  -5.839 0.8888888955
62914  -23.418  -13.386  -5.845 0.8888888955
105463  -24.533  -14.383  -5.376 1.0000000000
116915  -23.728  -12.522  -5.865 1.0000000000
113693  -25.680  -13.075  -5.198 1.0000000000
62918  -27.215  -13.576  -5.035 1.0000000000
62896  -28.877  -13.649  -4.573 0.8888888955
62898  -30.130  -13.332  -4.699 0.7777777910
62939  -30.270  -14.523  -8.947 0.5555555820
117038  -32.295  -13.797  -7.397 0.7777777910
116518  -31.446  -13.965  -8.627 0.6666666865
65361  -19.280  -9.684  -5.706 0.6666666865
65352  -17.822  -9.537  -4.199 0.6666666865
64547  -20.873  -10.888  -6.005 0.7777777910
64546  -20.049  -10.242  -5.904 0.7777777910
109018  -22.487  -11.678  -6.650 0.8888888955
64550  -23.174  -11.542  -6.522 1.0000000000
63724  -25.621  -12.424  -5.418 1.0000000000
63726  -27.556  -12.785  -5.013 1.0000000000
62895  -28.037  -13.499  -4.750 0.8888888955
110426  -30.179  -12.466  -4.497 0.8888888955
63730  -31.613  -13.032  -5.498 0.8888888955
63729  -30.900  -13.206  -4.875 0.7777777910
63728  -29.359  -12.058  -4.505 0.8888888955
103236  -31.075  -12.104  -4.532 0.7777777910
63740  -32.487  -13.059  -6.327 0.7777777910
63748  -31.395  -13.252  -9.190 0.6666666865
66898  -18.524  -8.271  -5.079 0.6666666865
66155  -17.931  -8.713  -5.022 0.5555555820
66170  -19.913  -9.645  -5.894 0.7777777910
65363  -21.975  -10.732  -7.074 0.8888888955
64549  -22.527  -11.046  -7.103 0.8888888955
64569  -24.447  -10.838  -5.953 1.0000000000
64552  -25.071  -11.731  -5.750 1.0000000000
121035  -27.876  -12.095  -4.990 1.0000000000
63711  -28.515  -12.686  -4.621 0.8888888955
64557  -31.776  -11.748  -5.245 0.7777777910
64571  -32.792  -11.306  -6.719 0.7777777910
64582  -32.179  -12.384  -8.548 0.6666666865
64592  -30.183  -12.271  -9.708 0.5555555820
112832  -29.911  -12.659  -9.824 0.5555555820
66157  -19.272  -8.825  -5.624 0.7777777910
66158  -20.185  -9.274  -5.634 0.6666666865
66171  -21.076  -10.142  -6.155 0.8888888955
111707  -25.407  -10.895  -5.925 1.0000000000
64553  -26.453  -11.033  -5.547 1.0000000000
64556  -29.269  -11.259  -4.723 0.8888888955
121817  -30.310  -11.405  -4.331 0.8888888955
110379  -30.657  -10.607  -4.398 0.8888888955
64558  -32.558  -10.968  -5.576 0.7777777910
65399  -32.915  -10.667  -7.144 0.7777777910
64583  -32.537  -11.508  -7.864 0.7777777910
64593  -31.765  -11.749  -9.169 0.5555555820
66181  -33.163  -9.746  -5.619 0.7777777910
65410  -32.539  -10.798  -8.238 0.5555555820
112748  -30.904  -11.447  -10.023 0.5555555820
66217  -32.545  -9.981  -8.414 0.6666666865
66884  -20.351  -8.246  -4.356 0.4444444478
66899  -20.388  -8.762  -5.179 0.5555555820
66173  -23.996  -10.200  -6.560 0.7777777910
65366  -24.925  -10.096  -6.578 1.0000000000
66187  -22.913  -10.453  -6.572 0.8888888955
65367  -25.809  -10.083  -6.077 1.0000000000
65369  -27.947  -10.354  -5.288 0.8888888955
65386  -29.345  -10.107  -5.199 0.8888888955
106204  -29.865  -10.677  -4.712 0.8888888955
65372  -31.382  -10.097  -4.607 0.8888888955
65373  -32.286  -10.178  -4.982 0.8888888955
66194  -33.286  -9.843  -6.529 0.6666666865
66216  -32.040  -9.950  -9.184 0.5555555820
66189  -25.978  -9.109  -6.937 0.6666666865
66916  -24.255  -9.630  -6.527 0.6666666865
66176  -26.278  -9.411  -6.340 0.7777777910
66177  -27.420  -9.451  -6.013 0.8888888955
66191  -28.269  -9.075  -5.949 0.7777777910
66192  -29.193  -9.411  -5.475 0.7777777910
65385  -28.501  -9.824  -5.440 0.8888888955
66193  -29.899  -8.945  -5.440 0.7777777910
65371  -30.204  -9.900  -5.100 0.8888888955
66919  -31.657  -8.570  -4.771 0.7777777910
66179  -31.990  -9.388  -4.741 0.7777777910
66920  -32.650  -8.959  -5.108 0.6666666865
67657  -32.562  -7.613  -4.982 0.6666666865
105654  -33.006  -8.292  -5.373 0.6666666865
110992  -33.373  -8.358  -6.101 0.6666666865
66933  -33.164  -8.953  -6.931 0.5555555820
116051  -33.498  -7.009  -6.631 0.6666666865
67692  -32.661  -8.065  -8.687 0.5555555820
66953  -32.580  -9.107  -8.526 0.4444444478
67679  -33.240  -7.323  -7.680 0.5555555820
67668  -26.765  -7.329  -6.889 0.3333333433
67667  -26.255  -7.725  -7.024 0.3333333433
66930  -26.922  -7.992  -6.839 0.5555555820
66931  -27.998  -8.302  -6.273 0.6666666865
67669  -27.802  -7.525  -6.501 0.5555555820
108686  -28.926  -8.668  -5.851 0.7777777910
66917  -29.813  -7.459  -5.602 0.6666666865
66918  -30.524  -8.193  -5.138 0.6666666865
66932  -29.441  -8.115  -5.655 0.6666666865
125297  -31.447  -7.712  -4.811 0.6666666865
67639  -31.837  -6.926  -4.740 0.6666666865
115454  -32.903  -6.166  -5.230 0.6666666865
68407  -33.493  -6.241  -6.448 0.6666666865
68420  -33.512  -6.371  -7.234 0.5555555820
124827  -33.336  -5.820  -8.192 0.5555555820
69205  -33.492  -5.708  -7.684 0.6666666865
110470  -27.329  -6.921  -6.712 0.4444444478
67653  -26.128  -7.556  -6.831 0.4444444478
67670  -29.267  -6.801  -5.971 0.6666666865
118198  -28.890  -7.454  -6.086 0.6666666865
67655  -30.145  -6.826  -5.457 0.6666666865
113131  -30.532  -7.427  -5.081 0.6666666865
68384  -31.264  -6.308  -4.671 0.6666666865
69188  -32.586  -5.513  -5.023 0.6666666865
70115  -33.551  -4.576  -6.624 0.6666666865
70120  -33.575  -4.819  -7.512 0.5555555820
108224  -33.368  -5.309  -8.252 0.6666666865
68405  -27.465  -6.317  -6.461 0.4444444478
68393  -29.757  -6.153  -5.779 0.6666666865
113039  -30.300  -5.515  -5.438 0.6666666865
68383  -30.572  -6.192  -5.055 0.6666666865
70106  -32.934  -4.919  -5.367 0.6666666865
57876  -22.008  -19.850  -4.003 0.8888888955
123486  -20.591  -18.939  -3.101 1.0000000000
123942  -20.808  -18.016  -3.646 1.0000000000
58772  -22.144  -17.996  -4.576 1.0000000000
65335  -17.012  -9.464  -2.824 0.5555555820
66882  -19.082  -7.791  -4.482 0.5555555820
66901  -22.610  -10.030  -5.740 0.5555555820
110158  -31.874  -10.725  -4.855 0.8888888955
67632  -22.741  -9.396  -3.833 0.2222222239
107270  -32.858  -9.261  -7.821 0.6666666865
69186  -29.378  -5.375  -5.699 0.6666666865
66134  -16.748  -8.515  -2.698 0.4444444478
66881  -18.183  -7.699  -3.802 0.4444444478
109689  -32.985  -5.094  -9.093 0.5555555820
69215  -33.076  -5.842  -8.700 0.5555555820
67654  -26.767  -6.640  -6.628 0.2222222239
70126  -33.463  -4.554  -8.360 0.5555555820
55316  -20.947  -23.025  -2.031 0.5555555820
54385  -21.888  -23.091  -2.435 0.5555555820
56240  -22.433  -21.412  -3.762 0.5555555820
56241  -23.151  -21.730  -4.092 0.5555555820
57059  -25.476  -20.702  -4.008 0.7777777910
57892  -25.869  -19.811  -4.117 0.8888888955
113444  -20.248  -23.023  -1.456 0.5555555820
56251  -23.709  -21.175  -4.298 0.6666666865
57058  -24.307  -20.496  -4.298 0.8888888955
57893  -26.913  -19.885  -4.278 0.7777777910
103729  -27.191  -19.064  -4.367 0.7777777910
59566  -27.321  -18.059  -4.300 0.8888888955
55299  -19.593  -22.235  -0.618 0.4444444478
57015  -19.026  -20.179  -1.149 0.5555555820
59565  -26.152  -17.553  -4.493 1.0000000000
57848  -19.044  -19.334  -1.470 0.2222222239
58749  -19.061  -18.512  -1.980 0.6666666865
60463  -29.089  -16.515  -4.717 0.6666666865
60431  -18.969  -16.547  -2.470 0.5555555820
61303  -31.588  -15.795  -7.618 0.6666666865
106499  -18.135  -15.154  -2.239 0.4444444478
116098  -31.224  -15.377  -8.001 0.5555555820
62960  -30.755  -14.584  -9.861 0.5555555820
63675  -17.008  -12.485  -1.397 0.2222222239
114036  -29.891  -13.826  -9.734 0.5555555820
63767  -29.951  -13.101  -10.221 0.5555555820
67592  -16.258  -7.066  -0.878 0.3333333433
64609  -30.615  -12.283  -10.153 0.5555555820
64608  -31.437  -11.424  -10.763 0.4444444478
67624  -22.206  -8.184  -3.013 0.3333333433
65426  -31.330  -10.508  -10.151 0.5555555820
66961  -32.173  -9.165  -10.136 0.4444444478
67666  -25.834  -8.015  -6.849 0.3333333433
66928  -25.729  -8.675  -7.103 0.4444444478
67691  -32.561  -7.360  -9.422 0.4444444478
69225  -32.688  -5.911  -9.608 0.4444444478
119923  -32.893  -4.625  -9.791 0.2222222239
68392  -28.554  -6.034  -5.946 0.6666666865
69177  -31.188  -5.583  -4.775 0.6666666865
69187  -31.806  -4.935  -4.996 0.6666666865
104234  -32.223  -4.223  -5.357 0.6666666865
70961  -32.685  -3.492  -5.787 0.6666666865
70962  -33.132  -4.329  -5.919 0.6666666865
107116  -33.672  -3.984  -7.155 0.6666666865
70977  -33.624  -3.759  -8.440 0.4444444478
70134  -33.268  -4.241  -9.136 0.3333333433
56215  -20.166  -21.590  -2.008 0.5555555820
57030  -20.467  -20.919  -2.450 0.6666666865
55331  -20.628  -22.282  -2.146 0.5555555820
55332  -21.399  -22.384  -2.554 0.6666666865
56230  -21.814  -21.753  -3.135 0.6666666865
56239  -21.868  -21.038  -3.466 0.7777777910
57044  -21.592  -20.371  -3.434 0.7777777910
57875  -21.233  -19.467  -3.365 0.8888888955
58773  -22.722  -18.625  -4.621 1.0000000000
57889  -22.668  -19.396  -4.345 0.8888888955
58775  -24.604  -18.780  -4.751 1.0000000000
111703  -24.107  -19.179  -4.696 0.8888888955
125117  -20.416  -22.669  -1.817 0.5555555820
55314  -19.538  -22.072  -1.087 0.4444444478
56214  -19.598  -21.527  -1.389 0.5555555820
57016  -19.336  -20.861  -1.271 0.5555555820
107814  -19.277  -20.154  -1.625 0.6666666865
57029  -19.900  -20.203  -2.309 0.5555555820
57890  -23.891  -19.758  -4.454 0.8888888955
58774  -23.903  -18.644  -5.018 1.0000000000
110982  -23.308  -18.461  -4.970 1.0000000000
59581  -23.693  -17.886  -5.143 1.0000000000
58777  -26.221  -18.458  -4.370 1.0000000000
58750  -19.860  -18.789  -2.643 0.8888888955
57874  -21.090  -18.602  -3.553 1.0000000000
59537  -19.549  -17.963  -2.673 0.8888888955
59549  -20.251  -17.642  -3.389 0.8888888955
59548  -19.613  -17.139  -2.993 0.8888888955
60443  -19.751  -16.297  -3.201 1.0000000000
59562  -21.577  -17.319  -4.502 1.0000000000
59564  -22.859  -17.917  -5.017 1.0000000000
59582  -24.494  -17.546  -5.150 1.0000000000
60458  -21.044  -16.110  -4.602 1.0000000000
61280  -21.451  -15.662  -4.945 1.0000000000
59583  -25.301  -17.170  -5.052 1.0000000000
118324  -27.943  -17.425  -4.376 0.8888888955
60460  -26.095  -16.670  -4.794 1.0000000000
115004  -24.274  -15.962  -5.350 1.0000000000
125155  -24.761  -16.186  -5.298 1.0000000000
61282  -26.986  -16.065  -4.594 1.0000000000
60464  -30.042  -16.362  -5.518 0.7777777910
61265  -19.921  -15.347  -3.453 1.0000000000
62052  -18.986  -14.772  -2.844 0.5555555820
60444  -20.458  -16.149  -3.982 1.0000000000
62072  -20.253  -14.783  -4.018 0.8888888955
62085  -21.356  -14.889  -4.865 1.0000000000
109925  -23.448  -14.852  -5.723 1.0000000000
61298  -24.863  -14.999  -5.328 1.0000000000
62102  -25.178  -14.557  -5.097 1.0000000000
62106  -30.917  -15.429  -5.357 0.7777777910
62860  -17.796  -13.185  -1.999 0.5555555820
62051  -18.237  -14.138  -2.321 0.5555555820
62861  -18.255  -13.226  -2.808 0.6666666865
62879  -19.025  -13.169  -3.605 0.6666666865
113804  -19.569  -13.789  -3.757 0.7777777910
63697  -19.072  -12.338  -4.203 0.7777777910
64538  -19.198  -11.322  -4.724 0.6666666865
64539  -20.801  -11.821  -5.593 0.8888888955
63710  -20.784  -12.799  -5.020 0.8888888955
62881  -20.118  -14.114  -4.190 0.8888888955
62894  -20.699  -13.747  -4.693 1.0000000000
121647  -22.407  -13.307  -5.864 0.8888888955
62917  -26.279  -13.704  -5.095 1.0000000000
62897  -29.750  -13.914  -4.764 0.8888888955
62919  -30.708  -14.262  -5.010 0.8888888955
62107  -31.460  -15.149  -5.676 0.7777777910
62115  -31.941  -15.264  -6.767 0.7777777910
62931  -32.309  -14.238  -6.637 0.6666666865
62144  -30.167  -15.016  -8.975 0.5555555820
62932  -31.690  -14.537  -8.071 0.6666666865
64496  -16.794  -10.967  -1.594 0.3333333433
64497  -16.853  -11.651  -1.993 0.3333333433
105617  -17.585  -11.653  -2.931 0.4444444478
63696  -18.287  -12.415  -3.351 0.6666666865
114583  -19.250  -10.359  -5.322 0.6666666865
115701  -20.109  -11.062  -5.352 0.7777777910
63722  -22.964  -12.520  -6.245 0.8888888955
62915  -24.233  -13.513  -5.580 1.0000000000
63723  -24.800  -12.665  -5.522 1.0000000000
63712  -29.416  -12.984  -4.553 0.7777777910
115508  -29.998  -13.886  -9.360 0.5555555820
115734  -22.011  -11.063  -7.135 0.8888888955
111021  -27.020  -11.971  -5.208 1.0000000000
64570  -32.677  -12.080  -6.392 0.7777777910
63741  -32.368  -12.978  -7.673 0.7777777910
66879  -16.266  -8.016  -2.214 0.4444444478
64567  -23.166  -11.144  -6.992 0.8888888955
64554  -27.609  -11.197  -5.146 0.8888888955
115442  -31.138  -11.039  -4.488 0.7777777910
64599  -30.774  -11.750  -10.119 0.5555555820
66883  -19.833  -8.107  -4.658 0.5555555820
66172  -22.064  -10.301  -6.253 0.6666666865
64568  -24.031  -10.354  -6.538 0.8888888955
64555  -28.492  -11.051  -5.052 1.0000000000
65387  -33.120  -10.510  -6.095 0.8888888955
65409  -31.821  -10.806  -9.146 0.6666666865
65417  -31.319  -10.733  -9.672 0.5555555820
66900  -21.305  -9.377  -5.298 0.5555555820
66914  -22.266  -10.107  -5.827 0.5555555820
65365  -24.417  -10.038  -6.726 1.0000000000
124855  -24.991  -9.627  -7.013 0.7777777910
66174  -24.863  -9.744  -7.082 0.7777777910
65368  -26.893  -10.217  -5.643 0.7777777910
66225  -31.736  -9.896  -9.802 0.5555555820
114185  -25.123  -9.000  -7.099 0.5555555820
66929  -26.140  -8.264  -7.057 0.4444444478
66190  -26.598  -8.703  -6.688 0.6666666865
66175  -25.465  -9.469  -6.864 0.7777777910
66915  -23.398  -9.808  -5.924 0.6666666865
66178  -30.924  -9.136  -4.814 0.7777777910
112085  -32.320  -8.236  -4.919 0.6666666865
68394  -32.783  -6.842  -5.102 0.6666666865
115400  -33.328  -7.542  -5.750 0.6666666865
67671  -33.396  -7.937  -6.814 0.5555555820
66941  -32.989  -8.417  -7.726 0.5555555820
111505  -32.857  -7.121  -8.554 0.4444444478
121468  -32.462  -8.323  -9.886 0.4444444478
68433  -33.249  -6.396  -8.152 0.5555555820
118856  -28.640  -8.016  -6.110 0.6666666865
69189  -33.299  -5.713  -5.765 0.6666666865
69199  -33.569  -5.494  -6.739 0.6666666865
68406  -28.191  -6.843  -6.325 0.5555555820
67622  -18.983  -7.310  -3.289 0.4444444478
123079  -23.151  -9.868  -4.482 0.3333333433
66114  -16.172  -8.601  -2.023 0.4444444478
67610  -16.557  -7.271  -1.607 0.4444444478
69224  -32.555  -5.275  -10.151 0.3333333433
70989  -33.392  -3.442  -9.230 0.3333333433
57060  -26.479  -20.547  -4.135 0.6666666865
55300  -19.775  -22.753  -1.010 0.4444444478
54350  -19.963  -23.567  -0.883 0.5555555820
59567  -28.661  -18.086  -4.546 0.7777777910
54348  -19.649  -22.904  -0.273 0.3333333433
57003  -19.353  -20.972  -0.857 0.4444444478
60476  -31.244  -16.397  -6.517 0.6666666865
59536  -18.982  -17.369  -2.299 0.7777777910
63676  -17.630  -12.418  -2.350 0.3333333433
114252  -16.974  -12.814  -0.747 0.1111111119
110099  -16.781  -11.828  -1.222 0.1111111119
67591  -15.748  -7.360  -1.106 0.4444444478
67621  -17.825  -7.071  -2.610 0.3333333433
109772  -19.709  -7.167  -2.865 0.3333333433
68378  -24.682  -8.874  -6.032 0.3333333433
105882  -33.656  -3.241  -6.896 0.6666666865
70973  -33.783  -3.327  -7.668 0.4444444478
54400  -26.235  -24.077  -4.083 0.4444444478
52408  -27.439  -25.380  -3.688 0.2222222239
54386  -22.598  -23.820  -2.271 0.4444444478
53381  -23.972  -24.176  -2.859 0.4444444478
55334  -22.684  -23.029  -2.888 0.4444444478
55345  -23.411  -22.956  -3.435 0.4444444478
54399  -25.117  -23.742  -3.576 0.4444444478
54408  -26.506  -23.108  -4.370 0.4444444478
119736  -28.285  -23.522  -5.246 0.2222222239
117955  -23.467  -22.363  -3.888 0.4444444478
55355  -24.989  -22.177  -4.009 0.4444444478
55356  -25.909  -22.405  -4.053 0.4444444478
125124  -29.224  -23.012  -5.181 0.1111111119
55360  -29.726  -22.923  -5.130 0.1111111119
109537  -26.676  -22.291  -4.456 0.4444444478
116119  -28.104  -22.494  -5.125 0.3333333433
56242  -23.988  -21.953  -4.125 0.4444444478
55369  -29.475  -22.541  -5.205 0.2222222239
56253  -25.759  -21.679  -4.008 0.4444444478
109068  -27.308  -22.238  -4.825 0.3333333433
56252  -24.674  -21.348  -4.161 0.4444444478
112937  -29.535  -21.279  -5.246 0.2222222239
57072  -30.313  -21.003  -5.737 0.1111111119
57074  -31.666  -20.453  -6.278 0.1111111119
103592  -28.311  -20.953  -4.636 0.3333333433
57071  -29.148  -20.686  -4.819 0.3333333433
57894  -28.245  -19.951  -4.581 0.4444444478
117980  -28.980  -19.421  -4.640 0.5555555820
58779  -29.474  -18.815  -4.887 0.6666666865
110970  -30.932  -18.902  -6.664 0.4444444478
58801  -31.584  -17.961  -7.109 0.3333333433
59568  -29.729  -17.883  -5.076 0.6666666865
59584  -31.015  -17.293  -6.825 0.5555555820
105527  -28.918  -17.302  -4.661 0.6666666865
107041  -30.866  -16.899  -6.311 0.5555555820
60488  -31.731  -16.233  -7.563 0.5555555820
59596  -31.529  -17.034  -7.227 0.4444444478
60489  -31.702  -16.058  -7.689 0.3333333433
107015  -29.898  -17.107  -5.342 0.5555555820
60506  -31.556  -15.702  -7.900 0.4444444478
61330  -31.062  -15.032  -8.156 0.5555555820
60478  -31.580  -15.689  -7.811 0.4444444478
61345  -31.349  -15.411  -9.022 0.4444444478
104926  -30.809  -5.016  -5.207 0.5555555820
70104  -30.056  -4.826  -5.547 0.5555555820
70105  -30.918  -4.307  -5.344 0.5555555820
70960  -31.474  -3.518  -5.436 0.5555555820
71806  -32.838  -2.612  -5.992 0.5555555820
53383  -25.709  -24.782  -3.565 0.4444444478
53393  -27.461  -24.448  -4.476 0.2222222239
55333  -22.097  -22.504  -2.918 0.4444444478
55359  -28.690  -22.957  -5.233 0.2222222239
56266  -29.885  -21.781  -5.428 0.2222222239
56267  -30.587  -21.417  -5.633 0.1111111119
57062  -29.990  -20.205  -5.451 0.4444444478
103165  -30.682  -20.288  -6.022 0.3333333433
58780  -30.170  -18.301  -5.588 0.6666666865
58789  -30.586  -18.256  -6.308 0.4444444478
60512  -32.221  -15.872  -8.988 0.4444444478
62965  -31.094  -13.755  -10.116 0.4444444478
70959  -30.307  -3.463  -5.575 0.5555555820
71797  -29.753  -2.716  -5.898 0.5555555820
55344  -22.697  -22.269  -3.521 0.4444444478
57916  -31.527  -18.923  -6.748 0.2222222239
70969  -33.289  -3.154  -6.346 0.5555555820
52387  -24.085  -25.766  -2.364 0.4444444478
52404  -25.220  -25.415  -3.193 0.4444444478
118434  -25.568  -26.279  -3.267 0.4444444478
52407  -27.043  -25.746  -3.743 0.2222222239
52392  -28.051  -25.255  -3.213 0.1111111119
54373  -21.610  -23.770  -1.839 0.4444444478
52386  -23.463  -25.152  -2.199 0.4444444478
53395  -28.737  -23.989  -4.644 0.1111111119
54401  -29.509  -23.516  -4.672 0.1111111119
53373  -28.895  -24.654  -3.362 0.1111111119
55348  -30.528  -22.570  -4.554 0.1111111119
55370  -30.137  -22.136  -5.323 0.1111111119
56257  -31.197  -21.304  -5.335 0.1111111119
57075  -32.110  -20.242  -6.357 0.1111111119
57907  -32.013  -19.833  -6.621 0.1111111119
58791  -32.044  -18.907  -6.677 0.2222222239
59598  -32.386  -17.038  -7.391 0.1111111119
60490  -32.258  -16.519  -8.062 0.2222222239
60508  -32.960  -16.686  -8.501 0.2222222239
60513  -32.747  -16.368  -8.986 0.3333333433
62155  -30.745  -15.121  -9.440 0.4444444478
62961  -32.352  -14.500  -10.112 0.3333333433
62966  -32.856  -13.634  -10.505 0.3333333433
63775  -33.729  -12.757  -10.963 0.3333333433
67650  -24.300  -9.450  -6.190 0.4444444478
65425  -31.347  -10.845  -10.662 0.4444444478
104438  -32.230  -7.589  -10.500 0.3333333433
69185  -28.480  -5.148  -5.784 0.4444444478
71812  -33.811  -2.594  -7.246 0.5555555820
70103  -28.993  -4.419  -5.776 0.5555555820
108289  -29.865  -4.072  -5.577 0.5555555820
71798  -30.823  -2.811  -5.588 0.5555555820
122997  -31.266  -2.287  -5.672 0.5555555820
72565  -32.086  -2.075  -5.818 0.5555555820
70958  -29.155  -3.372  -6.060 0.5555555820
58778  -28.345  -18.913  -4.519 0.6666666865
60477  -31.608  -16.163  -7.516 0.5555555820
61311  -31.123  -15.335  -8.207 0.4444444478
63774  -31.829  -12.719  -10.546 0.4444444478
68445  -32.461  -6.722  -10.084 0.3333333433
57061  -27.423  -20.750  -4.471 0.3333333433
104123  -26.721  -21.474  -4.311 0.3333333433
53392  -26.956  -24.632  -4.267 0.4444444478
53385  -26.906  -25.288  -4.120 0.3333333433
106934  -27.515  -24.983  -4.041 0.3333333433
53386  -28.186  -24.698  -4.026 0.1111111119
53370  -22.862  -24.612  -2.088 0.4444444478
53371  -23.433  -24.350  -2.423 0.4444444478
54387  -23.370  -23.626  -2.840 0.4444444478
53372  -24.294  -24.987  -2.583 0.4444444478
55346  -24.308  -22.811  -3.783 0.4444444478
54398  -24.116  -23.604  -3.331 0.4444444478
55347  -25.513  -23.023  -3.906 0.4444444478
54409  -27.091  -23.886  -4.671 0.4444444478
54410  -27.782  -23.722  -5.082 0.4444444478
53394  -28.126  -24.151  -4.813 0.2222222239
55357  -27.346  -23.034  -5.064 0.4444444478
54411  -28.922  -23.476  -5.089 0.1111111119
55358  -28.057  -23.228  -5.332 0.2222222239
55361  -30.320  -22.367  -5.079 0.1111111119
54402  -30.163  -23.198  -4.225 0.1111111119
56255  -28.722  -21.604  -4.855 0.3333333433
56254  -27.770  -21.651  -4.685 0.3333333433
56265  -29.060  -22.157  -5.086 0.2222222239
57073  -31.067  -20.796  -6.082 0.1111111119
56268  -31.164  -21.048  -5.805 0.1111111119
57906  -31.339  -19.894  -6.467 0.1111111119
57063  -31.650  -20.733  -5.856 0.1111111119
57895  -29.443  -19.753  -4.914 0.4444444478
57896  -30.087  -19.075  -5.543 0.4444444478
58790  -31.007  -18.048  -7.048 0.3333333433
57905  -30.591  -19.399  -6.089 0.4444444478
58802  -32.125  -18.008  -7.011 0.1111111119
59569  -30.445  -17.580  -5.979 0.5555555820
62145  -32.309  -15.188  -9.653 0.4444444478
71799  -31.893  -2.779  -5.584 0.5555555820
52405  -26.050  -25.833  -3.692 0.4444444478
52388  -24.781  -26.060  -2.853 0.4444444478
52406  -26.700  -25.976  -3.720 0.4444444478
52390  -26.642  -26.216  -3.364 0.2222222239
53353  -22.201  -24.511  -1.692 0.4444444478
53352  -21.284  -24.500  -1.257 0.4444444478
119454  -28.958  -24.108  -4.084 0.1111111119
55362  -30.799  -21.901  -4.872 0.1111111119
47129  -25.383  -31.220  1.492 0.1111111119
48899  -22.477  -29.513  0.087 0.3333333433
48008  -24.327  -30.281  0.355 0.2222222239
47993  -25.156  -30.341  0.910 0.2222222239
48881  -25.923  -29.685  0.969 0.1111111119
50618  -21.054  -27.618  -0.187 0.3333333433
49732  -21.668  -28.966  0.159 0.3333333433
48914  -23.693  -28.851  -0.633 0.3333333433
48915  -24.105  -28.416  -0.718 0.3333333433
106434  -24.190  -29.408  -0.217 0.2222222239
48916  -24.698  -28.498  -0.529 0.2222222239
48880  -25.063  -29.365  0.235 0.2222222239
52340  -20.089  -25.975  0.215 0.2222222239
51458  -20.457  -26.803  -0.034 0.2222222239
51457  -19.944  -26.559  0.656 0.2222222239
49749  -21.757  -28.350  -0.319 0.3333333433
48913  -23.032  -29.101  -0.656 0.3333333433
120647  -25.500  -28.641  -0.304 0.1111111119
52355  -20.251  -25.223  -0.131 0.2222222239
53328  -21.009  -25.268  -0.765 0.3333333433
51470  -20.795  -26.038  -0.316 0.3333333433
51482  -21.673  -26.134  -0.871 0.3333333433
51471  -21.349  -26.888  -0.521 0.3333333433
50657  -23.116  -27.390  -1.560 0.3333333433
50658  -24.267  -27.760  -1.853 0.3333333433
121763  -23.820  -27.698  -1.949 0.3333333433
50659  -24.927  -27.344  -2.300 0.3333333433
50660  -25.225  -27.204  -2.397 0.3333333433
49772  -25.485  -27.553  -1.777 0.1111111119
125280  -19.785  -23.942  -0.307 0.2222222239
53327  -19.750  -24.505  0.033 0.2222222239
53351  -20.348  -24.399  -0.645 0.3333333433
106149  -21.952  -25.308  -1.243 0.3333333433
52372  -22.793  -25.293  -1.743 0.3333333433
120002  -22.745  -26.323  -1.440 0.3333333433
52373  -23.541  -26.052  -1.977 0.3333333433
51484  -24.618  -27.435  -2.339 0.3333333433
51497  -24.328  -26.682  -2.472 0.3333333433
50675  -25.572  -27.110  -2.514 0.3333333433
123322  -25.578  -27.128  -2.406 0.1111111119
54330  -19.445  -23.718  0.121 0.3333333433
54372  -20.695  -23.738  -1.374 0.3333333433
112251  -25.307  -26.853  -2.856 0.3333333433
52389  -26.166  -26.569  -3.222 0.3333333433
61346  -32.964  -15.957  -9.306 0.2222222239
113312  -33.325  -15.100  -10.051 0.2222222239
62156  -34.361  -15.170  -10.167 0.2222222239
63779  -32.070  -11.802  -11.070 0.3333333433
63780  -33.342  -12.063  -11.550 0.2222222239
48900  -23.373  -29.538  -0.194 0.3333333433
48901  -23.825  -29.339  -0.355 0.3333333433
48902  -26.086  -29.108  0.214 0.1111111119
52354  -19.812  -25.215  0.446 0.3333333433
50639  -23.445  -28.040  -1.411 0.3333333433
49751  -23.948  -28.101  -1.061 0.3333333433
49771  -24.912  -27.596  -1.845 0.3333333433
51499  -26.145  -26.727  -2.872 0.3333333433
47128  -24.684  -31.856  1.805 0.1111111119
47108  -25.556  -32.055  2.032 0.1111111119
49713  -21.093  -28.880  0.982 0.3333333433
48898  -21.631  -29.565  0.788 0.3333333433
48005  -22.220  -30.174  0.797 0.3333333433
48006  -23.066  -30.119  0.396 0.3333333433
47991  -23.913  -30.939  0.653 0.3333333433
115099  -26.368  -32.242  2.302 0.1111111119
114360  -26.075  -30.486  1.438 0.1111111119
106126  -21.031  -28.260  0.342 0.3333333433
106848  -26.795  -29.986  1.366 0.1111111119
48882  -26.755  -29.366  0.815 0.1111111119
52339  -19.630  -25.314  0.994 0.2222222239
49734  -26.251  -28.349  -0.418 0.1111111119
50640  -26.256  -27.371  -1.752 0.1111111119
50662  -26.738  -26.800  -2.260 0.1111111119
50661  -26.033  -26.912  -2.621 0.1111111119
54329  -19.594  -23.022  0.088 0.1111111119
62967  -34.436  -13.478  -10.695 0.2222222239
64612  -32.498  -11.034  -11.804 0.2222222239
64613  -33.316  -11.418  -11.966 0.2222222239
56203  -19.647  -21.702  -0.524 0.2222222239
124686  -18.966  -17.912  -2.161 0.5555555820
56204  -19.394  -21.577  -1.005 0.3333333433
54349  -19.707  -23.380  -0.396 0.3333333433
47970  -26.457  -31.418  1.884 0.1111111119
47992  -24.508  -31.106  1.009 0.1111111119
49733  -22.312  -28.936  -0.411 0.3333333433
48007  -23.754  -30.056  0.159 0.3333333433
50617  -20.359  -27.442  0.604 0.2222222239
49731  -20.475  -28.186  1.179 0.2222222239
49750  -22.664  -28.429  -0.918 0.3333333433
106304  -24.540  -27.825  -1.184 0.2222222239
50638  -21.932  -27.723  -0.756 0.3333333433
49752  -25.278  -27.898  -1.035 0.1111111119
51472  -22.209  -27.071  -1.121 0.3333333433
125222  -22.667  -27.787  -1.223 0.3333333433
49770  -24.427  -27.738  -1.565 0.3333333433
51483  -23.675  -27.107  -2.068 0.3333333433
50674  -25.379  -27.215  -2.472 0.3333333433
49753  -26.039  -27.801  -1.271 0.1111111119
115310  -19.337  -23.993  0.631 0.2222222239
113176  -26.570  -26.513  -2.891 0.1111111119
48879  -20.892  -29.645  1.442 0.2222222239
47990  -22.826  -30.746  1.014 0.3333333433
117283  -23.498  -30.673  0.620 0.3333333433
50600  -19.981  -27.643  1.358 0.2222222239
62162  -35.233  -14.363  -10.536 0.1111111119
62157  -35.457  -14.913  -10.151 0.1111111119
62167  -37.689  -13.695  -11.778 0.1111111119
124647  -36.149  -14.271  -11.084 0.1111111119
62972  -36.505  -12.919  -12.712 0.1111111119
63786  -36.666  -12.675  -12.875 0.1111111119
114618  -36.239  -12.543  -13.346 0.1111111119
63781  -34.740  -12.264  -12.124 0.1111111119
64619  -35.891  -12.198  -13.505 0.1111111119
123056  -31.624  -10.063  -10.832 0.2222222239
64618  -34.629  -11.637  -12.712 0.1111111119
113270  -35.468  -11.851  -13.362 0.1111111119
67722  -31.276  -8.108  -12.054 0.1111111119
114761  -31.848  -8.520  -10.919 0.2222222239
68459  -31.790  -6.913  -11.132 0.1111111119
66967  -31.604  -9.081  -11.614 0.1111111119
67723  -31.114  -7.233  -12.336 0.1111111119
69235  -32.134  -6.075  -10.644 0.1111111119
70957  -28.214  -3.693  -6.383 0.4444444478
122834  -32.065  -5.421  -11.252 0.1111111119
113086  -33.874  -2.035  -7.873 0.3333333433
71816  -33.722  -2.872  -8.461 0.2222222239
71002  -32.910  -3.076  -10.075 0.1111111119
70141  -32.491  -4.536  -10.652 0.1111111119
107029  -32.275  -4.022  -11.247 0.1111111119
111172  -30.378  -2.156  -5.808 0.4444444478
71805  -29.462  -2.103  -6.330 0.4444444478
73246  -29.630  -0.707  -6.546 0.4444444478
72564  -31.153  -1.739  -5.790 0.4444444478
121388  -31.160  -1.192  -5.903 0.4444444478
72571  -31.984  -1.421  -5.984 0.4444444478
111915  -32.572  -0.912  -6.315 0.4444444478
73255  -33.459  -0.211  -7.242 0.4444444478
72578  -33.791  -0.962  -7.570 0.2222222239
113539  -33.773  -0.570  -8.285 0.2222222239
72581  -33.728  -1.302  -8.492 0.2222222239
72592  -33.413  -1.450  -9.398 0.2222222239
71841  -33.149  -2.185  -9.766 0.2222222239
107042  -33.650  4.408  -10.833 0.1111111119
74674  -33.952  2.233  -10.415 0.1111111119
73293  -31.736  -0.765  -11.885 0.1111111119
70968  -28.261  -2.882  -6.722 0.4444444478
117820  -28.207  -2.274  -7.009 0.4444444478
115245  -28.742  -2.071  -6.804 0.3333333433
72569  -29.135  -1.545  -6.735 0.4444444478
73925  -30.313  0.239  -6.667 0.4444444478
123120  -31.403  0.168  -6.408 0.4444444478
73248  -32.005  -0.260  -6.261 0.4444444478
73928  -33.071  0.340  -7.041 0.4444444478
74642  -30.150  1.611  -7.750 0.3333333433
73937  -32.898  0.949  -7.307 0.3333333433
74645  -33.440  1.631  -8.303 0.1111111119
73945  -33.624  0.804  -8.339 0.1111111119
73956  -33.703  0.790  -9.220 0.1111111119
114775  -33.611  -0.699  -9.059 0.2222222239
120568  -33.346  -0.056  -9.707 0.1111111119
73970  -33.370  0.761  -10.187 0.1111111119
70967  -27.530  -3.144  -6.779 0.2222222239
73245  -28.682  -1.028  -7.229 0.3333333433
74635  -30.798  1.065  -7.238 0.3333333433
74636  -32.045  1.294  -7.212 0.4444444478
75314  -31.101  2.315  -7.825 0.2222222239
74643  -32.032  2.128  -7.677 0.2222222239
74644  -32.843  1.752  -7.754 0.2222222239
110714  -33.611  2.207  -8.865 0.1111111119
75964  -30.966  3.064  -8.114 0.1111111119
75315  -31.828  2.864  -8.062 0.1111111119
75973  -32.484  3.384  -8.440 0.1111111119
123787  -33.861  2.036  -9.494 0.1111111119
75972  -31.659  3.623  -8.344 0.1111111119
75980  -32.945  3.937  -8.978 0.1111111119
75339  -33.886  2.709  -9.533 0.1111111119
72568  -28.214  -1.719  -7.268 0.3333333433
73254  -27.183  -1.049  -8.207 0.3333333433
73923  -28.160  -0.655  -7.851 0.3333333433
73924  -29.025  -0.110  -7.103 0.3333333433
73936  -29.576  0.728  -7.454 0.3333333433
75313  -30.168  2.416  -8.077 0.2222222239
75970  -30.092  3.198  -8.353 0.1111111119
76601  -31.504  4.356  -8.709 0.1111111119
76613  -33.119  4.388  -9.952 0.1111111119
77226  -31.779  5.978  -11.537 0.1111111119
73243  -26.445  -1.316  -7.546 0.1111111119
73260  -25.219  -0.508  -9.374 0.1111111119
73934  -26.376  -0.739  -9.043 0.2222222239
73944  -27.019  -0.085  -9.496 0.2222222239
117022  -27.916  0.317  -8.617 0.3333333433
74651  -27.318  0.810  -9.933 0.2222222239
74641  -28.799  1.033  -8.206 0.3333333433
74652  -27.811  0.755  -8.926 0.3333333433
122433  -27.780  1.960  -9.586 0.2222222239
105039  -28.459  2.720  -9.021 0.1111111119
120272  -28.464  3.797  -9.236 0.1111111119
75969  -29.253  3.400  -8.690 0.1111111119
117831  -29.207  4.201  -8.949 0.1111111119
75971  -30.842  3.866  -8.410 0.1111111119
76600  -30.677  4.639  -8.815 0.1111111119
76610  -30.896  5.511  -9.793 0.1111111119
76612  -32.179  4.591  -9.333 0.1111111119
119457  -33.492  4.859  -11.415 0.1111111119
76635  -33.921  4.239  -11.714 0.1111111119
73253  -25.682  -0.820  -8.582 0.1111111119
73933  -24.664  -0.256  -9.537 0.1111111119
73941  -23.748  -0.025  -10.291 0.1111111119
74672  -23.853  1.409  -11.161 0.1111111119
74661  -24.075  0.752  -11.083 0.1111111119
75320  -27.008  1.785  -10.442 0.2222222239
118120  -25.488  1.998  -10.823 0.1111111119
110338  -26.456  2.849  -10.687 0.1111111119
76624  -25.006  4.463  -11.515 0.1111111119
76608  -27.526  4.355  -10.103 0.1111111119
77212  -27.582  5.338  -10.329 0.1111111119
76599  -29.696  4.878  -9.153 0.1111111119
118610  -25.798  0.338  -8.297 0.1111111119
75311  -25.775  1.298  -8.383 0.1111111119
75319  -24.223  1.349  -10.565 0.1111111119
106513  -24.146  2.765  -10.773 0.1111111119
75328  -23.697  2.425  -11.249 0.1111111119
75977  -23.696  3.608  -11.347 0.1111111119
111166  -26.563  2.629  -8.173 0.1111111119
75308  -27.216  2.400  -7.179 0.1111111119
62163  -36.467  -14.592  -10.876 0.1111111119
62968  -35.742  -13.435  -11.392 0.1111111119
62969  -36.797  -13.838  -11.656 0.1111111119
62974  -38.081  -13.221  -11.878 0.1111111119
64617  -33.862  -10.852  -12.694 0.1111111119
113280  -34.986  -11.361  -13.118 0.1111111119
64616  -32.548  -10.176  -12.731 0.1111111119
72573  -33.751  -1.772  -6.938 0.4444444478
71828  -33.576  -2.094  -8.885 0.2222222239
110788  -33.407  -2.735  -9.292 0.1111111119
71840  -32.612  -2.287  -10.687 0.1111111119
70155  -31.960  -4.728  -11.789 0.1111111119
72570  -30.181  -1.415  -6.061 0.4444444478
73283  -32.669  -0.654  -10.679 0.2222222239
74653  -33.727  1.508  -8.977 0.1111111119
74663  -33.756  1.487  -9.807 0.1111111119
73984  -32.891  0.720  -11.222 0.1111111119
75981  -33.631  3.567  -9.582 0.1111111119
110985  -26.108  -0.014  -10.321 0.2222222239
74640  -24.260  0.499  -9.830 0.1111111119
76633  -23.651  3.941  -12.024 0.1111111119
76607  -26.228  4.942  -10.622 0.1111111119
75962  -26.282  3.704  -8.650 0.1111111119
75963  -27.151  3.448  -7.416 0.1111111119
63784  -38.913  -13.209  -11.166 0.1111111119
62168  -38.447  -13.902  -11.495 0.1111111119
65433  -31.847  -10.626  -11.557 0.2222222239
68472  -31.479  -6.298  -11.792 0.1111111119
117665  -27.945  -4.549  -6.102 0.4444444478
73247  -30.870  -0.551  -6.125 0.4444444478
73927  -32.309  0.455  -6.750 0.4444444478
73921  -25.989  -0.385  -8.036 0.1111111119
73922  -26.542  0.388  -6.907 0.1111111119
74634  -26.735  1.287  -7.078 0.1111111119
75968  -25.281  2.238  -9.520 0.1111111119
62169  -39.065  -13.954  -11.121 0.1111111119
104716  -34.778  -15.440  -9.772 0.1111111119
62164  -37.614  -14.318  -11.312 0.1111111119
63778  -39.222  -13.250  -10.507 0.1111111119
62964  -40.015  -14.043  -10.368 0.1111111119
64611  -38.022  -12.107  -10.859 0.1111111119
64614  -37.034  -11.913  -12.396 0.1111111119
65428  -36.628  -11.199  -11.900 0.1111111119
65440  -35.480  -11.482  -13.275 0.1111111119
65438  -33.542  -9.984  -13.323 0.1111111119
65439  -34.645  -10.725  -13.065 0.1111111119
65442  -32.658  -9.477  -13.377 0.1111111119
66982  -31.380  -8.523  -13.946 0.1111111119
111233  -30.656  -7.188  -13.481 0.1111111119
68471  -30.903  -6.466  -12.982 0.1111111119
110925  -31.576  -3.163  -12.214 0.1111111119
70164  -31.262  -4.782  -13.072 0.1111111119
70114  -27.326  -4.009  -6.550 0.4444444478
72618  -30.207  -1.788  -13.770 0.1111111119
111076  -27.647  -2.440  -7.065 0.2222222239
72577  -27.342  -1.564  -7.683 0.2222222239
74684  -32.760  1.519  -12.040 0.1111111119
72567  -26.787  -1.952  -7.151 0.1111111119
75343  -33.947  2.858  -11.439 0.1111111119
75355  -33.736  3.211  -12.634 0.1111111119
116663  -26.280  -2.051  -6.444 0.1111111119
72563  -26.320  -1.530  -6.517 0.1111111119
73916  -26.496  -0.367  -6.728 0.1111111119
77228  -33.096  5.353  -11.761 0.1111111119
73917  -27.183  0.214  -5.958 0.1111111119
74629  -27.504  1.196  -6.121 0.1111111119
77775  -29.356  6.229  -10.828 0.1111111119
104035  -29.741  6.655  -11.880 0.1111111119
77788  -30.874  6.433  -12.338 0.1111111119
104736  -27.492  1.975  -6.438 0.1111111119
76605  -24.294  4.212  -11.272 0.1111111119
77773  -26.215  6.208  -10.486 0.1111111119
66230  -31.659  -9.934  -11.516 0.1111111119
110658  -32.621  -3.746  -10.596 0.1111111119
116945  -33.418  -0.944  -6.745 0.4444444478
63776  -34.921  -12.859  -11.408 0.1111111119
67708  -31.613  -7.666  -11.403 0.2222222239
71804  -28.899  -2.572  -6.540 0.4444444478
63782  -35.829  -12.699  -12.803 0.1111111119
64615  -37.870  -12.291  -11.831 0.1111111119
65441  -36.065  -11.672  -13.425 0.1111111119
66239  -31.531  -9.069  -12.585 0.1111111119
67735  -30.829  -7.869  -13.069 0.1111111119
66979  -31.064  -8.395  -13.394 0.1111111119
69251  -31.406  -5.603  -12.443 0.1111111119
71001  -32.327  -3.212  -11.222 0.1111111119
71013  -31.747  -3.945  -12.135 0.1111111119
111339  -33.411  0.514  -7.587 0.2222222239
73261  -33.704  -0.051  -7.920 0.2222222239
110357  -33.747  0.061  -8.687 0.1111111119
72601  -32.193  -1.487  -11.200 0.2222222239
75995  -34.084  3.647  -11.114 0.1111111119
111149  -32.440  4.984  -10.111 0.1111111119
74673  -33.483  1.462  -10.817 0.1111111119
75329  -34.101  3.115  -10.416 0.1111111119
117844  -33.604  2.088  -11.381 0.1111111119
72609  -30.516  -0.834  -13.216 0.1111111119
72610  -31.294  -1.582  -12.374 0.1111111119
123228  -32.961  0.119  -10.642 0.2222222239
75316  -32.644  2.584  -8.141 0.2222222239
75974  -33.322  3.030  -8.730 0.1111111119
76602  -32.225  4.046  -8.671 0.1111111119
124227  -27.674  -1.987  -7.324 0.3333333433
73244  -27.868  -1.260  -7.690 0.3333333433
71811  -27.193  -1.896  -7.325 0.1111111119
73935  -27.511  -0.361  -8.542 0.3333333433
106665  -28.494  0.192  -7.941 0.3333333433
75312  -29.369  1.820  -8.234 0.2222222239
75321  -29.297  2.497  -8.467 0.1111111119
103267  -29.984  4.040  -8.682 0.1111111119
77214  -31.734  5.271  -9.907 0.1111111119
77221  -32.212  5.542  -10.642 0.1111111119
103183  -31.352  5.781  -10.518 0.1111111119
108370  -32.576  5.614  -11.313 0.1111111119
77776  -30.697  6.262  -11.117 0.1111111119
72576  -26.484  -1.113  -8.104 0.1111111119
73943  -25.449  -0.444  -10.021 0.1111111119
107792  -28.369  1.634  -8.818 0.2222222239
75979  -27.556  3.049  -10.020 0.1111111119
76609  -28.616  4.718  -9.481 0.1111111119
77220  -30.476  5.867  -10.365 0.1111111119
105068  -29.796  5.578  -9.834 0.1111111119
109168  -26.227  -0.877  -7.550 0.1111111119
73942  -23.970  -0.177  -10.474 0.1111111119
73954  -23.584  -0.119  -10.933 0.1111111119
74650  -23.446  0.177  -10.510 0.1111111119
75338  -24.046  2.594  -11.849 0.1111111119
73955  -24.460  -0.109  -10.701 0.1111111119
74662  -25.793  0.721  -10.587 0.1111111119
75994  -25.100  3.465  -11.500 0.1111111119
75978  -26.292  3.937  -10.805 0.1111111119
77213  -28.875  5.310  -9.734 0.1111111119
109798  -28.423  5.821  -10.426 0.1111111119
75967  -24.790  3.599  -10.464 0.1111111119
76623  -24.201  4.276  -11.705 0.1111111119
77218  -25.418  5.057  -10.862 0.1111111119
115812  -36.591  -14.715  -10.079 0.1111111119
63783  -38.233  -12.868  -11.853 0.1111111119
65437  -31.776  -9.943  -12.193 0.1111111119
71849  -31.864  -2.368  -11.686 0.1111111119
73294  -32.282  -0.041  -11.499 0.1111111119
73983  -32.043  0.636  -12.283 0.1111111119
77211  -26.168  5.829  -10.579 0.1111111119
76594  -26.541  4.860  -8.171 0.1111111119
63777  -38.626  -12.692  -11.182 0.1111111119
66243  -31.517  -8.846  -13.457 0.1111111119
67745  -30.755  -7.779  -13.903 0.1111111119
71859  -30.935  -2.587  -12.893 0.1111111119
73304  -31.323  -0.112  -12.601 0.1111111119
74699  -32.335  1.947  -13.318 0.1111111119
70956  -25.812  -2.408  -5.970 0.1111111119
75342  -33.328  2.384  -12.349 0.1111111119
73239  -26.410  -0.954  -6.600 0.1111111119
106393  -27.501  6.560  -10.931 0.1111111119
76606  -24.993  4.787  -11.087 0.1111111119
77210  -26.068  5.384  -10.437 0.1111111119
47989  -22.000  -30.806  1.414 0.2222222239
60409  -18.019  -16.337  -1.290 0.2222222239
62034  -17.875  -14.768  -1.791 0.2222222239
59535  -18.773  -17.694  -1.738 0.3333333433
113875  -18.087  -15.941  -2.030 0.4444444478
122633  -17.892  -15.359  -1.909 0.3333333433
69198  -27.641  -5.444  -6.051 0.3333333433
111300  -26.484  -4.320  -6.634 0.1111111119
70966  -26.743  -3.531  -6.764 0.1111111119
68379  -24.924  -8.609  -7.005 0.2222222239
68377  -23.708  -9.727  -4.769 0.1111111119
68373  -24.064  -9.662  -4.597 0.1111111119
69197  -26.831  -5.798  -6.416 0.1111111119
69196  -25.963  -4.614  -6.672 0.1111111119
70113  -25.851  -3.941  -7.011 0.1111111119
57002  -19.383  -20.241  -0.559 0.2222222239
58733  -18.889  -18.320  -1.302 0.2222222239
65307  -16.995  -9.921  -1.635 0.2222222239
64485  -17.038  -11.480  -0.942 0.1111111119
66083  -16.343  -8.404  -1.388 0.3333333433
115593  -27.044  -4.830  -6.297 0.3333333433
59517  -18.576  -17.231  -1.222 0.2222222239
68380  -25.160  -6.583  -5.654 0.1111111119
69184  -26.844  -5.555  -6.298 0.1111111119
108935  -26.447  -4.993  -6.411 0.1111111119
57908  -32.225  -19.649  -6.485 0.1111111119
47124  -21.827  -31.423  1.781 0.1111111119
47126  -23.344  -31.394  1.326 0.1111111119
47105  -20.872  -31.356  2.567 0.1111111119
47988  -20.765  -30.280  1.849 0.1111111119
49712  -20.430  -28.892  1.736 0.1111111119
117689  -19.783  -28.152  1.965 0.1111111119
56983  -19.755  -20.726  -0.028 0.1111111119
61206  -18.102  -15.012  -0.601 0.1111111119
61211  -18.047  -15.670  -0.628 0.1111111119
60430  -18.480  -16.841  -1.804 0.1111111119
104674  -19.742  -6.970  -2.421 0.2222222239
67612  -20.095  -7.443  -3.217 0.2222222239
67594  -21.485  -7.260  -1.336 0.2222222239
67613  -22.433  -7.694  -1.653 0.2222222239
47968  -20.403  -30.671  2.578 0.1111111119
62033  -18.093  -14.039  -1.396 0.1111111119
62050  -17.966  -13.847  -1.829 0.1111111119
47094  -20.292  -31.386  3.137 0.1111111119
47107  -22.134  -32.096  1.962 0.1111111119
46295  -22.859  -32.300  1.799 0.1111111119
47959  -19.813  -30.866  3.255 0.1111111119
48864  -20.227  -29.727  2.265 0.1111111119
49698  -19.906  -28.886  2.406 0.1111111119
117323  -19.636  -27.454  1.815 0.1111111119
118853  -19.774  -25.844  0.749 0.1111111119
114291  -19.746  -21.329  -0.105 0.1111111119
57813  -19.748  -19.870  -0.033 0.1111111119
116224  -18.959  -17.776  -0.955 0.1111111119
67593  -19.315  -6.803  -1.989 0.2222222239
66870  -23.267  -8.343  -1.295 0.2222222239
67614  -23.476  -8.467  -2.394 0.1111111119
47127  -23.988  -31.685  1.491 0.1111111119
47106  -21.473  -31.739  2.268 0.1111111119
57847  -18.920  -19.345  -0.976 0.1111111119
104388  -18.524  -6.825  -1.602 0.2222222239
62844  -17.734  -13.170  -1.368 0.1111111119
106760  -19.647  -21.149  -0.323 0.1111111119
51448  -19.608  -26.203  1.357 0.1111111119
53313  -19.597  -24.544  0.571 0.1111111119
56187  -19.784  -21.866  -0.066 0.1111111119
116414  -19.786  -27.027  1.292 0.1111111119
113273  -21.401  -30.251  1.321 0.1111111119
47969  -21.208  -30.944  1.933 0.1111111119
47125  -22.507  -31.437  1.543 0.1111111119
60396  -18.437  -16.570  -0.599 0.1111111119
59500  -18.820  -17.250  -0.692 0.1111111119
47967  -19.794  -30.173  3.097 0.1111111119
56969  -19.639  -20.849  1.022 0.1111111119
67595  -21.941  -7.782  -0.842 0.1111111119
48863  -19.638  -29.317  2.985 0.1111111119
49697  -19.497  -28.451  2.889 0.1111111119
56168  -19.647  -21.927  0.474 0.1111111119
56968  -19.592  -21.204  0.613 0.1111111119
57829  -19.279  -19.383  -0.480 0.1111111119
66871  -24.132  -8.379  -1.557 0.1111111119
123137  -23.978  -9.255  -3.220 0.1111111119
67652  -25.398  -8.600  -6.880 0.1111111119
66838  -18.404  -7.681  0.857 0.1111111119
113419  -24.524  -9.190  -5.244 0.1111111119
67635  -25.215  -8.088  -6.839 0.1111111119
51498  -25.840  -26.943  -2.733 0.3333333433
53382  -24.746  -24.425  -3.152 0.4444444478
53384  -26.564  -25.195  -3.919 0.3333333433
54412  -30.100  -22.973  -4.870 0.1111111119
57056  -22.711  -20.201  -4.242 0.8888888955
59585  -31.496  -16.649  -7.177 0.5555555820
59597  -31.792  -16.943  -7.323 0.4444444478
60474  -25.262  -16.379  -5.173 1.0000000000
60507  -31.974  -16.040  -8.529 0.3333333433
61222  -17.880  -15.508  -1.433 0.3333333433
61281  -22.072  -15.735  -5.227 1.0000000000
61297  -24.196  -15.115  -5.548 1.0000000000
61331  -33.560  -16.406  -8.875 0.2222222239
61349  -31.948  -15.545  -9.247 0.4444444478
62025  -17.863  -14.921  -1.062 0.1111111119
62071  -19.697  -14.452  -3.529 0.8888888955
62084  -20.754  -14.535  -4.496 0.8888888955
62098  -21.260  -14.209  -4.865 1.0000000000
62101  -23.117  -14.134  -5.745 1.0000000000
62103  -25.967  -14.491  -5.082 1.0000000000
62105  -30.308  -14.834  -4.674 0.7777777910
62146  -33.770  -15.563  -9.624 0.2222222239
62165  -38.702  -14.351  -10.888 0.1111111119
62166  -39.618  -14.144  -10.555 0.1111111119
62912  -22.049  -13.355  -5.663 0.8888888955
62913  -22.785  -13.318  -5.943 0.8888888955
62916  -25.171  -13.749  -5.010 1.0000000000
62951  -30.003  -14.460  -9.394 0.5555555820
62962  -33.760  -14.517  -10.368 0.2222222239
62970  -39.409  -13.645  -10.689 0.1111111119
62971  -39.398  -13.871  -10.819 0.1111111119
62973  -37.260  -13.116  -12.291 0.1111111119
62975  -38.850  -13.554  -11.349 0.1111111119
62976  -37.478  -12.801  -12.362 0.1111111119
63721  -22.299  -12.634  -6.144 0.8888888955
63725  -26.498  -12.787  -5.189 1.0000000000
63727  -28.535  -11.742  -4.769 1.0000000000
63759  -29.868  -13.040  -9.697 0.5555555820
63768  -38.646  -12.731  -10.218 0.1111111119
63769  -39.446  -13.223  -9.800 0.1111111119
63785  -35.663  -12.217  -13.329 0.1111111119
63787  -37.281  -12.588  -12.519 0.1111111119
64520  -17.542  -10.657  -3.370 0.5555555820
64548  -21.470  -10.868  -6.834 0.8888888955
64551  -24.055  -11.650  -5.831 1.0000000000
64600  -30.239  -12.103  -9.910 0.5555555820
64620  -36.447  -12.361  -13.202 0.1111111119
65314  -16.746  -9.650  -1.886 0.2222222239
65353  -18.522  -9.564  -5.218 0.6666666865
65362  -20.873  -10.362  -6.263 0.8888888955
65364  -23.672  -10.881  -6.892 0.8888888955
65370  -28.926  -10.578  -5.112 0.8888888955
65374  -32.821  -10.217  -5.447 0.8888888955
65383  -21.966  -10.486  -6.780 0.8888888955
65384  -22.663  -10.711  -6.949 0.8888888955
65436  -36.474  -11.372  -12.798 0.1111111119
66101  -16.183  -8.495  -1.622 0.3333333433
66135  -17.468  -8.698  -3.670 0.4444444478
66136  -19.473  -8.399  -5.250 0.5555555820
66156  -18.855  -9.026  -5.525 0.6666666865
66159  -21.184  -9.710  -5.708 0.6666666865
66180  -32.634  -9.683  -5.119 0.7777777910
66188  -25.374  -9.218  -7.079 0.6666666865
66205  -32.970  -9.936  -7.523 0.6666666865
66231  -31.739  -9.614  -10.566 0.5555555820
66240  -31.948  -9.424  -13.102 0.1111111119
66837  -17.995  -7.813  0.502 0.1111111119
66845  -18.213  -8.031  0.742 0.1111111119
66846  -19.036  -7.814  0.546 0.1111111119
66856  -15.866  -7.704  -1.014 0.3333333433
66868  -15.827  -7.838  -1.491 0.4444444478
66869  -15.991  -7.586  -1.715 0.4444444478
66880  -17.057  -7.716  -2.675 0.4444444478
66897  -17.823  -8.225  -3.940 0.5555555820
66921  -33.266  -9.004  -5.885 0.6666666865
66952  -32.272  -9.100  -9.339 0.4444444478
66977  -31.227  -8.418  -12.625 0.1111111119
67576  -16.363  -7.184  -0.784 0.1111111119
67577  -17.280  -7.179  -1.077 0.2222222239
67579  -21.255  -7.717  -0.516 0.1111111119
67611  -18.989  -6.901  -2.231 0.2222222239
67623  -19.791  -7.680  -3.740 0.3333333433
67625  -24.139  -9.682  -3.565 0.1111111119
67633  -23.683  -9.742  -5.992 0.4444444478
67651  -24.759  -8.862  -6.938 0.3333333433
67656  -30.907  -6.890  -4.796 0.6666666865
68385  -32.068  -6.084  -4.713 0.6666666865
68395  -33.322  -6.601  -5.801 0.6666666865
68446  -32.736  -6.537  -9.032 0.4444444478
70107  -33.472  -5.003  -5.996 0.6666666865
70142  -33.015  -3.951  -9.934 0.3333333433
70970  -33.401  -3.808  -6.465 0.6666666865
71807  -33.490  -2.511  -6.584 0.5555555820
72572  -33.050  -1.726  -6.244 0.4444444478
72602  -32.906  -1.487  -10.253 0.2222222239
73249  -32.888  -0.222  -6.648 0.4444444478
73926  -31.413  0.678  -6.817 0.4444444478
73932  -24.516  0.188  -9.450 0.1111111119
73953  -23.486  -0.087  -10.827 0.1111111119
73969  -23.505  0.202  -11.048 0.1111111119
74660  -23.500  0.635  -10.947 0.1111111119
75322  -33.205  2.261  -8.317 0.2222222239
75337  -23.827  2.914  -11.778 0.1111111119
75341  -23.716  3.622  -12.091 0.1111111119
75992  -23.587  3.664  -11.827 0.1111111119
75993  -23.980  3.924  -12.285 0.1111111119
75998  -33.994  3.572  -11.922 0.1111111119
76611  -31.289  5.032  -9.203 0.1111111119
76622  -23.649  4.013  -11.820 0.1111111119
76625  -33.039  5.149  -10.780 0.1111111119
104069  -33.802  3.848  -10.347 0.1111111119
104667  -27.420  -8.655  -6.349 0.6666666865
104768  -31.026  -11.678  -9.759 0.5555555820
105063  -37.545  -14.652  -10.669 0.1111111119
105898  -33.681  -4.092  -7.816 0.4444444478
108146  -17.631  -6.943  -1.581 0.3333333433
110090  -33.278  -0.875  -9.844 0.2222222239
110091  -31.192  -12.572  -9.583 0.5555555820
111447  -28.409  -14.176  -4.663 1.0000000000
112106  -32.600  -12.059  -7.416 0.7777777910
112475  -26.029  -11.836  -5.530 1.0000000000
113745  -33.315  1.161  -7.802 0.3333333433
113967  -23.445  -28.511  -0.963 0.3333333433
114098  -23.054  -10.182  -6.096 0.5555555820
115409  -21.885  -11.666  -6.519 0.8888888955
116549  -17.051  -8.150  -3.052 0.4444444478
117687  -23.227  -19.777  -4.450 0.8888888955
118342  -26.295  -19.211  -4.317 0.8888888955
118733  -23.610  -11.075  -6.276 0.8888888955
121192  -26.492  -15.220  -4.956 1.0000000000
121599  -31.555  -15.780  -6.373 0.7777777910
122512  -31.257  1.700  -7.511 0.3333333433
122845  -31.901  -5.486  -4.769 0.6666666865
123552  -17.095  -11.184  -2.607 0.4444444478
123882  -31.742  -0.862  -6.092 0.4444444478
124103  -31.655  -10.368  -11.416 0.1111111119
124164  -30.514  5.199  -9.283 0.1111111119
124779  -33.858  -2.713  -7.799 0.4444444478
125014  -21.483  -10.575  -6.625 0.8888888955
