#!ascii label  , from subject Paciente_3 vox2ras=TkReg
428
62917  -26.279  -13.704  -5.095 0.0000000000
60445  -20.968  -16.751  -4.352 0.0000000000
59568  -29.729  -17.883  -5.076 0.0000000000
56251  -23.709  -21.175  -4.298 0.0000000000
111172  -30.378  -2.156  -5.808 0.0000000000
68407  -33.493  -6.241  -6.448 0.0000000000
65365  -24.417  -10.038  -6.726 0.0000000000
52386  -23.463  -25.152  -2.199 0.0000000000
118711  -21.914  -18.844  -4.076 0.0000000000
57031  -21.274  -20.985  -2.987 0.0000000000
104234  -32.223  -4.223  -5.357 0.0000000000
67655  -30.145  -6.826  -5.457 0.0000000000
64539  -20.801  -11.821  -5.593 0.0000000000
66898  -18.524  -8.271  -5.079 0.0000000000
64552  -25.071  -11.731  -5.750 0.0000000000
110379  -30.657  -10.607  -4.398 0.0000000000
63730  -31.613  -13.032  -5.498 0.0000000000
62115  -31.941  -15.264  -6.767 0.0000000000
62070  -19.031  -13.915  -3.070 0.0000000000
62100  -22.638  -15.042  -5.601 0.0000000000
61283  -28.165  -15.847  -4.535 0.0000000000
59582  -24.494  -17.546  -5.150 0.0000000000
57893  -26.913  -19.885  -4.278 0.0000000000
116119  -28.104  -22.494  -5.125 0.0000000000
66189  -25.978  -9.109  -6.937 0.0000000000
66193  -29.899  -8.945  -5.440 0.0000000000
66941  -32.989  -8.417  -7.726 0.0000000000
125117  -20.416  -22.669  -1.817 0.0000000000
55345  -23.411  -22.956  -3.435 0.0000000000
57862  -20.302  -19.512  -2.741 0.0000000000
107814  -19.277  -20.154  -1.625 0.0000000000
68393  -29.757  -6.153  -5.779 0.0000000000
67669  -27.802  -7.525  -6.501 0.0000000000
62914  -23.418  -13.386  -5.845 0.0000000000
109018  -22.487  -11.678  -6.650 0.0000000000
63723  -24.800  -12.665  -5.522 0.0000000000
63711  -28.515  -12.686  -4.621 0.0000000000
62896  -28.877  -13.649  -4.573 0.0000000000
62920  -31.580  -14.261  -5.646 0.0000000000
62088  -29.359  -14.706  -4.644 0.0000000000
61265  -19.921  -15.347  -3.453 0.0000000000
62881  -20.118  -14.114  -4.190 0.0000000000
61280  -21.451  -15.662  -4.945 0.0000000000
60472  -23.684  -16.476  -5.264 0.0000000000
59563  -22.306  -17.213  -5.023 0.0000000000
57057  -23.466  -20.389  -4.355 0.0000000000
111703  -24.107  -19.179  -4.696 0.0000000000
57059  -25.476  -20.702  -4.008 0.0000000000
57061  -27.423  -20.750  -4.471 0.0000000000
56253  -25.759  -21.679  -4.008 0.0000000000
70958  -29.155  -3.372  -6.060 0.0000000000
117820  -28.207  -2.274  -7.009 0.0000000000
72569  -29.135  -1.545  -6.735 0.0000000000
73924  -29.025  -0.110  -7.103 0.0000000000
72571  -31.984  -1.421  -5.984 0.0000000000
70106  -32.934  -4.919  -5.367 0.0000000000
66171  -21.076  -10.142  -6.155 0.0000000000
66914  -22.266  -10.107  -5.827 0.0000000000
66175  -25.465  -9.469  -6.864 0.0000000000
66191  -28.269  -9.075  -5.949 0.0000000000
66177  -27.420  -9.451  -6.013 0.0000000000
64558  -32.558  -10.968  -5.576 0.0000000000
66181  -33.163  -9.746  -5.619 0.0000000000
66217  -32.545  -9.981  -8.414 0.0000000000
60462  -28.002  -16.686  -4.421 0.0000000000
60476  -31.244  -16.397  -6.517 0.0000000000
53352  -21.284  -24.500  -1.257 0.0000000000
54373  -21.610  -23.770  -1.839 0.0000000000
54385  -21.888  -23.091  -2.435 0.0000000000
53381  -23.972  -24.176  -2.859 0.0000000000
59549  -20.251  -17.642  -3.389 0.0000000000
108507  -21.428  -18.033  -4.041 0.0000000000
57874  -21.090  -18.602  -3.553 0.0000000000
57875  -21.233  -19.467  -3.365 0.0000000000
56240  -22.433  -21.412  -3.762 0.0000000000
108289  -29.865  -4.072  -5.577 0.0000000000
71798  -30.823  -2.811  -5.588 0.0000000000
70104  -30.056  -4.826  -5.547 0.0000000000
69177  -31.188  -5.583  -4.775 0.0000000000
68384  -31.264  -6.308  -4.671 0.0000000000
64521  -18.245  -11.539  -3.984 0.0000000000
114583  -19.250  -10.359  -5.322 0.0000000000
65363  -21.975  -10.732  -7.074 0.0000000000
111707  -25.407  -10.895  -5.925 0.0000000000
65369  -27.947  -10.354  -5.288 0.0000000000
64554  -27.609  -11.197  -5.146 0.0000000000
121817  -30.310  -11.405  -4.331 0.0000000000
64570  -32.677  -12.080  -6.392 0.0000000000
117038  -32.295  -13.797  -7.397 0.0000000000
51497  -24.328  -26.682  -2.472 0.0000000000
52404  -25.220  -25.415  -3.193 0.0000000000
63697  -19.072  -12.338  -4.203 0.0000000000
62911  -21.451  -13.476  -5.146 0.0000000000
105903  -23.812  -14.247  -5.665 0.0000000000
61300  -27.370  -15.282  -4.704 0.0000000000
109173  -24.974  -15.674  -5.303 0.0000000000
60460  -26.095  -16.670  -4.794 0.0000000000
59565  -26.152  -17.553  -4.493 0.0000000000
110982  -23.308  -18.461  -4.970 0.0000000000
58776  -25.208  -18.093  -4.805 0.0000000000
58778  -28.345  -18.913  -4.519 0.0000000000
57894  -28.245  -19.951  -4.581 0.0000000000
112937  -29.535  -21.279  -5.246 0.0000000000
71806  -32.838  -2.612  -5.992 0.0000000000
118856  -28.640  -8.016  -6.110 0.0000000000
66932  -29.441  -8.115  -5.655 0.0000000000
67657  -32.562  -7.613  -4.982 0.0000000000
65371  -30.204  -9.900  -5.100 0.0000000000
66920  -32.650  -8.959  -5.108 0.0000000000
116051  -33.498  -7.009  -6.631 0.0000000000
61301  -30.410  -15.673  -5.288 0.0000000000
61303  -31.588  -15.795  -7.618 0.0000000000
56214  -19.598  -21.527  -1.389 0.0000000000
56229  -20.976  -21.643  -2.553 0.0000000000
56230  -21.814  -21.753  -3.135 0.0000000000
117955  -23.467  -22.363  -3.888 0.0000000000
53383  -25.709  -24.782  -3.565 0.0000000000
54399  -25.117  -23.742  -3.576 0.0000000000
55356  -25.909  -22.405  -4.053 0.0000000000
67668  -26.765  -7.329  -6.889 0.0000000000
62915  -24.233  -13.513  -5.580 0.0000000000
116915  -23.728  -12.522  -5.865 0.0000000000
113693  -25.680  -13.075  -5.198 0.0000000000
62895  -28.037  -13.499  -4.750 0.0000000000
62918  -27.215  -13.576  -5.035 0.0000000000
62897  -29.750  -13.914  -4.764 0.0000000000
62086  -27.753  -14.122  -4.814 0.0000000000
60443  -19.751  -16.297  -3.201 0.0000000000
61245  -19.007  -15.671  -2.673 0.0000000000
60444  -20.458  -16.149  -3.982 0.0000000000
61279  -20.771  -15.363  -4.332 0.0000000000
60458  -21.044  -16.110  -4.602 0.0000000000
60459  -21.679  -16.465  -4.963 0.0000000000
57058  -24.307  -20.496  -4.298 0.0000000000
56252  -24.674  -21.348  -4.161 0.0000000000
71797  -29.753  -2.716  -5.898 0.0000000000
71804  -28.899  -2.572  -6.540 0.0000000000
71805  -29.462  -2.103  -6.330 0.0000000000
73246  -29.630  -0.707  -6.546 0.0000000000
121388  -31.160  -1.192  -5.903 0.0000000000
72564  -31.153  -1.739  -5.790 0.0000000000
69189  -33.299  -5.713  -5.765 0.0000000000
70115  -33.551  -4.576  -6.624 0.0000000000
69199  -33.569  -5.494  -6.739 0.0000000000
69205  -33.492  -5.708  -7.684 0.0000000000
66187  -22.913  -10.453  -6.572 0.0000000000
66172  -22.064  -10.301  -6.253 0.0000000000
66173  -23.996  -10.200  -6.560 0.0000000000
66174  -24.863  -9.744  -7.082 0.0000000000
124855  -24.991  -9.627  -7.013 0.0000000000
66176  -26.278  -9.411  -6.340 0.0000000000
65368  -26.893  -10.217  -5.643 0.0000000000
64583  -32.537  -11.508  -7.864 0.0000000000
65399  -32.915  -10.667  -7.144 0.0000000000
105527  -28.918  -17.302  -4.661 0.0000000000
107015  -29.898  -17.107  -5.342 0.0000000000
59569  -30.445  -17.580  -5.979 0.0000000000
52372  -22.793  -25.293  -1.743 0.0000000000
53353  -22.201  -24.511  -1.692 0.0000000000
53370  -22.862  -24.612  -2.088 0.0000000000
54386  -22.598  -23.820  -2.271 0.0000000000
53371  -23.433  -24.350  -2.423 0.0000000000
59537  -19.549  -17.963  -2.673 0.0000000000
118503  -20.365  -18.330  -3.184 0.0000000000
58750  -19.860  -18.789  -2.643 0.0000000000
57863  -20.819  -20.236  -2.876 0.0000000000
57044  -21.592  -20.371  -3.434 0.0000000000
57045  -22.231  -20.655  -3.891 0.0000000000
56239  -21.868  -21.038  -3.466 0.0000000000
70103  -28.993  -4.419  -5.776 0.0000000000
67670  -29.267  -6.801  -5.971 0.0000000000
113039  -30.300  -5.515  -5.438 0.0000000000
68383  -30.572  -6.192  -5.055 0.0000000000
64538  -19.198  -11.322  -4.724 0.0000000000
115701  -20.109  -11.062  -5.352 0.0000000000
64550  -23.174  -11.542  -6.522 0.0000000000
115734  -22.011  -11.063  -7.135 0.0000000000
64549  -22.527  -11.046  -7.103 0.0000000000
64567  -23.166  -11.144  -6.992 0.0000000000
64569  -24.447  -10.838  -5.953 0.0000000000
64553  -26.453  -11.033  -5.547 0.0000000000
111021  -27.020  -11.971  -5.208 0.0000000000
110426  -30.179  -12.466  -4.497 0.0000000000
63728  -29.359  -12.058  -4.505 0.0000000000
103236  -31.075  -12.104  -4.532 0.0000000000
64557  -31.776  -11.748  -5.245 0.0000000000
63740  -32.487  -13.059  -6.327 0.0000000000
63741  -32.368  -12.978  -7.673 0.0000000000
62931  -32.309  -14.238  -6.637 0.0000000000
61312  -30.409  -14.963  -8.641 0.0000000000
51484  -24.618  -27.435  -2.339 0.0000000000
50674  -25.379  -27.215  -2.472 0.0000000000
62861  -18.255  -13.226  -2.808 0.0000000000
63696  -18.287  -12.415  -3.351 0.0000000000
62879  -19.025  -13.169  -3.605 0.0000000000
62085  -21.356  -14.889  -4.865 0.0000000000
62894  -20.699  -13.747  -4.693 0.0000000000
62099  -21.943  -14.300  -5.224 0.0000000000
106692  -22.529  -13.904  -5.640 0.0000000000
109925  -23.448  -14.852  -5.723 0.0000000000
61298  -24.863  -14.999  -5.328 0.0000000000
61296  -23.493  -15.620  -5.506 0.0000000000
105494  -23.907  -17.163  -5.213 0.0000000000
60473  -24.525  -16.703  -5.254 0.0000000000
59583  -25.301  -17.170  -5.052 0.0000000000
60461  -27.039  -17.048  -4.382 0.0000000000
58772  -22.144  -17.996  -4.576 0.0000000000
58773  -22.722  -18.625  -4.621 0.0000000000
57891  -24.764  -19.640  -4.376 0.0000000000
58775  -24.604  -18.780  -4.751 0.0000000000
103396  -25.475  -18.988  -4.473 0.0000000000
58777  -26.221  -18.458  -4.370 0.0000000000
103729  -27.191  -19.064  -4.367 0.0000000000
117980  -28.980  -19.421  -4.640 0.0000000000
56254  -27.770  -21.651  -4.685 0.0000000000
103592  -28.311  -20.953  -4.636 0.0000000000
56255  -28.722  -21.604  -4.855 0.0000000000
56266  -29.885  -21.781  -5.428 0.0000000000
70960  -31.474  -3.518  -5.436 0.0000000000
71799  -31.893  -2.779  -5.584 0.0000000000
70961  -32.685  -3.492  -5.787 0.0000000000
66155  -17.931  -8.713  -5.022 0.0000000000
66928  -25.729  -8.675  -7.103 0.0000000000
66929  -26.140  -8.264  -7.057 0.0000000000
66930  -26.922  -7.992  -6.839 0.0000000000
66931  -27.998  -8.302  -6.273 0.0000000000
108686  -28.926  -8.668  -5.851 0.0000000000
66918  -30.524  -8.193  -5.138 0.0000000000
125297  -31.447  -7.712  -4.811 0.0000000000
106204  -29.865  -10.677  -4.712 0.0000000000
65386  -29.345  -10.107  -5.199 0.0000000000
65372  -31.382  -10.097  -4.607 0.0000000000
66933  -33.164  -8.953  -6.931 0.0000000000
110992  -33.373  -8.358  -6.101 0.0000000000
105654  -33.006  -8.292  -5.373 0.0000000000
67671  -33.396  -7.937  -6.814 0.0000000000
67692  -32.661  -8.065  -8.687 0.0000000000
62087  -28.187  -14.887  -4.693 0.0000000000
61284  -29.247  -15.664  -4.706 0.0000000000
61302  -31.421  -16.052  -6.569 0.0000000000
113444  -20.248  -23.023  -1.456 0.0000000000
55315  -19.997  -22.264  -1.532 0.0000000000
56215  -20.166  -21.590  -2.008 0.0000000000
55331  -20.628  -22.282  -2.146 0.0000000000
55334  -22.684  -23.029  -2.888 0.0000000000
55333  -22.097  -22.504  -2.918 0.0000000000
55344  -22.697  -22.269  -3.521 0.0000000000
55346  -24.308  -22.811  -3.783 0.0000000000
55347  -25.513  -23.023  -3.906 0.0000000000
57861  -19.435  -19.442  -2.121 0.0000000000
57029  -19.900  -20.203  -2.309 0.0000000000
57030  -20.467  -20.919  -2.450 0.0000000000
69186  -29.378  -5.375  -5.699 0.0000000000
68392  -28.554  -6.034  -5.946 0.0000000000
63720  -21.520  -12.490  -5.839 0.0000000000
112668  -21.357  -11.510  -6.216 0.0000000000
63722  -22.964  -12.520  -6.245 0.0000000000
63724  -25.621  -12.424  -5.418 0.0000000000
63726  -27.556  -12.785  -5.013 0.0000000000
63712  -29.416  -12.984  -4.553 0.0000000000
63729  -30.900  -13.206  -4.875 0.0000000000
62898  -30.130  -13.332  -4.699 0.0000000000
62919  -30.708  -14.262  -5.010 0.0000000000
62107  -31.460  -15.149  -5.676 0.0000000000
62052  -18.986  -14.772  -2.844 0.0000000000
113804  -19.569  -13.789  -3.757 0.0000000000
62072  -20.253  -14.783  -4.018 0.0000000000
61295  -21.914  -15.154  -5.207 0.0000000000
60471  -22.710  -16.248  -5.226 0.0000000000
59580  -23.180  -17.153  -5.138 0.0000000000
57889  -22.668  -19.396  -4.345 0.0000000000
106585  -23.412  -19.121  -4.669 0.0000000000
57890  -23.891  -19.758  -4.454 0.0000000000
57892  -25.869  -19.811  -4.117 0.0000000000
57060  -26.479  -20.547  -4.135 0.0000000000
104123  -26.721  -21.474  -4.311 0.0000000000
109068  -27.308  -22.238  -4.825 0.0000000000
70957  -28.214  -3.693  -6.383 0.0000000000
115245  -28.742  -2.071  -6.804 0.0000000000
73248  -32.005  -0.260  -6.261 0.0000000000
70962  -33.132  -4.329  -5.919 0.0000000000
66900  -21.305  -9.377  -5.298 0.0000000000
66916  -24.255  -9.630  -6.527 0.0000000000
66190  -26.598  -8.703  -6.688 0.0000000000
66192  -29.193  -9.411  -5.475 0.0000000000
110158  -31.874  -10.725  -4.855 0.0000000000
65373  -32.286  -10.178  -4.982 0.0000000000
65387  -33.120  -10.510  -6.095 0.0000000000
66194  -33.286  -9.843  -6.529 0.0000000000
107270  -32.858  -9.261  -7.821 0.0000000000
60463  -29.089  -16.515  -4.717 0.0000000000
60464  -30.042  -16.362  -5.518 0.0000000000
107041  -30.866  -16.899  -6.311 0.0000000000
54372  -20.695  -23.738  -1.374 0.0000000000
55316  -20.947  -23.025  -2.031 0.0000000000
55332  -21.399  -22.384  -2.554 0.0000000000
54387  -23.370  -23.626  -2.840 0.0000000000
59548  -19.613  -17.139  -2.993 0.0000000000
107070  -20.296  -16.925  -3.711 0.0000000000
59550  -20.869  -17.453  -3.988 0.0000000000
123942  -20.808  -18.016  -3.646 0.0000000000
123486  -20.591  -18.939  -3.101 0.0000000000
57876  -22.008  -19.850  -4.003 0.0000000000
57046  -22.918  -20.956  -4.174 0.0000000000
70959  -30.307  -3.463  -5.575 0.0000000000
70105  -30.918  -4.307  -5.344 0.0000000000
104926  -30.809  -5.016  -5.207 0.0000000000
69187  -31.806  -4.935  -4.996 0.0000000000
69188  -32.586  -5.513  -5.023 0.0000000000
115454  -32.903  -6.166  -5.230 0.0000000000
65361  -19.280  -9.684  -5.706 0.0000000000
64547  -20.873  -10.888  -6.005 0.0000000000
64546  -20.049  -10.242  -5.904 0.0000000000
66170  -19.913  -9.645  -5.894 0.0000000000
64568  -24.031  -10.354  -6.538 0.0000000000
65366  -24.925  -10.096  -6.578 0.0000000000
65367  -25.809  -10.083  -6.077 0.0000000000
64555  -28.492  -11.051  -5.052 0.0000000000
64556  -29.269  -11.259  -4.723 0.0000000000
121035  -27.876  -12.095  -4.990 0.0000000000
115442  -31.138  -11.039  -4.488 0.0000000000
64571  -32.792  -11.306  -6.719 0.0000000000
64582  -32.179  -12.384  -8.548 0.0000000000
63748  -31.395  -13.252  -9.190 0.0000000000
58780  -30.170  -18.301  -5.588 0.0000000000
52373  -23.541  -26.052  -1.977 0.0000000000
52387  -24.085  -25.766  -2.364 0.0000000000
53372  -24.294  -24.987  -2.583 0.0000000000
63709  -20.016  -12.088  -4.840 0.0000000000
62880  -19.871  -13.193  -4.375 0.0000000000
63710  -20.784  -12.799  -5.020 0.0000000000
121647  -22.407  -13.307  -5.864 0.0000000000
105463  -24.533  -14.383  -5.376 0.0000000000
62104  -27.052  -14.468  -4.947 0.0000000000
62102  -25.178  -14.557  -5.097 0.0000000000
61299  -25.562  -15.143  -5.138 0.0000000000
60475  -25.912  -15.872  -5.075 0.0000000000
115004  -24.274  -15.962  -5.350 0.0000000000
125155  -24.761  -16.186  -5.298 0.0000000000
61282  -26.986  -16.065  -4.594 0.0000000000
118324  -27.943  -17.425  -4.376 0.0000000000
59567  -28.661  -18.086  -4.546 0.0000000000
59562  -21.577  -17.319  -4.502 0.0000000000
59564  -22.859  -17.917  -5.017 0.0000000000
59581  -23.693  -17.886  -5.143 0.0000000000
58774  -23.903  -18.644  -5.018 0.0000000000
119521  -24.367  -18.207  -5.061 0.0000000000
59566  -27.321  -18.059  -4.300 0.0000000000
58779  -29.474  -18.815  -4.887 0.0000000000
57895  -29.443  -19.753  -4.914 0.0000000000
57071  -29.148  -20.686  -4.819 0.0000000000
122997  -31.266  -2.287  -5.672 0.0000000000
72565  -32.086  -2.075  -5.818 0.0000000000
70969  -33.289  -3.154  -6.346 0.0000000000
118198  -28.890  -7.454  -6.086 0.0000000000
66917  -29.813  -7.459  -5.602 0.0000000000
113131  -30.532  -7.427  -5.081 0.0000000000
67639  -31.837  -6.926  -4.740 0.0000000000
68394  -32.783  -6.842  -5.102 0.0000000000
65385  -28.501  -9.824  -5.440 0.0000000000
66178  -30.924  -9.136  -4.814 0.0000000000
66179  -31.990  -9.388  -4.741 0.0000000000
66919  -31.657  -8.570  -4.771 0.0000000000
112085  -32.320  -8.236  -4.919 0.0000000000
115400  -33.328  -7.542  -5.750 0.0000000000
68420  -33.512  -6.371  -7.234 0.0000000000
62106  -30.917  -15.429  -5.357 0.0000000000
116098  -31.224  -15.377  -8.001 0.0000000000
57016  -19.336  -20.861  -1.271 0.0000000000
57017  -19.720  -20.868  -1.824 0.0000000000
56241  -23.151  -21.730  -4.092 0.0000000000
56242  -23.988  -21.953  -4.125 0.0000000000
54398  -24.116  -23.604  -3.331 0.0000000000
55355  -24.989  -22.177  -4.009 0.0000000000
109537  -26.676  -22.291  -4.456 0.0000000000
53382  -24.746  -24.425  -3.152 0.0000000000
57056  -22.711  -20.201  -4.242 0.0000000000
60474  -25.262  -16.379  -5.173 0.0000000000
61281  -22.072  -15.735  -5.227 0.0000000000
61297  -24.196  -15.115  -5.548 0.0000000000
62071  -19.697  -14.452  -3.529 0.0000000000
62084  -20.754  -14.535  -4.496 0.0000000000
62098  -21.260  -14.209  -4.865 0.0000000000
62101  -23.117  -14.134  -5.745 0.0000000000
62103  -25.967  -14.491  -5.082 0.0000000000
62105  -30.308  -14.834  -4.674 0.0000000000
62912  -22.049  -13.355  -5.663 0.0000000000
62913  -22.785  -13.318  -5.943 0.0000000000
62916  -25.171  -13.749  -5.010 0.0000000000
63721  -22.299  -12.634  -6.144 0.0000000000
63725  -26.498  -12.787  -5.189 0.0000000000
63727  -28.535  -11.742  -4.769 0.0000000000
64520  -17.542  -10.657  -3.370 0.0000000000
64548  -21.470  -10.868  -6.834 0.0000000000
64551  -24.055  -11.650  -5.831 0.0000000000
65353  -18.522  -9.564  -5.218 0.0000000000
65362  -20.873  -10.362  -6.263 0.0000000000
65364  -23.672  -10.881  -6.892 0.0000000000
65370  -28.926  -10.578  -5.112 0.0000000000
65374  -32.821  -10.217  -5.447 0.0000000000
65383  -21.966  -10.486  -6.780 0.0000000000
65384  -22.663  -10.711  -6.949 0.0000000000
66156  -18.855  -9.026  -5.525 0.0000000000
66159  -21.184  -9.710  -5.708 0.0000000000
66180  -32.634  -9.683  -5.119 0.0000000000
66188  -25.374  -9.218  -7.079 0.0000000000
66205  -32.970  -9.936  -7.523 0.0000000000
66897  -17.823  -8.225  -3.940 0.0000000000
66921  -33.266  -9.004  -5.885 0.0000000000
67656  -30.907  -6.890  -4.796 0.0000000000
68385  -32.068  -6.084  -4.713 0.0000000000
68395  -33.322  -6.601  -5.801 0.0000000000
70107  -33.472  -5.003  -5.996 0.0000000000
71807  -33.490  -2.511  -6.584 0.0000000000
104667  -27.420  -8.655  -6.349 0.0000000000
111447  -28.409  -14.176  -4.663 0.0000000000
112106  -32.600  -12.059  -7.416 0.0000000000
112475  -26.029  -11.836  -5.530 0.0000000000
114098  -23.054  -10.182  -6.096 0.0000000000
115409  -21.885  -11.666  -6.519 0.0000000000
117687  -23.227  -19.777  -4.450 0.0000000000
118342  -26.295  -19.211  -4.317 0.0000000000
118733  -23.610  -11.075  -6.276 0.0000000000
121192  -26.492  -15.220  -4.956 0.0000000000
121599  -31.555  -15.780  -6.373 0.0000000000
122845  -31.901  -5.486  -4.769 0.0000000000
123882  -31.742  -0.862  -6.092 0.0000000000
125014  -21.483  -10.575  -6.625 0.0000000000
