#!ascii label  , from subject Paciente_3 vox2ras=TkReg
1338
24200  -25.528  -60.096  0.336 0.5000000000
24191  -25.493  -60.323  0.815 0.4000000060
24962  -25.368  -59.496  1.028 0.6000000238
113695  -25.142  -58.761  0.812 0.6000000238
26522  -25.434  -57.904  -0.023 0.6000000238
24987  -25.003  -58.871  0.329 0.5000000000
115792  -25.862  -60.208  1.303 0.6999999881
25777  -25.201  -58.065  0.472 0.6999999881
26517  -25.501  -57.192  0.390 0.6999999881
27234  -26.233  -56.361  -0.259 0.5000000000
27233  -25.811  -56.368  0.214 0.6999999881
26523  -25.925  -57.197  -0.223 0.5000000000
108728  -24.122  -65.734  7.025 0.5000000000
25755  -25.664  -58.671  1.229 0.6999999881
25769  -25.367  -57.896  0.964 0.6999999881
27228  -25.616  -56.359  0.730 0.6999999881
26495  -25.626  -57.025  1.146 0.6999999881
26508  -25.423  -57.144  0.821 0.6999999881
27223  -25.676  -56.318  0.905 0.6999999881
27955  -26.148  -55.591  -0.133 0.6000000238
24951  -29.157  -60.172  2.957 0.6999999881
24966  -28.912  -59.359  2.619 0.6999999881
25756  -26.620  -58.675  1.699 0.6999999881
20856  -23.558  -64.919  7.393 0.6000000238
19377  -22.661  -67.171  6.315 0.4000000060
105992  -26.127  -57.748  1.520 0.6999999881
27954  -25.808  -55.599  0.579 0.6999999881
28708  -26.136  -54.320  0.763 0.6999999881
28721  -27.061  -54.005  -0.427 0.6000000238
111818  -30.266  -59.823  3.807 0.6999999881
24952  -29.676  -59.660  3.157 0.6999999881
25758  -28.132  -59.063  2.270 0.6999999881
25759  -29.464  -58.778  2.707 0.6999999881
25742  -30.185  -59.133  3.359 0.6999999881
21670  -24.538  -63.404  7.663 0.6000000238
117729  -28.712  -58.688  2.429 0.6999999881
111175  -26.888  -57.167  1.928 0.6999999881
115282  -28.086  -58.301  2.219 0.6999999881
26497  -28.978  -58.025  2.329 0.6999999881
125100  -29.616  -58.208  2.581 0.6999999881
20103  -22.132  -65.330  6.712 0.5000000000
19364  -22.415  -66.191  6.664 0.5000000000
27928  -25.924  -55.579  1.094 0.6999999881
122608  -26.209  -56.918  1.564 0.6999999881
109939  -29.020  -57.194  2.188 0.6999999881
114374  -21.815  -66.582  6.357 0.4000000060
28707  -25.907  -54.984  0.813 0.6999999881
108844  -26.662  -56.401  1.778 0.6999999881
26496  -28.006  -57.362  2.151 0.6999999881
18619  -21.261  -67.886  5.504 0.4000000060
27929  -26.448  -55.639  1.546 0.6999999881
27215  -28.450  -56.270  2.129 0.6999999881
28700  -25.944  -55.082  0.903 0.6999999881
28687  -27.566  -54.473  1.916 0.6999999881
27931  -27.891  -55.282  2.064 0.6999999881
28720  -26.316  -54.102  0.309 0.6999999881
115121  -26.929  -55.048  1.813 0.6999999881
29434  -26.330  -53.493  0.692 0.6999999881
111484  -28.536  -51.707  -1.139 0.5000000000
30161  -28.450  -52.605  -1.193 0.5000000000
30164  -30.357  -52.262  -0.279 0.4000000060
30163  -29.568  -52.521  -0.808 0.5000000000
26499  -30.818  -57.952  3.046 0.6999999881
23320  -24.936  -61.880  7.826 0.6000000238
122290  -27.425  -56.605  2.058 0.6999999881
105272  -22.711  -64.763  6.958 0.5000000000
26498  -29.885  -57.645  2.454 0.6999999881
28686  -26.278  -54.825  1.230 0.6999999881
118931  -26.886  -54.352  1.492 0.6999999881
30893  -26.760  -51.291  -0.336 0.6999999881
29445  -26.606  -53.153  -0.015 0.6999999881
112940  -27.530  -51.909  -0.780 0.6999999881
30894  -27.855  -51.154  -0.788 0.6999999881
24909  -28.071  -59.602  7.391 0.6999999881
24910  -28.925  -59.557  6.956 0.6999999881
24912  -30.345  -59.142  6.342 0.8000000119
25717  -31.354  -58.346  5.379 0.8000000119
24116  -26.878  -60.538  7.711 0.6000000238
25709  -29.423  -58.738  6.934 0.6000000238
24923  -30.918  -59.242  5.319 0.8000000119
24895  -27.184  -59.702  7.627 0.6000000238
24894  -26.263  -59.826  7.734 0.6000000238
121904  -31.418  -58.253  3.721 0.6999999881
23321  -25.759  -61.639  7.826 0.6000000238
24115  -25.858  -60.706  7.837 0.6000000238
22525  -23.852  -62.912  7.525 0.6000000238
23319  -24.144  -62.100  7.564 0.6000000238
27217  -30.687  -56.934  2.627 0.6999999881
21694  -23.133  -63.435  7.172 0.6000000238
27216  -29.699  -56.659  2.185 0.6999999881
28701  -26.159  -54.484  0.839 0.6999999881
109905  -28.750  -55.405  2.166 0.6999999881
30892  -26.063  -51.339  0.315 0.8000000119
119167  -26.444  -52.096  -0.046 0.6999999881
29414  -26.538  -53.701  1.047 0.6999999881
31552  -26.254  -50.840  -0.022 0.8000000119
29427  -26.346  -53.803  0.775 0.6999999881
122955  -29.101  -51.485  -1.088 0.5000000000
30896  -29.691  -51.695  -0.532 0.5000000000
115331  -30.120  -50.978  -0.262 0.5000000000
25708  -28.398  -58.758  7.340 0.6000000238
111274  -30.180  -58.414  6.670 0.6999999881
26439  -30.503  -57.837  6.653 0.8000000119
25710  -30.874  -58.531  6.197 0.8999999762
25698  -27.467  -58.863  7.526 0.6000000238
26454  -31.571  -57.647  5.552 0.8000000119
26471  -31.710  -57.786  4.546 0.8000000119
24114  -24.868  -60.521  7.743 0.6000000238
26483  -31.476  -57.373  3.442 0.8000000119
21693  -22.480  -63.942  6.820 0.6000000238
122585  -23.628  -62.278  7.366 0.6000000238
23337  -23.528  -61.683  7.226 0.6000000238
27204  -31.397  -56.428  3.111 0.6999999881
118559  -21.431  -65.107  6.378 0.5000000000
113746  -30.179  -55.321  2.420 0.6999999881
27933  -31.018  -55.679  2.728 0.6999999881
20121  -20.886  -65.428  5.791 0.5000000000
20872  -21.234  -64.528  6.009 0.5000000000
27932  -29.511  -55.800  2.184 0.6999999881
30147  -26.177  -52.576  0.689 0.8000000119
30137  -26.378  -52.998  0.777 0.6999999881
105435  -27.085  -52.850  1.425 0.6999999881
112704  -28.713  -57.870  7.282 0.6999999881
26438  -29.642  -57.783  6.987 0.8000000119
114236  -30.823  -57.173  6.617 0.8000000119
27164  -30.055  -57.200  6.922 0.8000000119
27178  -31.827  -56.437  5.979 0.8000000119
25697  -26.543  -59.002  7.576 0.6000000238
106583  -31.793  -57.001  5.276 0.8000000119
24893  -25.335  -59.875  7.740 0.6000000238
27205  -31.971  -56.642  4.152 0.6999999881
22548  -23.077  -62.432  6.974 0.6000000238
27934  -31.224  -55.026  3.093 0.8000000119
112434  -31.803  -55.605  3.564 0.6999999881
21709  -21.702  -63.688  6.190 0.6000000238
124495  -20.484  -65.299  4.789 0.4000000060
28688  -28.482  -54.693  2.133 0.6999999881
28689  -29.351  -54.968  2.306 0.6999999881
28690  -30.052  -54.402  2.445 0.6999999881
19396  -19.748  -66.553  3.917 0.4000000060
119396  -29.120  -54.156  2.228 0.6999999881
113401  -25.984  -51.844  0.677 0.8000000119
122246  -26.434  -52.687  0.936 0.8000000119
29416  -28.190  -53.886  2.084 0.6999999881
29415  -27.328  -53.698  1.658 0.6999999881
31553  -27.093  -50.496  -0.434 0.8000000119
123076  -27.783  -49.941  -0.722 0.6999999881
114621  -28.248  -50.494  -0.913 0.5000000000
31556  -30.650  -50.245  -0.191 0.5000000000
117607  -29.362  -50.985  -0.720 0.5000000000
30897  -31.200  -51.064  0.097 0.4000000060
113974  -28.035  -57.276  7.312 0.6000000238
27163  -28.970  -56.697  7.113 0.6999999881
27166  -31.168  -56.463  6.548 0.8000000119
25707  -26.783  -58.142  7.445 0.6999999881
25696  -25.649  -59.155  7.586 0.6999999881
27190  -31.897  -56.290  5.126 0.8000000119
25695  -24.893  -59.292  7.558 0.6000000238
27901  -32.065  -55.750  5.618 0.8000000119
24126  -23.639  -59.833  7.336 0.6000000238
27913  -32.102  -55.717  4.602 0.8000000119
28669  -32.279  -54.911  4.195 0.8000000119
110731  -22.317  -62.246  6.276 0.6000000238
23336  -22.771  -61.420  6.540 0.6000000238
28691  -31.000  -54.254  2.863 0.8999999762
28680  -31.752  -54.636  3.466 0.8000000119
29418  -30.361  -53.532  2.534 0.8000000119
30127  -28.831  -52.347  2.239 0.8000000119
29417  -29.639  -53.668  2.336 0.6999999881
104883  -20.904  -64.637  5.000 0.4000000060
31542  -26.001  -50.760  0.544 0.8000000119
108010  -26.082  -52.054  0.917 0.8000000119
30867  -26.046  -51.338  1.053 0.8000000119
112450  -28.895  -53.330  2.253 0.6999999881
32227  -26.288  -50.185  0.152 0.8000000119
30125  -26.678  -51.935  1.237 0.8000000119
111890  -27.910  -53.029  2.083 0.6999999881
30856  -26.564  -51.217  1.205 0.8000000119
32235  -26.892  -49.661  -0.293 0.8000000119
31522  -26.237  -50.847  1.084 0.8000000119
32236  -28.659  -49.908  -0.969 0.6000000238
32238  -30.115  -49.497  -0.261 0.5000000000
27162  -27.621  -56.542  7.177 0.6000000238
27165  -30.258  -56.508  6.901 0.6999999881
25706  -25.841  -58.351  7.404 0.6000000238
27888  -30.716  -55.715  6.824 0.6999999881
27889  -31.592  -55.738  6.401 0.6999999881
120526  -27.113  -57.286  7.313 0.6000000238
26436  -25.116  -57.859  7.102 0.6000000238
27902  -32.483  -55.071  5.182 0.8000000119
24113  -23.413  -60.704  7.093 0.6000000238
25705  -24.967  -58.626  7.362 0.6000000238
28655  -32.169  -55.106  6.132 0.6999999881
124013  -21.853  -62.197  5.604 0.3000000119
29419  -31.166  -53.344  2.905 0.8000000119
110066  -31.699  -53.897  3.261 0.8000000119
30129  -30.570  -52.624  2.598 0.8000000119
116661  -28.997  -50.489  2.094 0.8000000119
31532  -26.026  -50.779  0.877 0.8000000119
30126  -27.625  -52.141  1.899 0.8000000119
30857  -27.337  -51.318  1.540 0.8000000119
31523  -26.927  -50.641  1.329 0.8000000119
32237  -29.136  -49.303  -0.678 0.6000000238
123840  -31.904  -49.541  0.458 0.3000000119
118658  -28.790  -55.647  7.083 0.6000000238
27887  -29.667  -55.742  6.998 0.6999999881
114061  -30.118  -54.914  6.954 0.6999999881
28639  -31.259  -54.864  6.712 0.6999999881
24937  -21.708  -58.483  4.772 0.5000000000
26437  -25.976  -57.385  7.171 0.6000000238
28640  -31.986  -54.438  6.378 0.6999999881
118377  -23.039  -59.955  6.890 0.5000000000
24908  -24.111  -59.059  7.281 0.5000000000
28656  -32.522  -54.422  5.761 0.6999999881
23353  -21.619  -60.940  5.229 0.3000000119
28670  -32.536  -54.259  4.793 0.8000000119
30119  -32.650  -52.604  3.993 0.8000000119
28681  -32.327  -54.067  3.823 0.8000000119
30859  -30.362  -51.857  2.488 0.8999999762
30860  -31.163  -51.857  2.800 0.8999999762
30130  -31.375  -52.640  2.973 0.8000000119
29407  -32.022  -53.173  3.438 0.8000000119
21708  -21.248  -63.864  5.244 0.4000000060
30858  -29.602  -51.416  2.245 0.8999999762
120345  -29.828  -52.234  2.370 0.8999999762
109663  -26.187  -49.204  0.378 0.8000000119
111424  -26.240  -50.037  0.618 0.8000000119
33651  -27.209  -48.326  -0.311 0.6999999881
32947  -28.723  -48.382  -0.435 0.6000000238
32949  -30.616  -48.801  -0.053 0.6000000238
27886  -27.972  -55.804  7.037 0.6000000238
112451  -29.137  -54.949  7.130 0.6000000238
121790  -27.152  -55.894  6.926 0.6000000238
27161  -26.495  -56.416  6.980 0.6000000238
113786  -31.477  -53.955  6.741 0.8000000119
25716  -23.044  -58.494  6.362 0.6000000238
114273  -23.610  -58.591  6.823 0.5000000000
124981  -25.093  -57.192  6.902 0.6000000238
29385  -32.685  -53.640  5.484 0.8000000119
24140  -22.020  -60.110  5.618 0.4000000060
23354  -22.070  -61.577  5.748 0.4000000060
29397  -32.607  -53.436  4.377 0.8000000119
108371  -31.264  -51.088  2.883 0.8000000119
30848  -32.605  -51.737  3.768 0.8000000119
106512  -30.570  -51.182  2.557 0.8000000119
30118  -31.958  -52.231  3.329 0.8000000119
109453  -30.046  -50.447  2.348 0.8000000119
107320  -26.478  -50.031  1.007 0.8000000119
124900  -27.434  -49.045  1.838 0.8000000119
109896  -28.372  -51.368  2.014 0.6999999881
32219  -26.141  -49.098  0.704 0.8000000119
31524  -27.883  -50.519  1.771 0.8000000119
122692  -26.738  -48.949  -0.164 0.8000000119
32929  -25.949  -48.299  0.943 0.8000000119
33654  -30.361  -47.407  0.075 0.6000000238
34363  -30.842  -46.666  0.315 0.6000000238
33642  -31.350  -47.358  0.271 0.6000000238
27885  -26.509  -55.596  6.790 0.6000000238
28638  -29.505  -54.143  7.163 0.8000000119
112478  -30.512  -54.087  7.056 0.6999999881
26451  -22.717  -56.792  5.176 0.5000000000
27159  -24.423  -56.746  6.542 0.5000000000
29371  -32.305  -53.793  6.300 0.6999999881
26452  -23.018  -57.656  5.883 0.5000000000
125009  -24.545  -57.478  6.806 0.5000000000
29370  -31.806  -53.186  6.747 0.8000000119
25715  -22.361  -58.382  5.694 0.5000000000
30099  -32.733  -52.963  6.241 0.8000000119
30110  -32.768  -52.847  5.085 0.8000000119
108621  -33.066  -52.325  5.678 0.8000000119
30840  -32.921  -52.042  4.716 0.8000000119
30847  -31.901  -51.391  3.209 0.8000000119
105350  -26.599  -48.965  1.291 0.8000000119
32208  -28.396  -49.503  2.103 0.8000000119
32945  -26.119  -48.338  0.193 0.8000000119
33652  -27.854  -47.545  -0.262 0.6999999881
33640  -26.456  -47.585  -0.025 0.6999999881
33653  -29.223  -47.487  -0.181 0.6999999881
33641  -27.121  -46.802  -0.045 0.6999999881
34370  -28.542  -46.755  -0.156 0.6999999881
34371  -29.776  -46.713  0.053 0.6999999881
29366  -27.880  -53.440  6.835 0.8000000119
28637  -28.529  -54.201  6.986 0.6000000238
29367  -28.859  -53.342  7.004 0.6000000238
28667  -21.943  -53.886  3.824 0.6000000238
27912  -22.830  -54.668  4.665 0.5000000000
28635  -26.724  -54.329  6.713 0.6000000238
29369  -30.861  -53.279  7.097 0.8000000119
29393  -20.760  -52.922  3.560 0.6000000238
29394  -21.877  -52.738  3.621 0.6000000238
29395  -23.048  -52.723  4.419 0.6000000238
28653  -24.526  -54.335  5.923 0.5000000000
27900  -25.020  -55.000  6.485 0.5000000000
29363  -22.200  -52.593  5.979 0.5000000000
30097  -21.519  -52.144  4.582 0.5000000000
116693  -21.972  -51.316  3.872 0.6000000238
27177  -23.899  -55.974  6.091 0.5000000000
27899  -24.288  -55.194  5.972 0.5000000000
30089  -32.055  -52.401  6.865 0.8000000119
107253  -32.875  -52.016  6.416 0.8000000119
113549  -21.947  -51.412  5.168 0.5000000000
27883  -24.751  -55.842  6.501 0.5000000000
29353  -22.331  -53.281  6.937 0.4000000060
30832  -33.297  -51.484  5.548 0.6999999881
32200  -32.418  -49.974  3.439 0.8000000119
31506  -33.094  -51.183  4.371 0.8000000119
107455  -29.736  -48.919  2.409 0.8000000119
31525  -30.891  -50.429  2.855 0.8000000119
31515  -32.567  -50.853  3.586 0.8000000119
31514  -31.764  -50.582  3.153 0.8000000119
119250  -31.449  -49.751  3.109 0.8000000119
107588  -26.026  -47.678  0.747 0.8999999762
32914  -26.480  -48.128  1.406 0.8999999762
111517  -29.508  -49.678  2.264 0.8000000119
32915  -27.077  -48.360  1.852 1.0000000000
32916  -28.003  -48.549  2.160 0.8000000119
111565  -28.099  -52.497  6.898 0.8000000119
30086  -29.219  -52.490  7.133 0.8000000119
30109  -23.251  -51.864  4.617 0.6000000238
29365  -26.832  -53.489  6.788 0.6000000238
29368  -29.883  -53.309  7.262 0.8000000119
30087  -30.337  -52.428  7.363 0.8000000119
30829  -21.708  -51.450  4.175 0.5000000000
30108  -22.277  -51.767  3.857 0.6000000238
29396  -23.999  -52.723  4.987 0.6000000238
108390  -25.990  -53.879  6.648 0.6000000238
110214  -31.236  -51.976  7.376 0.8000000119
30088  -31.237  -52.668  7.112 0.8000000119
30820  -32.132  -51.473  7.104 0.6999999881
30838  -22.171  -50.965  4.344 0.5000000000
30098  -25.176  -52.653  6.353 0.6000000238
29354  -22.539  -52.577  6.972 0.4000000060
31493  -22.708  -50.620  5.427 0.4000000060
30830  -22.084  -50.879  4.816 0.4000000060
31504  -22.881  -50.720  4.889 0.4000000060
30813  -22.553  -50.970  5.773 0.4000000060
31494  -22.933  -50.486  5.425 0.4000000060
30831  -24.438  -51.105  5.999 0.4000000060
118600  -33.329  -50.686  4.988 0.6999999881
32183  -23.380  -50.124  6.202 0.4000000060
121044  -24.099  -49.560  6.779 0.5000000000
32193  -33.194  -50.217  4.120 0.6999999881
115768  -22.933  -50.255  6.377 0.3000000119
32184  -23.649  -50.081  6.535 0.5000000000
32185  -24.168  -50.271  6.533 0.5000000000
32209  -30.477  -49.513  2.656 0.8000000119
106207  -32.130  -49.086  3.267 0.8000000119
32201  -33.015  -49.285  3.714 0.8000000119
113824  -26.350  -46.845  1.168 0.8000000119
32903  -26.756  -47.593  1.790 1.0000000000
33617  -27.588  -47.743  2.165 0.8000000119
33618  -28.622  -47.849  2.318 0.8000000119
32917  -28.961  -48.666  2.287 0.8000000119
32918  -30.451  -48.509  2.738 0.8000000119
109188  -26.585  -46.804  1.600 1.0000000000
33619  -29.650  -47.966  2.544 0.8000000119
33639  -25.921  -47.672  0.461 0.8000000119
33603  -27.125  -46.942  2.124 0.8000000119
33605  -29.123  -47.131  2.560 0.8000000119
113685  -26.214  -46.940  0.396 0.8999999762
34361  -27.932  -46.039  0.022 0.6999999881
35141  -28.618  -45.298  -0.011 0.6999999881
34362  -29.208  -46.009  -0.046 0.6999999881
116392  -30.307  -45.963  0.364 0.6999999881
106423  -31.351  -45.899  0.567 0.6000000238
112700  -30.826  -45.199  0.488 0.6999999881
35142  -29.804  -45.233  0.192 0.6999999881
35143  -31.876  -45.098  0.685 0.6000000238
30085  -27.121  -52.129  6.956 0.8000000119
30816  -27.608  -51.598  7.012 0.8000000119
30819  -30.429  -51.490  7.530 0.8000000119
30839  -22.537  -51.145  4.271 0.5000000000
118151  -24.382  -52.041  5.491 0.6000000238
110781  -24.988  -51.893  6.352 0.5000000000
111255  -27.307  -52.830  6.859 0.8000000119
30815  -26.252  -51.815  6.950 0.6999999881
30083  -25.660  -52.241  6.741 0.6999999881
31486  -32.432  -50.614  6.948 0.6999999881
32182  -22.968  -50.142  6.011 0.3000000119
30821  -33.069  -51.153  6.487 0.6999999881
105213  -33.646  -49.970  6.023 0.6999999881
120963  -24.566  -49.029  6.866 0.5000000000
32194  -33.597  -49.365  4.495 0.6999999881
32167  -23.718  -49.477  6.710 0.4000000060
32168  -23.931  -49.346  6.756 0.4000000060
32905  -31.805  -48.210  3.208 0.8000000119
32210  -31.213  -48.871  3.019 0.8000000119
32904  -31.033  -48.131  3.093 0.8000000119
34330  -31.868  -46.600  3.414 0.6999999881
33604  -28.146  -47.063  2.393 0.8000000119
33606  -30.484  -47.673  3.002 0.8000000119
34352  -26.399  -46.055  1.203 0.8999999762
33631  -26.204  -46.972  0.749 0.8999999762
34340  -26.540  -45.964  1.548 0.8999999762
109783  -26.934  -46.141  2.080 0.8000000119
34327  -28.703  -46.405  2.610 0.8000000119
34359  -26.244  -46.151  0.872 0.8999999762
35138  -25.992  -45.073  1.021 0.8000000119
34360  -26.701  -46.121  0.414 0.8999999762
35140  -27.358  -45.264  0.329 0.8000000119
104161  -32.278  -47.410  0.555 0.4000000060
36019  -32.418  -44.195  0.594 0.5000000000
30817  -28.562  -51.681  7.115 0.6999999881
107559  -26.967  -50.890  7.076 0.6999999881
30805  -29.773  -50.878  7.542 0.6999999881
119838  -23.312  -50.438  5.666 0.4000000060
114179  -25.997  -50.163  7.107 0.6000000238
30804  -28.909  -50.905  7.411 0.6999999881
31484  -31.222  -51.174  7.591 0.6999999881
31485  -31.771  -50.778  7.459 0.6999999881
32172  -32.623  -49.869  6.915 0.6999999881
31487  -33.156  -50.368  6.456 0.6999999881
108467  -25.428  -49.328  7.082 0.5000000000
33571  -24.626  -48.350  7.122 0.4000000060
32186  -34.032  -49.335  5.518 0.6999999881
33570  -24.163  -48.274  7.003 0.3000000119
33572  -25.594  -48.591  7.241 0.5000000000
32898  -34.091  -48.632  4.756 0.6999999881
32907  -33.553  -48.560  3.936 0.6999999881
32906  -32.698  -48.396  3.484 0.6999999881
33607  -31.303  -47.342  3.260 0.6999999881
34326  -27.732  -46.259  2.305 0.8000000119
113916  -29.890  -47.094  3.000 0.8000000119
35102  -29.216  -45.867  2.973 0.8000000119
35119  -26.420  -45.251  1.791 0.8000000119
35139  -26.308  -45.287  0.811 0.8000000119
36014  -26.733  -44.460  0.543 0.8000000119
36027  -28.326  -43.771  -0.183 0.8000000119
36018  -31.322  -44.328  0.547 0.6999999881
36016  -29.159  -44.534  -0.024 0.6999999881
36017  -30.303  -44.451  0.286 0.6999999881
36813  -28.621  -42.963  -0.434 0.6999999881
32152  -27.897  -49.560  7.455 0.6000000238
114534  -28.610  -49.419  7.638 0.6000000238
31473  -29.271  -50.097  7.592 0.6999999881
31474  -29.969  -50.305  7.636 0.6999999881
32154  -30.450  -49.975  7.637 0.6999999881
32170  -31.141  -50.380  7.574 0.6999999881
32150  -26.419  -49.328  7.280 0.5000000000
31482  -27.279  -50.044  7.213 0.6000000238
32155  -31.142  -49.510  7.693 0.6999999881
107778  -31.863  -50.089  7.367 0.6999999881
32880  -23.930  -48.917  6.680 0.3000000119
111092  -28.818  -48.536  7.815 0.6000000238
120955  -33.286  -49.743  6.497 0.6999999881
33552  -26.246  -47.783  7.601 0.4000000060
32864  -26.940  -48.529  7.583 0.5000000000
111959  -27.921  -48.074  7.790 0.6000000238
32173  -33.828  -49.336  6.286 0.6999999881
32889  -34.492  -48.644  5.559 0.6999999881
33595  -34.012  -47.746  4.142 0.6999999881
114451  -26.430  -46.191  7.918 0.3000000119
33609  -33.331  -47.132  3.654 0.6999999881
34328  -29.429  -46.535  2.920 0.8000000119
112765  -30.091  -46.245  3.261 0.8000000119
34329  -31.024  -46.416  3.330 0.6999999881
110189  -31.548  -45.924  3.418 0.6999999881
119784  -32.644  -46.664  3.508 0.6999999881
35101  -28.305  -45.677  2.530 0.8000000119
112848  -29.825  -45.354  3.145 0.8000000119
36005  -26.111  -44.571  1.458 0.8000000119
35099  -26.639  -45.257  2.002 0.8000000119
35100  -27.303  -45.496  2.216 0.8000000119
36013  -25.966  -44.289  0.988 0.8000000119
123064  -26.849  -42.817  1.296 0.8000000119
35994  -28.084  -44.574  2.360 0.8000000119
37609  -28.671  -43.051  1.937 0.8000000119
36802  -30.784  -43.625  0.250 0.6999999881
36028  -29.648  -43.732  -0.120 0.6000000238
112200  -27.993  -42.001  -1.121 0.6999999881
116971  -29.464  -42.390  -0.544 0.6000000238
36814  -30.134  -42.968  -0.186 0.6000000238
32153  -29.425  -49.284  7.777 0.6000000238
110873  -27.920  -48.904  7.660 0.6000000238
32171  -32.129  -49.369  7.531 0.6999999881
32865  -29.812  -48.598  7.891 0.6000000238
32882  -32.437  -48.618  7.677 0.6999999881
110800  -33.020  -49.127  6.980 0.6999999881
33553  -27.193  -47.693  7.769 0.4000000060
113540  -29.436  -47.799  7.934 0.5000000000
32867  -31.550  -48.741  7.848 0.6999999881
32884  -33.787  -48.593  6.693 0.6999999881
113097  -28.633  -47.700  7.900 0.5000000000
108499  -34.347  -48.158  6.448 0.6999999881
32174  -34.423  -48.805  6.081 0.6999999881
112961  -26.841  -46.998  7.871 0.3000000119
113076  -27.500  -46.174  8.095 0.3000000119
34289  -27.960  -47.113  7.959 0.4000000060
33608  -32.401  -47.444  3.426 0.6999999881
33586  -34.857  -48.069  5.896 0.6999999881
33596  -34.576  -47.156  4.834 0.6999999881
34331  -33.375  -46.323  3.636 0.6999999881
34319  -34.731  -46.328  4.713 0.6999999881
34318  -34.208  -45.936  3.910 0.6999999881
110130  -32.417  -45.890  3.493 0.6999999881
35105  -33.372  -45.505  3.638 0.6999999881
35972  -26.866  -45.066  2.162 0.8000000119
109458  -32.592  -44.990  3.432 0.6999999881
35978  -33.428  -44.673  3.596 0.6999999881
35992  -26.253  -44.860  1.817 0.8000000119
35993  -27.193  -44.764  2.232 0.8000000119
35974  -28.868  -45.085  2.770 0.8000000119
116147  -29.618  -44.720  2.937 0.8000000119
35975  -30.341  -44.734  3.081 0.8000000119
35977  -31.955  -44.430  3.207 0.8000000119
36765  -33.000  -43.422  3.244 0.6999999881
36779  -26.234  -44.150  1.590 0.8000000119
35995  -29.063  -44.311  2.652 0.8000000119
36783  -30.242  -43.374  2.570 0.8000000119
36784  -31.201  -43.225  2.715 0.8000000119
36794  -25.993  -43.752  1.162 0.8000000119
110288  -26.039  -43.414  1.172 0.8000000119
113225  -27.596  -43.317  1.660 0.8000000119
36782  -29.345  -43.570  2.430 0.8000000119
118595  -26.249  -43.727  0.627 0.8000000119
37610  -29.640  -42.796  2.159 0.8000000119
38390  -30.807  -41.760  2.037 0.8000000119
37635  -25.959  -42.555  0.515 0.8000000119
38388  -28.972  -42.327  1.562 0.8000000119
36811  -26.211  -43.129  0.287 0.8000000119
36803  -31.836  -43.419  0.362 0.5000000000
37640  -26.075  -42.275  -0.208 0.8000000119
113403  -26.186  -41.701  -0.939 0.8000000119
36815  -31.257  -42.810  -0.066 0.6000000238
37642  -30.574  -42.244  -0.467 0.6000000238
111521  -30.222  -49.300  7.808 0.6999999881
115029  -31.111  -48.117  8.108 0.6999999881
33573  -31.917  -48.010  7.969 0.6999999881
34291  -30.007  -47.024  8.093 0.5000000000
113075  -28.504  -46.229  8.374 0.4000000060
113074  -29.406  -46.226  8.435 0.5000000000
109956  -28.065  -45.344  8.395 0.3000000119
35063  -28.982  -45.407  8.572 0.3000000119
112890  -30.263  -46.066  8.276 0.5000000000
34303  -34.159  -46.771  7.085 0.6999999881
33577  -35.134  -47.179  5.953 0.6999999881
35062  -27.110  -45.338  8.222 0.3000000119
35938  -29.614  -44.566  8.469 0.3000000119
34312  -35.196  -46.642  5.582 0.6999999881
35937  -28.597  -44.518  8.579 0.3000000119
35091  -34.844  -45.494  4.712 0.6999999881
35976  -31.168  -44.662  3.144 0.8000000119
35106  -34.188  -45.099  3.986 0.6999999881
35104  -31.736  -45.240  3.331 0.6999999881
121461  -32.724  -44.159  3.353 0.6999999881
119471  -33.448  -43.984  3.466 0.6999999881
36780  -27.099  -44.105  2.027 0.8000000119
35996  -29.902  -44.120  2.798 0.8000000119
106907  -31.443  -43.989  2.958 0.6999999881
36764  -32.100  -43.516  3.084 0.8000000119
36762  -26.510  -44.731  2.025 0.8000000119
37595  -32.606  -42.752  2.966 0.8000000119
108055  -26.544  -43.434  1.421 0.8000000119
37611  -30.545  -42.568  2.324 0.8000000119
37612  -31.386  -42.317  2.469 0.8000000119
37607  -26.067  -42.776  1.089 0.8000000119
37634  -25.829  -42.982  0.917 0.8000000119
37608  -27.850  -42.583  1.361 0.8000000119
38389  -29.928  -42.023  1.846 0.8000000119
38402  -30.223  -41.293  1.411 0.8000000119
38391  -31.684  -41.559  2.131 0.8000000119
108847  -25.772  -41.743  0.065 0.8000000119
37624  -26.003  -42.298  0.596 0.8000000119
38400  -28.123  -41.792  1.079 0.8000000119
38401  -29.278  -41.572  1.203 0.8000000119
38403  -31.114  -41.038  1.586 0.8000000119
33554  -30.314  -47.972  7.988 0.6000000238
121885  -30.737  -47.449  8.139 0.6000000238
34290  -29.008  -47.015  8.084 0.5000000000
33555  -31.434  -47.359  8.115 0.6000000238
34293  -31.743  -46.576  7.977 0.6999999881
33556  -32.260  -47.285  7.952 0.6999999881
34302  -33.447  -46.750  7.689 0.6999999881
34292  -30.881  -46.685  8.130 0.6000000238
34294  -32.625  -46.604  7.895 0.6999999881
114991  -33.018  -47.265  7.810 0.6999999881
114057  -33.110  -45.963  7.835 0.6999999881
35936  -27.668  -44.494  8.477 0.3000000119
36732  -30.784  -43.279  7.864 0.3000000119
35072  -34.476  -45.976  6.977 0.6999999881
34304  -34.933  -46.643  6.413 0.6999999881
38353  -27.928  -41.775  7.837 0.3000000119
37569  -28.623  -42.174  7.995 0.3000000119
36739  -29.389  -42.632  8.107 0.3000000119
36740  -30.177  -42.700  7.864 0.3000000119
39232  -27.580  -40.907  7.566 0.3000000119
37613  -32.210  -42.127  2.577 0.8000000119
38399  -26.691  -42.022  1.004 0.8000000119
107223  -27.389  -41.271  0.488 0.8000000119
39304  -28.507  -41.027  0.718 0.8000000119
39305  -29.500  -40.735  0.871 0.8000000119
39306  -30.450  -40.485  1.044 0.8000000119
114772  -25.697  -41.349  -0.315 0.8000000119
38422  -26.682  -40.742  -1.451 0.6999999881
35065  -32.207  -45.844  7.919 0.6000000238
113506  -33.821  -46.149  7.577 0.6999999881
35939  -30.533  -44.264  7.983 0.4000000060
35943  -32.423  -44.475  8.102 0.6000000238
35071  -33.915  -45.330  7.840 0.6999999881
36733  -32.599  -43.703  7.984 0.4000000060
112277  -34.885  -45.163  6.910 0.6999999881
35073  -35.344  -45.887  6.283 0.6999999881
35083  -35.638  -45.879  5.882 0.6999999881
38355  -30.902  -41.540  7.943 0.3000000119
36734  -32.878  -42.915  7.804 0.4000000060
109686  -34.330  -44.370  7.717 0.6000000238
35956  -35.594  -44.065  6.209 0.6999999881
35092  -35.601  -45.052  5.548 0.6999999881
35964  -34.998  -44.707  4.561 0.6999999881
36749  -35.990  -43.306  5.282 0.6999999881
36758  -35.200  -43.995  4.251 0.6999999881
36767  -34.873  -43.405  3.760 0.6999999881
37594  -31.891  -42.768  2.811 0.8000000119
116296  -32.665  -41.423  2.109 0.8000000119
39307  -31.462  -40.276  1.014 0.8000000119
39317  -25.643  -40.244  0.067 0.8000000119
109103  -27.823  -40.638  0.307 0.8000000119
40252  -29.580  -39.815  0.570 0.8000000119
121981  -28.473  -40.062  0.348 0.8000000119
112915  -29.630  -41.686  -0.875 0.6000000238
38421  -25.492  -40.659  -0.585 0.8000000119
39329  -28.101  -40.136  -1.767 0.6000000238
39328  -26.618  -39.558  -1.536 0.6999999881
118205  -27.376  -39.413  -1.895 0.6999999881
35064  -31.179  -45.748  7.972 0.6000000238
35069  -31.853  -45.031  7.945 0.6000000238
35070  -32.833  -45.179  8.117 0.6000000238
114903  -31.838  -42.841  8.142 0.3000000119
37565  -31.556  -41.980  8.046 0.3000000119
36741  -33.640  -43.568  8.020 0.5000000000
37572  -33.206  -42.357  7.395 0.5000000000
39249  -29.924  -40.281  6.803 0.3000000119
38356  -31.676  -41.356  7.347 0.3000000119
37577  -35.411  -42.617  6.401 0.4000000060
35957  -35.792  -44.150  5.725 0.6999999881
40192  -29.830  -39.438  6.468 0.3000000119
37598  -35.369  -42.501  3.917 0.6000000238
37587  -36.112  -42.502  4.804 0.6000000238
37597  -34.390  -42.746  3.307 0.8000000119
38371  -36.007  -41.755  4.380 0.6000000238
37596  -33.461  -42.770  3.086 0.8000000119
38379  -34.762  -42.050  3.128 0.6999999881
38380  -35.412  -41.755  3.610 0.6999999881
37614  -33.168  -42.074  2.633 0.8000000119
108717  -34.114  -41.618  2.481 0.6999999881
38392  -35.175  -41.316  2.965 0.6999999881
38404  -32.020  -40.913  1.599 0.8000000119
122405  -33.361  -41.545  2.247 0.8000000119
39291  -33.591  -40.987  1.840 0.6999999881
39292  -34.664  -40.761  2.206 0.6999999881
39308  -32.463  -40.367  1.016 0.8000000119
38405  -32.811  -40.838  1.535 0.8000000119
39310  -34.120  -40.087  1.666 0.6999999881
38416  -26.168  -41.370  0.108 0.8000000119
40251  -27.365  -40.010  0.191 0.8000000119
41075  -27.377  -39.207  0.135 0.8000000119
41077  -29.684  -39.009  0.224 0.8000000119
116828  -31.349  -39.557  0.617 0.8000000119
38420  -25.465  -40.793  -0.085 0.8000000119
41074  -26.646  -39.478  0.118 0.8000000119
41078  -30.776  -39.045  0.197 0.8000000119
39326  -25.312  -39.961  -0.117 0.8000000119
40269  -25.835  -39.405  -0.242 0.8000000119
40270  -26.242  -39.078  -0.954 0.6999999881
117884  -29.831  -40.853  -1.275 0.6000000238
39343  -29.772  -40.000  -1.698 0.6000000238
39327  -25.587  -39.729  -0.852 0.8000000119
40271  -26.894  -38.828  -1.706 0.6999999881
36742  -34.517  -43.526  7.408 0.5000000000
35945  -35.047  -44.261  6.781 0.5000000000
37573  -33.848  -42.208  6.939 0.4000000060
37574  -34.566  -42.777  6.893 0.5000000000
36748  -35.750  -43.325  5.986 0.6000000238
39252  -32.146  -40.777  6.704 0.3000000119
40195  -31.810  -40.079  6.436 0.3000000119
39253  -33.121  -40.850  6.665 0.3000000119
37578  -35.895  -42.280  5.578 0.6000000238
40203  -29.768  -38.652  6.072 0.3000000119
40205  -31.361  -39.308  6.366 0.3000000119
39262  -34.136  -40.606  6.458 0.3000000119
105707  -35.780  -41.224  3.733 0.6999999881
39293  -35.582  -40.441  2.849 0.6999999881
41079  -31.804  -38.997  0.296 0.8000000119
40255  -32.905  -39.696  0.770 0.6999999881
40256  -33.707  -39.483  1.085 0.6999999881
123302  -32.505  -39.189  0.566 0.6999999881
41093  -32.050  -38.192  -0.107 0.6999999881
41076  -28.352  -38.901  0.159 0.8000000119
41090  -28.641  -38.187  -0.183 0.6999999881
41091  -29.876  -38.326  -0.166 0.8000000119
41092  -31.025  -38.343  -0.215 0.6000000238
38432  -31.471  -40.801  -1.308 0.6000000238
41100  -26.544  -38.789  -0.442 0.6999999881
41102  -27.355  -37.664  -1.522 0.6999999881
41864  -27.093  -38.070  -0.667 0.6999999881
40272  -28.048  -39.122  -2.121 0.6999999881
40284  -29.568  -39.082  -2.157 0.6999999881
41101  -26.860  -38.432  -1.250 0.6999999881
42690  -29.928  -35.186  -3.489 0.5000000000
116696  -29.358  -36.115  -3.254 0.5000000000
38368  -36.133  -41.429  5.318 0.6000000238
37579  -36.383  -41.675  4.996 0.6000000238
38369  -36.424  -41.040  5.078 0.6000000238
39283  -36.356  -40.101  4.392 0.6000000238
124442  -35.648  -40.930  3.276 0.6999999881
40231  -36.153  -39.868  3.543 0.6999999881
40241  -35.030  -39.842  2.128 0.6999999881
42606  -28.159  -36.713  5.080 0.3000000119
40257  -34.462  -39.215  1.611 0.6999999881
40242  -35.801  -39.490  2.791 0.6999999881
41068  -35.217  -38.951  2.207 0.6999999881
41080  -33.133  -38.934  0.685 0.6999999881
41081  -33.981  -38.535  0.983 0.6000000238
122099  -32.550  -38.694  0.378 0.6999999881
41089  -27.107  -38.531  -0.034 0.6999999881
120191  -27.684  -38.134  -0.289 0.6999999881
41865  -29.989  -37.672  -0.695 0.6999999881
41874  -27.771  -37.488  -0.830 0.6999999881
39344  -30.985  -39.944  -1.626 0.5000000000
40283  -27.231  -38.059  -2.215 0.6999999881
41103  -27.691  -37.314  -2.301 0.6999999881
113585  -28.229  -37.177  -2.752 0.6999999881
41135  -29.103  -37.497  -2.986 0.6000000238
39264  -35.985  -40.748  5.439 0.5000000000
39272  -35.379  -39.344  5.523 0.4000000060
39273  -36.007  -39.883  5.272 0.5000000000
39274  -36.400  -40.387  5.020 0.6000000238
40218  -36.016  -38.991  5.148 0.5000000000
40219  -36.271  -39.568  4.851 0.6000000238
41062  -36.315  -39.044  3.594 0.6000000238
42617  -27.744  -36.197  4.555 0.3000000119
42607  -28.860  -36.703  5.251 0.3000000119
41082  -34.779  -38.429  1.668 0.6000000238
41855  -33.823  -37.678  0.759 0.6000000238
119475  -28.932  -37.716  -0.633 0.6999999881
41866  -31.120  -37.503  -0.433 0.6000000238
42650  -30.030  -36.930  -1.222 0.6999999881
41875  -27.883  -36.976  -1.661 0.6999999881
40300  -31.434  -38.809  -2.436 0.5000000000
41118  -30.036  -38.458  -2.510 0.6000000238
41137  -31.705  -37.921  -2.755 0.5000000000
41886  -28.288  -36.835  -2.412 0.6000000238
41901  -29.969  -36.995  -3.261 0.5000000000
41900  -28.759  -36.740  -2.976 0.5000000000
41902  -31.421  -36.801  -3.292 0.5000000000
111024  -30.223  -35.873  -3.512 0.5000000000
42691  -30.395  -34.846  -4.017 0.5000000000
106336  -35.394  -38.582  5.373 0.4000000060
41054  -32.656  -37.887  5.524 0.4000000060
41058  -36.274  -38.700  4.519 0.6000000238
42618  -28.448  -36.342  4.790 0.3000000119
42620  -30.005  -36.064  4.985 0.3000000119
111933  -30.946  -36.084  4.812 0.3000000119
41069  -36.009  -38.641  2.850 0.6000000238
43570  -29.298  -34.764  4.155 0.3000000119
121226  -35.104  -37.801  1.829 0.6000000238
41867  -32.266  -37.211  -0.231 0.6000000238
41868  -33.329  -37.087  0.267 0.6000000238
42651  -31.186  -36.581  -0.722 0.6000000238
108805  -32.007  -36.340  -0.435 0.6000000238
42649  -28.553  -36.993  -1.171 0.6999999881
42661  -28.791  -36.425  -1.943 0.6999999881
43639  -30.064  -34.345  -4.261 0.5000000000
109552  -33.992  -37.802  5.482 0.4000000060
41057  -35.857  -38.056  5.061 0.4000000060
41056  -34.824  -37.876  5.327 0.4000000060
41843  -34.054  -37.147  5.209 0.4000000060
41845  -36.232  -37.843  4.426 0.4000000060
41063  -36.408  -38.068  3.723 0.4000000060
112774  -29.371  -35.588  4.520 0.3000000119
116583  -30.050  -34.968  4.420 0.3000000119
122660  -36.081  -37.952  2.887 0.4000000060
44508  -30.151  -34.339  3.959 0.3000000119
43558  -31.691  -35.671  4.536 0.4000000060
41857  -35.234  -37.027  1.606 0.5000000000
41850  -35.442  -38.209  2.294 0.6000000238
41856  -34.544  -37.765  1.220 0.5000000000
42640  -34.221  -36.962  0.846 0.5000000000
106389  -32.778  -36.501  -0.218 0.6000000238
43596  -34.644  -35.347  0.703 0.5000000000
42662  -31.525  -35.884  -0.894 0.6000000238
43610  -32.136  -35.201  -1.101 0.6000000238
43608  -30.086  -35.237  -2.646 0.6000000238
43609  -30.929  -35.211  -1.722 0.6000000238
107458  -29.418  -35.806  -2.554 0.5000000000
42675  -29.140  -36.134  -2.853 0.5000000000
43624  -29.840  -35.271  -3.226 0.5000000000
44572  -29.993  -34.425  -3.890 0.5000000000
125249  -30.508  -33.814  -4.765 0.5000000000
43653  -30.427  -34.102  -4.653 0.5000000000
41844  -35.048  -37.237  4.967 0.4000000060
121310  -35.909  -37.361  4.617 0.4000000060
42624  -34.059  -36.464  4.871 0.4000000060
41848  -36.360  -37.131  4.112 0.4000000060
116172  -36.313  -36.660  3.624 0.4000000060
42642  -35.604  -36.207  1.858 0.4000000060
42634  -36.040  -36.600  2.677 0.5000000000
44507  -29.325  -34.066  3.591 0.3000000119
42641  -34.876  -36.200  1.029 0.4000000060
42653  -33.649  -36.039  0.144 0.5000000000
42652  -32.481  -35.862  -0.446 0.6000000238
44547  -33.006  -34.654  -0.793 0.5000000000
43611  -33.039  -35.371  -0.487 0.5000000000
103959  -31.283  -34.561  -1.867 0.6000000238
44545  -30.368  -34.444  -2.771 0.6000000238
44558  -30.010  -34.592  -3.391 0.5000000000
44579  -30.173  -33.833  -4.491 0.5000000000
43654  -31.135  -33.892  -4.707 0.5000000000
47972  -28.303  -30.801  2.281 0.3000000119
47112  -29.832  -31.308  2.640 0.4000000060
47974  -30.246  -30.567  2.257 0.4000000060
44546  -32.117  -34.263  -1.512 0.5000000000
47996  -28.485  -30.162  1.916 0.4000000060
106033  -33.898  -33.003  -0.947 0.5000000000
45484  -34.069  -33.629  -0.483 0.5000000000
44560  -30.939  -33.753  -2.886 0.5000000000
45483  -33.084  -33.756  -1.033 0.5000000000
44559  -29.989  -33.870  -3.750 0.5000000000
45505  -31.396  -33.054  -3.713 0.6000000238
44581  -32.234  -33.369  -4.266 0.5000000000
44580  -30.887  -33.435  -4.564 0.6000000238
45511  -31.201  -32.940  -4.398 0.5000000000
45512  -32.018  -32.546  -4.143 0.6000000238
109590  -33.186  -32.923  -4.436 0.4000000060
48866  -29.867  -29.962  1.735 0.4000000060
47975  -31.643  -30.723  2.830 0.4000000060
45482  -32.177  -33.458  -2.263 0.5000000000
46327  -32.419  -32.718  -2.978 0.5000000000
46328  -33.223  -32.272  -2.482 0.5000000000
44573  -30.426  -33.246  -4.186 0.5000000000
46334  -31.897  -32.499  -4.480 0.5000000000
121596  -33.019  -32.230  -4.386 0.4000000060
46340  -32.816  -32.258  -4.217 0.5000000000
48868  -31.670  -29.890  2.434 0.4000000060
48884  -29.520  -29.149  1.510 0.4000000060
46313  -33.102  -32.950  -1.819 0.5000000000
46315  -34.683  -32.276  -0.718 0.4000000060
46335  -32.925  -32.277  -3.651 0.4000000060
47171  -33.453  -31.925  -4.290 0.4000000060
106789  -33.476  -31.927  -4.418 0.5000000000
46314  -33.836  -32.270  -1.578 0.4000000060
47172  -34.129  -31.638  -4.267 0.5000000000
48039  -34.793  -31.103  -4.071 0.4000000060
47166  -33.547  -31.793  -3.100 0.4000000060
48041  -36.571  -30.530  -4.403 0.4000000060
47167  -34.069  -31.433  -3.552 0.4000000060
48030  -35.056  -30.235  -2.511 0.4000000060
48053  -36.432  -30.274  -4.963 0.4000000060
48042  -37.242  -30.034  -3.734 0.4000000060
48029  -34.478  -30.749  -3.061 0.4000000060
48040  -35.259  -30.475  -3.697 0.3000000119
48954  -35.726  -30.123  -4.674 0.4000000060
48941  -35.378  -29.776  -3.240 0.4000000060
48955  -36.241  -29.560  -5.011 0.4000000060
48942  -37.429  -29.380  -4.050 0.4000000060
49799  -36.540  -28.896  -4.775 0.5000000000
49787  -35.724  -29.294  -4.099 0.4000000060
115885  -36.055  -28.884  -4.507 0.4000000060
25732  -31.369  -58.763  4.365 0.6999999881
112524  -23.163  -64.235  7.247 0.6000000238
24920  -22.091  -59.163  5.648 0.4000000060
27176  -23.205  -56.122  5.371 0.5000000000
30084  -26.495  -52.588  6.887 0.6000000238
31505  -23.489  -51.147  5.004 0.5000000000
30814  -25.381  -51.455  6.730 0.6000000238
118598  -30.492  -50.720  7.614 0.6999999881
121060  -30.562  -46.951  3.203 0.6999999881
32866  -30.712  -48.719  7.914 0.6999999881
35979  -34.332  -44.223  3.770 0.6999999881
36766  -33.890  -43.428  3.412 0.6999999881
35965  -35.701  -44.119  4.955 0.6999999881
36759  -35.639  -43.327  4.496 0.6000000238
108887  -31.085  -44.868  7.949 0.6000000238
39263  -35.385  -40.159  5.724 0.4000000060
42625  -35.533  -36.596  4.511 0.4000000060
24996  -25.220  -59.350  0.015 0.5000000000
25783  -25.228  -58.641  -0.092 0.5000000000
24179  -26.507  -60.736  1.585 0.6999999881
27956  -27.050  -55.411  -0.624 0.5000000000
20857  -24.474  -64.874  7.502 0.5000000000
113233  -26.497  -54.750  -0.287 0.6999999881
25760  -30.166  -58.427  2.902 0.6999999881
27930  -27.221  -55.853  2.019 0.6999999881
118809  -27.276  -52.609  -0.666 0.6999999881
30162  -29.073  -51.994  -1.168 0.5000000000
31554  -28.954  -50.489  -1.080 0.5000000000
114782  -25.159  -61.187  7.811 0.6000000238
104044  -30.392  -56.116  2.313 0.6999999881
124917  -30.899  -56.288  2.619 0.6999999881
115644  -30.498  -51.587  -0.167 0.4000000060
26440  -31.495  -57.125  6.139 0.8000000119
124255  -24.109  -60.401  7.523 0.6000000238
30879  -25.886  -51.333  0.867 0.8000000119
106339  -27.753  -58.022  7.431 0.6999999881
22560  -21.834  -62.833  5.936 0.5000000000
31555  -29.556  -50.191  -0.613 0.5000000000
30128  -29.693  -52.947  2.392 0.8000000119
32946  -27.891  -49.178  -0.704 0.6999999881
107280  -24.246  -58.158  6.936 0.6000000238
32207  -27.242  -49.792  1.566 0.8000000119
32948  -29.921  -48.188  -0.027 0.6000000238
32937  -31.652  -48.740  0.285 0.4000000060
24936  -21.452  -59.425  4.757 0.3000000119
24907  -23.199  -59.215  6.808 0.5000000000
24906  -22.567  -59.638  6.337 0.5000000000
109041  -22.295  -60.904  5.895 0.5000000000
32936  -25.861  -48.358  0.590 0.8000000119
112452  -28.194  -55.007  6.930 0.6000000238
27160  -25.396  -56.534  6.833 0.5000000000
24921  -22.590  -58.969  6.257 0.4000000060
25704  -23.548  -58.072  6.535 0.5000000000
34364  -31.863  -46.660  0.529 0.4000000060
114247  -27.167  -55.112  6.788 0.6000000238
125316  -22.456  -56.092  4.776 0.5000000000
106873  -23.527  -56.799  5.988 0.5000000000
27884  -25.692  -55.703  6.711 0.5000000000
28636  -27.559  -54.270  6.812 0.6000000238
28668  -22.914  -53.725  4.524 0.5000000000
28652  -23.852  -54.557  5.141 0.6000000238
27898  -23.571  -55.368  5.304 0.5000000000
29383  -23.974  -53.611  5.068 0.6000000238
27189  -22.647  -55.461  4.761 0.5000000000
28634  -26.037  -54.840  6.645 0.5000000000
30106  -21.131  -52.231  3.775 0.6000000238
30107  -21.478  -52.033  3.660 0.6000000238
28654  -25.208  -54.137  6.439 0.6000000238
30082  -22.537  -51.805  6.492 0.4000000060
31496  -33.545  -50.683  5.835 0.6999999881
29384  -24.705  -53.291  5.889 0.6000000238
123597  -25.368  -53.406  6.466 0.6000000238
31495  -23.667  -50.671  5.609 0.4000000060
31481  -25.066  -50.658  6.894 0.5000000000
31507  -33.504  -50.040  5.154 0.6999999881
32169  -24.788  -49.782  6.998 0.5000000000
30818  -29.543  -51.661  7.379 0.6999999881
123825  -26.825  -51.492  7.025 0.6999999881
31483  -27.952  -50.885  7.152 0.6999999881
32881  -24.133  -48.776  6.814 0.4000000060
36015  -27.912  -44.542  0.065 0.8000000119
31472  -28.324  -50.151  7.385 0.6000000238
119318  -26.106  -51.071  6.931 0.6000000238
115751  -25.301  -47.868  7.439 0.3000000119
106425  -33.239  -47.846  3.666 0.6999999881
33585  -34.522  -47.976  5.114 0.6999999881
107880  -25.745  -47.081  7.658 0.3000000119
36026  -27.043  -43.818  0.125 0.8000000119
37641  -27.105  -42.506  -0.679 0.8000000119
32151  -27.298  -49.284  7.461 0.6000000238
121407  -29.860  -49.779  7.712 0.6999999881
35103  -30.808  -45.507  3.308 0.8000000119
36801  -25.924  -43.331  0.821 0.8000000119
36812  -27.128  -43.154  -0.302 0.8000000119
32883  -33.200  -48.413  7.372 0.6999999881
33576  -34.591  -47.448  6.478 0.6999999881
119928  -34.924  -47.446  5.540 0.6999999881
108589  -34.137  -46.781  3.955 0.6999999881
36763  -30.736  -44.039  2.827 0.8000000119
33575  -33.738  -47.694  7.263 0.6999999881
124828  -29.721  -45.497  8.491 0.4000000060
34305  -35.422  -46.479  6.005 0.6999999881
125341  -35.317  -45.914  5.411 0.6999999881
109300  -28.179  -43.691  8.627 0.3000000119
37564  -30.926  -42.215  8.136 0.3000000119
37571  -30.055  -41.690  8.174 0.3000000119
35944  -33.296  -44.430  8.076 0.6000000238
35946  -35.680  -44.990  6.168 0.6999999881
40254  -32.091  -39.695  0.695 0.8000000119
40253  -30.578  -39.691  0.691 0.8000000119
35940  -31.571  -44.064  7.947 0.5000000000
38357  -32.405  -42.068  7.618 0.3000000119
109735  -33.791  -42.865  7.498 0.5000000000
36743  -35.217  -43.433  6.615 0.5000000000
40193  -30.572  -39.737  6.574 0.3000000119
39251  -31.379  -40.642  6.797 0.3000000119
114620  -35.416  -41.869  6.297 0.5000000000
123520  -33.955  -42.253  2.914 0.8000000119
38372  -36.371  -40.946  4.602 0.6000000238
39309  -33.315  -40.302  1.222 0.6999999881
41117  -28.287  -37.921  -2.718 0.6999999881
114174  -32.463  -41.408  6.937 0.3000000119
40194  -31.146  -40.032  6.605 0.3000000119
38364  -33.985  -41.404  6.783 0.3000000119
40204  -30.535  -38.949  6.286 0.3000000119
113354  -31.866  -38.828  5.856 0.3000000119
39282  -36.041  -40.593  3.698 0.6000000238
40232  -36.374  -39.437  4.219 0.6000000238
41094  -33.063  -38.055  0.382 0.6000000238
104679  -31.184  -39.489  -2.040 0.5000000000
104112  -30.232  -35.971  -1.637 0.6000000238
41136  -30.433  -37.961  -2.872 0.6000000238
42692  -31.403  -35.707  -3.553 0.4000000060
40217  -34.442  -38.690  5.610 0.4000000060
41841  -32.265  -37.258  5.354 0.4000000060
43569  -28.527  -35.210  4.125 0.3000000119
120849  -35.707  -37.481  2.401 0.5000000000
43571  -31.109  -34.793  4.298 0.4000000060
42626  -36.215  -36.393  4.075 0.4000000060
119015  -35.616  -35.486  1.587 0.4000000060
44537  -33.761  -35.004  -0.081 0.5000000000
47111  -28.896  -31.339  2.597 0.3000000119
108498  -30.799  -31.054  2.738 0.4000000060
116543  -31.026  -30.443  2.443 0.4000000060
48956  -36.868  -29.797  -4.882 0.4000000060
21722  -30.035  -62.936  4.564 0.5000000000
22602  -29.354  -62.661  2.623 0.5000000000
20874  -28.745  -64.320  5.875 0.4000000060
21711  -29.352  -63.389  5.478 0.5000000000
20875  -29.763  -64.385  5.557 0.5000000000
22590  -29.417  -62.355  3.757 0.6000000238
22589  -29.000  -62.050  3.038 0.6000000238
21710  -28.303  -63.586  5.938 0.5000000000
113597  -28.796  -62.908  5.686 0.5000000000
21721  -29.212  -62.531  4.948 0.5000000000
20873  -27.864  -64.419  6.184 0.5000000000
22574  -28.975  -62.106  4.244 0.6000000238
23376  -29.077  -61.594  3.439 0.6000000238
23388  -28.504  -61.160  2.291 0.6000000238
23389  -28.716  -60.632  2.607 0.6000000238
24180  -27.586  -60.483  2.011 0.6000000238
113897  -26.613  -60.101  1.687 0.6000000238
22561  -28.124  -63.000  6.052 0.5000000000
21697  -27.463  -63.677  6.517 0.5000000000
125019  -29.099  -61.132  3.147 0.6000000238
20859  -26.300  -64.685  6.941 0.5000000000
112357  -26.663  -63.963  6.983 0.5000000000
24965  -28.318  -59.874  2.355 0.6000000238
24963  -26.124  -59.459  1.491 0.6000000238
22562  -28.937  -62.482  5.500 0.5000000000
23366  -28.952  -61.907  4.793 0.5000000000
22550  -27.449  -62.726  6.728 0.5000000000
23355  -28.268  -62.558  6.211 0.5000000000
103989  -29.177  -61.213  4.261 0.6000000238
21696  -26.804  -63.283  7.040 0.5000000000
24168  -29.265  -60.809  3.346 0.6000000238
21695  -25.898  -63.944  7.381 0.5000000000
21672  -26.166  -63.075  7.490 0.5000000000
24964  -27.242  -59.489  1.960 0.6000000238
24154  -29.559  -60.887  5.284 0.5000000000
106518  -29.244  -61.547  5.555 0.6000000238
23339  -27.945  -61.874  6.727 0.5000000000
24938  -29.876  -60.553  4.002 0.6000000238
25757  -27.447  -58.704  2.074 0.6000000238
109060  -28.095  -61.050  7.037 0.5000000000
117656  -28.825  -61.444  6.509 0.5000000000
24141  -29.433  -60.973  6.318 0.5000000000
24155  -30.034  -60.410  5.256 0.6000000238
23338  -27.112  -62.018  7.337 0.5000000000
22549  -26.357  -62.218  7.644 0.6000000238
24128  -28.639  -60.457  6.918 0.6000000238
24142  -29.906  -60.460  6.148 0.5000000000
24939  -30.418  -59.951  4.739 0.6000000238
23323  -27.433  -61.216  7.450 0.6000000238
22526  -24.715  -62.676  7.729 0.5000000000
23322  -26.602  -61.392  7.722 0.6000000238
20834  -23.929  -64.014  7.597 0.4000000060
24127  -27.733  -60.412  7.437 0.6000000238
24911  -29.776  -59.712  6.503 0.6000000238
24129  -29.361  -60.246  6.569 0.5000000000
24922  -30.340  -59.889  5.861 0.6000000238
25731  -30.878  -59.469  4.086 0.6000000238
38423  -28.456  -41.177  -1.512 0.5000000000
118662  -28.129  -38.500  -2.455 0.5000000000
49800  -37.266  -28.768  -4.478 0.4000000060
49801  -37.653  -28.146  -4.266 0.3000000119
50677  -38.143  -27.327  -3.914 0.3000000119
51504  -38.459  -26.727  -3.534 0.3000000119
104384  -28.509  -65.752  5.643 0.4000000060
20127  -30.014  -65.288  5.457 0.5000000000
20886  -30.381  -63.811  5.037 0.5000000000
22601  -28.651  -62.259  1.928 0.5000000000
106908  -28.247  -65.103  6.023 0.4000000060
22588  -28.782  -61.638  2.417 0.6000000238
22600  -28.019  -61.669  1.784 0.5000000000
23387  -27.280  -61.201  1.718 0.5000000000
20125  -27.513  -65.696  5.795 0.4000000060
20860  -27.096  -64.537  6.578 0.5000000000
20106  -25.852  -65.504  6.656 0.5000000000
103473  -24.987  -65.414  7.108 0.4000000060
19365  -23.421  -66.492  6.683 0.4000000060
33643  -31.744  -47.948  0.316 0.4000000060
33655  -30.984  -48.055  -0.012 0.4000000060
38424  -31.079  -41.457  -0.868 0.5000000000
38367  -35.631  -41.385  5.867 0.4000000060
50690  -37.736  -27.519  -4.504 0.3000000119
52396  -38.323  -26.109  -4.671 0.3000000119
20835  -24.940  -64.081  7.597 0.5000000000
22527  -25.556  -62.467  7.756 0.6000000238
20858  -25.421  -64.790  7.304 0.4000000060
21733  -30.157  -63.028  3.370 0.6000000238
20126  -29.155  -65.094  5.800 0.4000000060
121419  -27.531  -65.050  6.270 0.5000000000
23340  -28.905  -62.172  5.968 0.5000000000
118620  -26.780  -62.674  7.287 0.5000000000
50701  -37.431  -27.847  -4.456 0.4000000060
20107  -26.817  -65.241  6.398 0.4000000060
112946  -21.808  -56.379  4.195 0.4000000060
26470  -21.935  -57.449  4.717 0.3000000119
27911  -21.954  -54.800  3.881 0.4000000060
27188  -21.828  -55.558  3.942 0.4000000060
28650  -20.377  -54.345  4.302 0.4000000060
29392  -20.566  -53.606  3.410 0.4000000060
27923  -21.082  -54.155  3.245 0.4000000060
27158  -20.833  -55.942  6.144 0.3000000119
27896  -20.120  -55.193  4.959 0.3000000119
27882  -21.262  -55.215  6.376 0.4000000060
29405  -20.858  -53.073  3.256 0.4000000060
117791  -20.885  -55.335  5.734 0.4000000060
28633  -21.660  -54.475  6.251 0.4000000060
29382  -21.594  -53.003  5.156 0.4000000060
29381  -20.924  -52.824  4.189 0.5000000000
29362  -22.038  -53.648  6.127 0.4000000060
37576  -34.725  -41.994  6.717 0.3000000119
38363  -33.137  -41.757  6.931 0.3000000119
38366  -34.937  -41.147  6.527 0.3000000119
40207  -33.424  -39.167  5.826 0.3000000119
41055  -33.411  -38.254  5.625 0.3000000119
41842  -33.253  -37.333  5.354 0.3000000119
42621  -31.728  -36.529  5.007 0.3000000119
44548  -33.843  -34.258  -0.309 0.3000000119
47144  -33.793  -31.768  -2.173 0.3000000119
42623  -33.574  -36.334  5.618 0.3000000119
42628  -33.785  -35.770  5.409 0.3000000119
121773  -32.494  -36.079  4.715 0.3000000119
42622  -32.854  -36.646  4.973 0.3000000119
43560  -33.460  -35.736  5.413 0.3000000119
124062  -33.804  -35.193  5.361 0.3000000119
43574  -33.995  -35.281  4.607 0.3000000119
43575  -35.162  -35.159  4.213 0.3000000119
42630  -35.772  -35.846  4.150 0.3000000119
42631  -36.207  -36.012  3.540 0.3000000119
43572  -32.346  -34.841  4.394 0.3000000119
43559  -32.725  -35.474  4.549 0.3000000119
112410  -31.082  -33.949  3.758 0.3000000119
114045  -31.022  -33.096  3.561 0.3000000119
43589  -35.503  -34.852  1.175 0.3000000119
44530  -35.637  -34.136  1.208 0.3000000119
47973  -29.223  -30.518  2.251 0.3000000119
44538  -34.660  -34.575  0.435 0.3000000119
45473  -34.861  -33.910  0.133 0.3000000119
117314  -28.811  -28.975  1.519 0.3000000119
47156  -34.104  -31.266  -2.523 0.3000000119
43573  -33.733  -34.769  4.574 0.3000000119
43576  -35.841  -35.252  3.505 0.3000000119
43582  -36.031  -35.671  2.581 0.3000000119
44509  -32.119  -34.090  4.160 0.3000000119
44510  -32.986  -33.681  5.217 0.3000000119
44511  -33.457  -34.076  5.522 0.3000000119
114352  -33.471  -34.133  5.052 0.3000000119
44513  -35.450  -34.468  3.720 0.3000000119
44524  -35.986  -34.626  2.423 0.3000000119
45440  -32.665  -33.297  5.084 0.3000000119
45441  -33.048  -33.658  5.133 0.3000000119
46267  -30.199  -32.681  3.209 0.3000000119
45439  -31.875  -33.370  3.903 0.3000000119
48867  -30.715  -29.942  1.976 0.3000000119
48886  -31.215  -29.221  1.887 0.3000000119
46304  -34.852  -33.099  -0.207 0.3000000119
48885  -30.339  -29.291  1.560 0.3000000119
47145  -34.571  -31.487  -1.488 0.3000000119
48018  -34.734  -30.736  -2.031 0.3000000119
44512  -34.300  -34.584  4.404 0.3000000119
45442  -34.544  -33.784  4.054 0.3000000119
45443  -35.819  -33.737  3.180 0.3000000119
106654  -32.487  -32.866  3.824 0.3000000119
46269  -33.111  -32.854  4.742 0.3000000119
119376  -33.446  -33.498  4.670 0.3000000119
46268  -31.693  -32.707  3.685 0.3000000119
46284  -32.022  -32.040  3.570 0.3000000119
46285  -32.951  -32.064  3.644 0.3000000119
106743  -36.093  -33.592  2.162 0.3000000119
46298  -36.068  -32.282  1.439 0.3000000119
45466  -36.198  -32.886  2.038 0.3000000119
45474  -35.722  -33.179  1.024 0.3000000119
48887  -32.128  -29.098  2.200 0.3000000119
46305  -35.510  -32.313  0.334 0.3000000119
49718  -31.668  -28.487  1.711 0.3000000119
47146  -35.381  -31.539  -0.295 0.3000000119
108414  -35.413  -30.845  -0.971 0.3000000119
45457  -35.319  -33.040  3.364 0.3000000119
46286  -33.877  -32.161  3.578 0.3000000119
46287  -35.034  -32.197  3.359 0.3000000119
45458  -35.979  -33.079  2.736 0.3000000119
47114  -32.459  -31.178  3.278 0.3000000119
47976  -32.459  -30.308  2.810 0.3000000119
47115  -33.624  -31.238  3.275 0.3000000119
49719  -32.593  -28.453  1.892 0.3000000119
49720  -33.543  -28.466  1.928 0.3000000119
47136  -35.970  -31.573  0.811 0.3000000119
50602  -32.132  -27.794  1.484 0.3000000119
114134  -35.793  -30.874  0.285 0.3000000119
47117  -35.508  -31.447  2.698 0.3000000119
46288  -35.911  -32.306  2.603 0.3000000119
112733  -33.162  -30.619  2.979 0.3000000119
47977  -34.018  -30.526  2.844 0.3000000119
47097  -34.331  -30.971  2.968 0.3000000119
48869  -33.397  -29.835  2.695 0.3000000119
48888  -34.068  -29.090  2.347 0.3000000119
116082  -36.046  -31.018  1.203 0.3000000119
50624  -32.641  -27.212  1.211 0.3000000119
107535  -33.052  -29.039  2.380 0.3000000119
50603  -33.039  -27.816  1.645 0.3000000119
122186  -33.950  -27.793  1.665 0.3000000119
48009  -35.645  -30.092  -0.231 0.3000000119
48019  -35.364  -30.191  -1.470 0.3000000119
48929  -35.438  -29.644  -1.953 0.3000000119
47130  -36.006  -31.559  1.792 0.3000000119
47997  -34.520  -29.869  2.480 0.3000000119
47978  -34.976  -30.687  2.659 0.3000000119
47979  -35.776  -30.820  1.925 0.3000000119
47998  -35.384  -30.033  1.931 0.3000000119
47999  -35.974  -30.259  1.044 0.3000000119
115352  -34.522  -28.488  1.823 0.3000000119
124395  -33.417  -27.296  1.409 0.3000000119
50625  -34.230  -27.036  1.270 0.3000000119
48889  -35.050  -29.216  1.970 0.3000000119
48904  -36.015  -29.494  0.492 0.3000000119
48917  -35.734  -29.589  -0.748 0.3000000119
49755  -35.933  -29.072  -1.270 0.3000000119
49788  -35.884  -28.527  -3.647 0.3000000119
124983  -35.908  -28.555  -2.682 0.3000000119
49773  -35.649  -29.033  -2.659 0.3000000119
114521  -33.251  -26.745  0.937 0.3000000119
48890  -35.906  -29.313  1.300 0.3000000119
51463  -33.895  -26.372  0.800 0.3000000119
50604  -34.941  -27.809  1.483 0.3000000119
49721  -35.497  -28.571  1.471 0.3000000119
49740  -36.332  -28.439  0.371 0.3000000119
48905  -36.088  -29.022  -0.100 0.3000000119
49756  -36.353  -28.423  -0.564 0.3000000119
109880  -36.132  -28.514  -1.771 0.3000000119
49774  -36.168  -28.082  -2.596 0.3000000119
52346  -33.059  -25.973  0.410 0.3000000119
51464  -34.812  -26.437  0.804 0.3000000119
105684  -35.352  -27.154  1.042 0.3000000119
50626  -36.258  -27.295  0.536 0.3000000119
49722  -36.191  -28.569  0.991 0.3000000119
48891  -36.246  -28.940  0.747 0.3000000119
51487  -36.576  -26.762  -1.304 0.3000000119
50663  -36.436  -27.321  -2.467 0.3000000119
50643  -36.458  -27.707  -1.175 0.3000000119
50689  -36.308  -28.337  -4.373 0.3000000119
52347  -34.221  -25.750  0.579 0.3000000119
51465  -36.395  -26.360  0.262 0.3000000119
51466  -36.646  -27.008  -0.204 0.3000000119
50627  -36.510  -27.836  0.007 0.3000000119
50676  -36.234  -27.780  -3.708 0.3000000119
50700  -36.881  -28.169  -4.643 0.3000000119
52348  -35.504  -25.773  0.510 0.3000000119
23386  -26.367  -61.379  1.310 0.4000000060
28679  -21.101  -53.265  3.190 0.4000000060
29380  -20.513  -53.527  3.855 0.4000000060
28651  -21.092  -53.773  5.006 0.4000000060
111275  -30.406  -45.169  8.336 0.3000000119
109556  -34.834  -40.498  6.147 0.3000000119
42629  -34.696  -35.865  4.587 0.3000000119
46266  -29.828  -32.003  2.969 0.3000000119
47095  -30.537  -31.791  3.041 0.3000000119
48865  -29.007  -29.673  1.818 0.3000000119
47113  -31.440  -31.488  3.201 0.3000000119
27895  -19.691  -55.567  4.200 0.4000000060
27921  -20.144  -54.675  3.357 0.4000000060
28678  -20.632  -53.764  3.207 0.4000000060
27876  -21.251  -55.644  7.277 0.3000000119
47096  -31.145  -32.272  3.442 0.3000000119
49717  -30.768  -28.604  1.375 0.3000000119
114290  -29.953  -28.660  1.116 0.3000000119
46270  -34.078  -33.075  3.773 0.3000000119
119219  -32.531  -29.602  2.577 0.3000000119
47116  -34.647  -31.461  3.169 0.3000000119
50623  -31.723  -27.184  0.888 0.3000000119
49739  -35.892  -27.929  1.092 0.3000000119
124430  -35.732  -26.598  0.644 0.3000000119
121097  -36.297  -28.033  0.629 0.3000000119
51475  -36.677  -26.081  -0.351 0.3000000119
27175  -19.720  -56.123  5.118 0.4000000060
32239  -31.135  -49.501  -0.005 0.4000000060
20120  -20.217  -66.168  5.097 0.3000000119
19375  -20.664  -67.110  5.586 0.3000000119
19376  -21.059  -66.392  5.950 0.3000000119
28625  -21.546  -54.830  7.120 0.3000000119
107196  -22.021  -54.097  7.011 0.3000000119
29342  -21.912  -53.494  7.647 0.3000000119
27203  -20.023  -56.127  2.934 0.3000000119
27920  -19.751  -55.592  3.494 0.3000000119
27922  -20.370  -54.532  3.124 0.3000000119
28666  -20.234  -54.120  3.549 0.3000000119
27187  -20.735  -55.578  3.217 0.3000000119
27186  -19.254  -56.194  4.037 0.3000000119
27202  -19.729  -56.027  3.211 0.3000000119
31557  -31.600  -50.214  0.301 0.3000000119
19363  -21.531  -65.830  6.418 0.3000000119
20104  -23.073  -65.586  6.937 0.5000000000
20855  -21.891  -64.536  6.549 0.5000000000
21671  -25.313  -63.288  7.664 0.5000000000
21720  -21.493  -63.234  5.444 0.4000000060
22547  -22.386  -63.080  6.603 0.6000000238
24125  -22.669  -60.449  6.434 0.5000000000
24892  -24.454  -59.812  7.611 0.6000000238
24977  -25.179  -59.468  0.565 0.5000000000
25743  -30.998  -58.806  3.477 0.6999999881
26435  -23.872  -57.476  6.491 0.5000000000
26453  -31.198  -57.818  6.176 0.8000000119
27214  -26.009  -56.297  1.339 0.6999999881
27897  -20.971  -54.766  5.424 0.4000000060
27909  -19.925  -54.832  3.849 0.3000000119
27910  -21.122  -54.907  3.351 0.4000000060
27946  -25.809  -55.624  0.857 0.6999999881
28677  -20.395  -54.089  3.316 0.4000000060
28719  -25.974  -54.862  0.389 0.6999999881
29364  -25.866  -53.041  6.739 0.6000000238
29406  -21.120  -52.633  3.294 0.6000000238
30117  -21.024  -52.531  3.382 0.6000000238
30895  -28.733  -51.046  -1.080 0.5000000000
31503  -22.489  -50.760  4.887 0.4000000060
33574  -32.799  -47.910  7.783 0.6999999881
33616  -26.290  -47.543  1.248 0.8000000119
35131  -26.285  -45.259  1.621 0.8000000119
35971  -26.388  -45.021  1.976 0.8000000119
35973  -27.749  -45.118  2.374 0.8000000119
36781  -28.353  -43.830  2.196 0.8000000119
39302  -26.357  -39.961  0.191 0.8000000119
39303  -26.835  -40.612  0.136 0.8000000119
40261  -25.836  -39.622  0.051 0.8000000119
41088  -26.410  -39.058  0.037 0.8000000119
41851  -36.290  -37.293  3.284 0.4000000060
43557  -30.536  -35.556  4.618 0.3000000119
48052  -35.916  -30.820  -4.413 0.4000000060
105230  -20.006  -55.350  3.177 0.3000000119
109294  -21.606  -67.221  5.970 0.4000000060
110334  -35.337  -40.785  5.936 0.4000000060
110720  -29.698  -48.824  -0.179 0.6000000238
111721  -27.162  -57.993  2.035 0.6000000238
112716  -33.787  -34.565  5.378 0.3000000119
115976  -24.306  -61.206  7.562 0.6000000238
119257  -28.625  -34.533  3.776 0.3000000119
120613  -29.176  -49.196  2.274 0.8000000119
121597  -30.669  -54.936  2.719 0.8999999762
124535  -26.380  -63.575  7.257 0.5000000000
