#!ascii label  , from subject Paciente_3 vox2ras=TkReg
632
14340  -36.447  -73.576  -2.754 0.5000000000
13698  -34.884  -73.956  -2.696 0.8000000119
15046  -34.246  -73.446  -3.154 0.8000000119
14346  -34.692  -73.597  -3.008 0.8000000119
15047  -35.803  -73.069  -3.108 0.8000000119
14333  -36.675  -73.601  -2.397 0.5000000000
14347  -35.729  -73.546  -2.888 0.5000000000
15048  -36.853  -72.536  -3.631 0.6000000238
15730  -33.639  -71.882  -2.308 0.6999999881
15731  -34.624  -72.242  -2.199 0.6999999881
15039  -36.250  -72.353  -3.239 0.8000000119
121264  -37.532  -72.908  -1.837 0.6000000238
14334  -37.462  -73.353  -3.119 0.5000000000
14348  -37.500  -72.842  -3.743 0.6000000238
16467  -32.775  -71.202  -2.718 0.6999999881
111368  -36.740  -73.219  -3.377 0.6000000238
16475  -37.644  -71.204  -3.424 0.6000000238
16468  -33.423  -70.937  -1.953 0.6999999881
15738  -33.092  -72.348  -2.876 0.6999999881
15724  -35.158  -71.691  -1.610 0.6999999881
15739  -36.943  -71.709  -3.577 0.6000000238
17228  -37.701  -70.296  -2.620 0.6000000238
15732  -35.600  -72.194  -2.500 0.8000000119
15733  -36.428  -71.685  -2.919 0.8000000119
16469  -37.135  -70.921  -3.088 0.6999999881
15034  -38.803  -72.065  -1.816 0.4000000060
120757  -38.079  -72.813  -3.298 0.6000000238
17226  -32.677  -70.286  -2.352 0.6999999881
16470  -37.762  -70.668  -3.001 0.6000000238
17217  -33.229  -70.098  -1.388 0.6999999881
15723  -34.297  -71.446  -1.586 0.6999999881
16460  -35.762  -71.099  -1.255 0.6000000238
17227  -37.102  -70.460  -2.332 0.6999999881
17970  -37.138  -69.073  -0.953 0.5000000000
16459  -34.893  -71.009  -0.879 0.6000000238
123229  -35.650  -70.491  -0.304 0.6000000238
17210  -36.525  -69.822  -0.511 0.6000000238
17200  -36.502  -69.193  0.212 0.6000000238
17209  -35.802  -69.766  0.425 0.6000000238
17958  -36.307  -68.400  0.472 0.5000000000
15727  -38.515  -70.644  -1.431 0.4000000060
15734  -38.593  -71.374  -2.267 0.5000000000
17975  -32.065  -68.911  -2.566 0.6999999881
16462  -38.248  -70.379  -2.305 0.6000000238
17220  -38.030  -69.453  -2.229 0.6000000238
17208  -33.778  -69.848  -0.277 0.6999999881
17219  -37.957  -69.537  -2.322 0.6000000238
16450  -34.001  -70.702  -0.934 0.6999999881
17971  -37.846  -68.902  -1.853 0.5000000000
17964  -37.520  -68.345  -1.111 0.6000000238
124077  -34.515  -69.917  0.402 0.6999999881
16441  -35.128  -70.141  0.454 0.6000000238
18692  -36.910  -67.871  -0.313 0.5000000000
19442  -37.676  -66.751  -0.470 0.5000000000
17957  -35.708  -69.047  0.843 0.5000000000
120025  -30.411  -68.140  -2.763 0.6000000238
18703  -31.134  -67.618  -2.486 0.6000000238
15726  -38.657  -71.387  -1.242 0.5000000000
18704  -31.907  -68.002  -2.318 0.6999999881
17224  -31.509  -69.500  -3.015 0.6999999881
16463  -38.327  -69.603  -1.512 0.5000000000
17221  -38.309  -68.597  -1.465 0.4000000060
17216  -32.661  -69.427  -2.033 0.6999999881
18698  -38.322  -68.085  -1.266 0.5000000000
17969  -33.031  -69.184  -1.018 0.6999999881
17963  -33.374  -68.860  -0.007 0.6999999881
17199  -34.151  -69.275  0.555 0.6000000238
18697  -38.096  -68.281  -1.476 0.5000000000
107893  -35.016  -69.593  0.857 0.6000000238
18693  -37.822  -67.589  -0.872 0.5000000000
17956  -34.723  -68.732  0.940 0.5000000000
18685  -35.386  -68.086  0.898 0.5000000000
18686  -36.163  -67.407  0.551 0.5000000000
106403  -36.969  -67.199  -0.259 0.5000000000
120693  -36.637  -66.546  0.377 0.5000000000
20192  -37.504  -65.837  -0.168 0.3000000119
17965  -39.893  -67.745  -0.575 0.3000000119
18701  -29.598  -68.161  -2.588 0.6000000238
18702  -30.282  -67.446  -2.551 0.6000000238
109425  -38.963  -68.294  -0.699 0.4000000060
19445  -39.459  -66.948  -1.017 0.4000000060
19449  -31.657  -66.903  -1.005 0.6000000238
104380  -38.791  -67.298  -0.918 0.5000000000
17968  -32.445  -68.578  -1.694 0.6999999881
17962  -32.730  -68.282  -0.679 0.6999999881
19450  -38.500  -67.572  -1.003 0.5000000000
17955  -33.808  -68.405  0.749 0.5000000000
19443  -38.541  -66.958  -0.804 0.5000000000
18684  -34.386  -67.819  1.060 0.5000000000
20193  -38.426  -65.672  -1.014 0.4000000060
20940  -37.711  -64.992  -0.634 0.4000000060
20183  -36.495  -65.673  0.726 0.5000000000
20184  -37.130  -65.067  0.516 0.4000000060
19455  -29.963  -66.752  -2.400 0.6000000238
20204  -30.463  -66.130  -2.090 0.6000000238
19456  -30.929  -66.744  -2.183 0.6000000238
19448  -31.186  -66.564  -1.495 0.6000000238
19452  -39.221  -66.745  -1.075 0.3000000119
106486  -39.265  -66.429  -1.449 0.4000000060
18696  -32.167  -67.696  -1.373 0.6000000238
20201  -40.008  -65.711  -2.120 0.3000000119
18690  -32.461  -67.339  -0.284 0.6000000238
18691  -33.104  -67.972  0.272 0.6999999881
20948  -39.805  -64.668  -2.016 0.3000000119
20200  -38.957  -65.704  -1.883 0.3000000119
18682  -32.963  -67.284  0.543 0.6000000238
21780  -39.014  -64.006  -1.142 0.3000000119
20941  -38.509  -64.892  -1.447 0.3000000119
19434  -33.287  -66.716  0.889 0.5000000000
18683  -33.565  -67.540  0.912 0.5000000000
19435  -34.018  -67.006  1.191 0.5000000000
21768  -38.353  -63.815  0.013 0.3000000119
20932  -38.233  -64.452  -0.545 0.3000000119
19436  -35.075  -67.074  1.048 0.5000000000
20931  -37.671  -64.441  0.322 0.3000000119
113042  -34.409  -66.277  1.102 0.5000000000
20203  -29.567  -66.016  -2.193 0.5000000000
20198  -30.840  -65.491  -1.763 0.5000000000
20191  -31.898  -65.508  0.004 0.5000000000
22636  -39.326  -62.977  -0.680 0.3000000119
19441  -32.083  -66.405  -0.206 0.6000000238
22623  -39.008  -62.218  0.160 0.3000000119
19433  -32.658  -66.765  0.373 0.6000000238
123994  -33.780  -66.468  1.069 0.5000000000
110440  -34.655  -65.234  1.086 0.5000000000
20173  -36.249  -64.891  1.071 0.4000000060
20922  -35.935  -64.121  1.338 0.4000000060
124210  -30.426  -65.471  -2.025 0.5000000000
104228  -30.693  -64.889  -1.800 0.5000000000
20190  -31.022  -64.879  -1.412 0.5000000000
111592  -30.863  -66.178  -1.609 0.5000000000
20938  -31.344  -64.212  -0.602 0.5000000000
24202  -39.986  -60.779  -0.068 0.3000000119
23411  -39.681  -61.540  -0.165 0.3000000119
20180  -32.632  -66.055  0.534 0.6000000238
21756  -36.505  -63.597  1.337 0.4000000060
21755  -35.711  -63.341  1.377 0.4000000060
20947  -30.827  -64.214  -1.282 0.5000000000
24195  -40.066  -59.967  0.391 0.4000000060
121671  -31.424  -64.998  -0.614 0.5000000000
20939  -31.905  -64.604  0.124 0.5000000000
24194  -38.928  -60.725  1.327 0.4000000060
22612  -38.940  -61.537  0.761 0.3000000119
21778  -32.059  -63.557  0.227 0.4000000060
23403  -38.019  -61.445  1.531 0.3000000119
20929  -32.629  -64.278  0.516 0.5000000000
106792  -32.657  -65.121  0.561 0.4000000060
118110  -33.613  -64.503  0.857 0.4000000060
21766  -35.133  -63.726  1.067 0.4000000060
21785  -30.453  -63.526  -1.194 0.5000000000
117690  -31.222  -63.240  -0.689 0.5000000000
22633  -31.899  -62.434  0.171 0.4000000060
24979  -39.293  -59.734  1.567 0.4000000060
21763  -33.193  -63.546  0.629 0.4000000060
110248  -34.060  -63.599  0.721 0.4000000060
115419  -34.561  -64.104  1.014 0.4000000060
21765  -34.591  -63.237  0.688 0.4000000060
22621  -35.069  -62.775  0.840 0.4000000060
22609  -35.699  -62.579  1.473 0.4000000060
22645  -30.746  -62.488  -1.094 0.5000000000
24971  -39.557  -58.825  1.791 0.4000000060
22646  -31.229  -62.202  -0.381 0.5000000000
22647  -31.784  -61.500  0.145 0.4000000060
21779  -32.864  -62.663  0.466 0.4000000060
24184  -38.060  -60.144  2.203 0.4000000060
21764  -33.890  -62.734  0.533 0.4000000060
23401  -35.801  -61.704  1.798 0.3000000119
112179  -31.286  -60.863  -1.132 0.4000000060
23434  -31.274  -61.569  -0.768 0.5000000000
23435  -31.803  -60.834  -0.329 0.4000000060
25746  -38.850  -58.498  2.662 0.4000000060
23422  -32.746  -60.856  0.250 0.4000000060
22634  -32.681  -61.741  0.419 0.4000000060
22635  -33.419  -61.996  0.506 0.4000000060
22620  -34.517  -62.445  0.599 0.4000000060
23400  -35.401  -61.157  1.201 0.4000000060
104938  -35.248  -61.924  0.986 0.4000000060
24222  -31.862  -60.191  -0.681 0.4000000060
24223  -32.583  -60.114  -0.228 0.4000000060
23423  -33.829  -60.875  0.247 0.4000000060
23424  -34.616  -60.886  0.329 0.4000000060
107278  -34.765  -61.808  0.617 0.4000000060
110312  -35.026  -61.142  0.610 0.4000000060
25010  -32.290  -59.774  -0.919 0.4000000060
25011  -32.866  -59.458  -0.712 0.4000000060
112885  -33.339  -59.778  -0.428 0.4000000060
24224  -33.514  -60.339  -0.174 0.4000000060
24213  -34.328  -60.468  -0.152 0.4000000060
24214  -34.947  -60.254  -0.198 0.4000000060
23425  -35.120  -60.516  0.148 0.4000000060
24201  -35.288  -60.525  0.523 0.4000000060
118244  -31.825  -59.199  -1.239 0.4000000060
113955  -32.463  -58.989  -1.148 0.4000000060
25798  -32.589  -58.231  -1.044 0.4000000060
112388  -33.165  -58.703  -0.950 0.4000000060
25012  -33.668  -59.178  -0.661 0.4000000060
24225  -34.277  -59.854  -0.474 0.4000000060
25002  -35.100  -59.550  -0.316 0.4000000060
24181  -35.645  -60.202  2.047 0.4000000060
24192  -35.494  -60.409  1.348 0.3000000119
24988  -35.474  -59.822  0.601 0.4000000060
25003  -35.379  -59.915  -0.054 0.5000000000
26534  -32.828  -57.638  -0.549 0.4000000060
25799  -33.383  -58.043  -0.641 0.4000000060
26535  -33.844  -57.404  -0.412 0.4000000060
114554  -35.559  -59.113  0.029 0.5000000000
110332  -32.203  -57.115  -0.437 0.4000000060
27240  -33.340  -56.998  -0.125 0.4000000060
27241  -34.188  -56.418  -0.395 0.4000000060
120375  -35.408  -59.143  -0.120 0.4000000060
124266  -32.862  -55.879  0.437 0.4000000060
27962  -33.524  -56.178  0.236 0.4000000060
25790  -35.545  -58.202  -0.248 0.5000000000
29437  -34.076  -53.682  0.690 0.4000000060
27948  -33.130  -55.400  0.469 0.4000000060
28710  -33.625  -54.686  0.479 0.4000000060
27949  -33.823  -55.492  0.179 0.4000000060
119648  -34.363  -54.467  0.055 0.4000000060
28711  -34.244  -55.144  -0.188 0.5000000000
29436  -33.024  -53.939  0.966 0.4000000060
20930  -35.369  -64.612  1.145 0.5000000000
122031  -33.768  -73.828  -3.594 0.8000000119
14345  -33.748  -73.960  -4.256 0.8000000119
14344  -33.329  -73.963  -3.920 0.6999999881
14326  -36.371  -73.167  -1.230 0.5000000000
15044  -32.778  -73.015  -3.277 0.6999999881
15737  -32.196  -71.617  -3.017 0.6999999881
17225  -32.170  -69.679  -2.672 0.6999999881
17974  -31.114  -68.592  -2.854 0.6999999881
15023  -38.348  -71.769  -0.874 0.4000000060
16453  -38.383  -69.895  -0.290 0.4000000060
17222  -29.870  -69.750  -3.005 0.6000000238
19454  -29.037  -66.856  -2.576 0.6000000238
20197  -29.979  -65.120  -1.804 0.5000000000
20946  -30.278  -64.428  -1.421 0.5000000000
23433  -30.636  -61.619  -1.153 0.4000000060
24221  -30.638  -60.327  -1.288 0.4000000060
123796  -31.424  -60.333  -1.227 0.4000000060
25009  -31.408  -59.780  -1.306 0.4000000060
25797  -31.788  -58.500  -1.213 0.4000000060
27961  -32.471  -56.348  0.145 0.4000000060
110156  -33.303  -53.141  0.956 0.4000000060
13697  -34.156  -74.048  -3.315 0.8000000119
15038  -35.181  -72.884  -2.794 0.8000000119
15033  -38.318  -72.703  -2.468 0.5000000000
15045  -33.552  -73.347  -3.390 0.6999999881
16471  -38.187  -70.851  -2.936 0.6000000238
17218  -37.349  -69.754  -1.854 0.6999999881
16452  -36.541  -70.513  -1.283 0.6999999881
17972  -38.025  -68.832  -1.846 0.6000000238
18695  -31.648  -67.130  -1.951 0.6000000238
17211  -38.505  -68.968  -0.503 0.5000000000
122958  -35.835  -66.780  0.786 0.5000000000
20199  -31.158  -65.895  -0.854 0.6000000238
20181  -33.543  -65.777  0.935 0.5000000000
20182  -35.664  -65.336  1.012 0.5000000000
116510  -36.246  -63.001  1.523 0.4000000060
22619  -34.104  -61.670  0.505 0.4000000060
7591  -29.380  -85.122  0.480 0.4000000060
8235  -29.543  -84.195  1.039 0.4000000060
8221  -29.971  -83.324  1.697 0.4000000060
8842  -28.575  -83.297  0.764 0.4000000060
111501  -29.316  -83.187  1.243 0.4000000060
9393  -29.655  -82.262  1.740 0.4000000060
9405  -29.386  -81.729  1.074 0.4000000060
9981  -30.312  -80.630  1.521 0.5000000000
8843  -29.060  -82.542  0.774 0.4000000060
9980  -29.456  -80.971  0.506 0.5000000000
9996  -30.377  -80.196  0.468 0.5000000000
10012  -30.594  -79.844  -0.568 0.6000000238
8853  -28.008  -82.544  -0.275 0.4000000060
8854  -28.433  -82.361  -0.053 0.4000000060
9994  -29.093  -80.788  -0.696 0.4000000060
15029  -37.967  -72.272  -0.962 0.3000000119
15022  -37.318  -71.625  -0.058 0.4000000060
115849  -38.157  -69.829  0.717 0.3000000119
10530  -31.173  -79.530  0.224 0.5000000000
13680  -34.736  -74.387  -0.435 0.5000000000
14321  -36.009  -72.835  0.072 0.4000000060
10009  -28.166  -80.270  -1.494 0.4000000060
9995  -29.748  -80.329  -0.491 0.5000000000
9431  -28.209  -81.108  -0.809 0.4000000060
9417  -28.542  -81.463  -0.519 0.4000000060
10531  -31.866  -78.949  -0.162 0.6000000238
11075  -32.956  -77.922  -1.199 0.6999999881
13681  -35.202  -74.150  -1.209 0.5000000000
11059  -32.418  -78.549  0.400 0.6999999881
12307  -33.718  -76.714  -0.263 0.6999999881
13032  -34.673  -74.631  -1.282 0.6999999881
11665  -33.346  -77.328  -0.759 0.6999999881
12315  -33.651  -76.599  -1.336 0.6999999881
10010  -29.268  -80.320  -1.444 0.5000000000
10011  -30.159  -80.062  -1.462 0.6000000238
122950  -30.758  -79.563  -1.337 0.6000000238
10562  -31.985  -78.584  -2.239 0.6000000238
116246  -28.727  -80.187  -2.139 0.4000000060
10545  -30.549  -79.590  -2.124 0.6000000238
10547  -31.900  -78.770  -1.180 0.6000000238
11086  -32.439  -78.315  -1.517 0.6000000238
11675  -33.267  -77.231  -1.773 0.6000000238
17201  -39.474  -68.693  0.067 0.3000000119
14332  -35.845  -73.844  -1.708 0.5000000000
10030  -28.941  -79.471  -3.087 0.6000000238
10559  -29.192  -79.172  -3.469 0.6000000238
10569  -29.861  -79.051  -3.557 0.6999999881
10560  -30.268  -79.474  -2.952 0.6000000238
10561  -31.103  -79.060  -2.630 0.6000000238
11674  -32.804  -77.894  -2.245 0.6000000238
10020  -28.558  -79.836  -2.401 0.5000000000
10022  -29.640  -80.031  -2.462 0.6000000238
11684  -33.287  -77.173  -2.688 0.6000000238
12325  -33.637  -76.553  -2.279 0.6999999881
13048  -34.127  -75.313  -2.109 0.6999999881
12316  -33.964  -75.954  -1.854 0.6999999881
109503  -35.232  -74.206  -1.793 0.6000000238
13041  -34.604  -74.699  -1.858 0.6999999881
10571  -29.276  -78.495  -3.962 0.6000000238
10572  -29.572  -78.701  -3.848 0.6999999881
11690  -31.032  -77.670  -4.256 0.6999999881
10570  -30.715  -78.823  -3.432 0.6999999881
11687  -32.549  -77.431  -3.558 0.6000000238
13694  -35.536  -73.898  -2.460 0.5000000000
12329  -33.548  -76.504  -3.040 0.6999999881
12326  -33.865  -75.937  -2.561 0.6999999881
13688  -35.098  -74.225  -2.098 0.6000000238
12339  -32.025  -76.156  -4.304 0.6999999881
118569  -33.137  -74.534  -3.961 0.6999999881
11695  -30.658  -77.421  -4.466 0.6999999881
12333  -32.282  -76.519  -3.988 0.6000000238
12335  -33.060  -75.720  -3.695 0.5000000000
11691  -31.984  -77.192  -3.958 0.6999999881
11692  -32.705  -76.792  -3.798 0.6000000238
12330  -33.533  -75.721  -3.171 0.6999999881
13052  -34.360  -74.555  -2.624 0.5000000000
11683  -32.911  -77.577  -3.041 0.6000000238
13051  -33.971  -75.229  -2.550 0.6999999881
13049  -34.505  -74.734  -2.192 0.6000000238
13059  -33.079  -74.678  -4.324 0.6999999881
13702  -34.071  -74.260  -4.906 0.6999999881
14351  -33.919  -73.795  -4.940 0.6999999881
109001  -33.689  -74.822  -3.108 0.6000000238
13703  -33.353  -74.227  -3.859 0.6999999881
13674  -35.449  -73.669  -0.467 0.5000000000
9406  -29.852  -81.229  1.732 0.4000000060
9416  -28.077  -82.067  -0.771 0.4000000060
109125  -29.018  -81.911  0.243 0.4000000060
9432  -28.481  -80.630  -1.225 0.4000000060
12308  -33.999  -75.968  -0.888 0.6999999881
13040  -34.170  -75.258  -1.469 0.6999999881
10546  -31.260  -79.113  -1.706 0.6000000238
11097  -32.388  -78.081  -3.061 0.6000000238
10021  -29.043  -79.942  -3.011 0.6999999881
118622  -29.532  -79.642  -3.160 0.6000000238
11104  -31.819  -77.862  -3.726 0.6000000238
11696  -31.412  -77.020  -4.146 0.6999999881
12334  -33.173  -76.357  -3.553 0.6000000238
13057  -32.701  -75.511  -4.657 0.6000000238
11693  -29.746  -77.803  -4.819 0.5000000000
10558  -28.765  -79.321  -2.873 0.4000000060
11105  -29.258  -78.335  -4.123 0.5000000000
12337  -30.808  -76.633  -4.311 0.6000000238
11094  -28.434  -79.232  -2.525 0.4000000060
11095  -28.683  -78.609  -2.840 0.5000000000
11101  -28.951  -78.714  -3.402 0.5000000000
11685  -29.193  -78.050  -4.044 0.5000000000
12331  -29.832  -77.415  -4.617 0.5000000000
113195  -30.635  -76.411  -4.206 0.5000000000
11689  -29.539  -78.048  -4.708 0.5000000000
12338  -31.270  -76.584  -4.251 0.6000000238
13056  -31.850  -75.151  -5.143 0.5000000000
109088  -30.927  -75.928  -4.394 0.5000000000
13700  -31.515  -74.900  -5.066 0.6999999881
13699  -30.956  -75.110  -4.679 0.6000000238
14343  -32.479  -73.718  -3.736 0.6000000238
11085  -28.351  -78.644  -2.186 0.5000000000
11672  -28.781  -78.055  -2.519 0.5000000000
12327  -29.927  -76.904  -3.331 0.5000000000
12328  -30.495  -76.326  -3.602 0.5000000000
117273  -30.085  -76.929  -4.242 0.5000000000
14350  -32.932  -74.053  -4.708 0.6000000238
13050  -30.833  -75.702  -3.983 0.6000000238
13696  -31.400  -74.456  -4.072 0.5000000000
125067  -28.599  -78.071  -1.790 0.5000000000
12323  -29.969  -76.939  -2.285 0.5000000000
12314  -30.628  -76.511  -1.820 0.5000000000
12324  -30.502  -76.338  -2.642 0.5000000000
13695  -30.951  -74.867  -3.737 0.5000000000
14342  -31.643  -73.592  -3.470 0.5000000000
15043  -31.965  -72.625  -3.212 0.6000000238
110007  -28.831  -77.811  -1.068 0.5000000000
11673  -29.330  -77.541  -1.817 0.5000000000
13039  -31.620  -74.923  -1.580 0.5000000000
13038  -31.188  -75.789  -1.897 0.4000000060
14330  -31.085  -73.181  -1.738 0.4000000060
13687  -31.212  -74.032  -2.270 0.5000000000
110265  -30.935  -73.679  -2.944 0.5000000000
13047  -30.843  -75.509  -3.075 0.4000000060
15722  -30.530  -71.520  -1.607 0.4000000060
15032  -30.758  -72.287  -2.066 0.5000000000
14339  -30.891  -73.064  -2.550 0.5000000000
15728  -30.051  -70.816  -1.895 0.4000000060
14341  -31.073  -73.112  -3.088 0.6000000238
15042  -31.283  -72.384  -3.027 0.6000000238
15736  -31.440  -71.526  -3.030 0.6000000238
16474  -31.508  -70.792  -3.059 0.6000000238
122303  -30.080  -70.864  -2.524 0.5000000000
16465  -30.263  -70.921  -2.936 0.5000000000
15036  -30.882  -72.236  -2.721 0.5000000000
17215  -29.752  -69.664  -2.400 0.4000000060
16464  -29.891  -70.369  -2.702 0.5000000000
16472  -30.199  -70.241  -3.160 0.6000000238
15735  -30.874  -71.477  -2.847 0.6000000238
17231  -30.993  -70.043  -3.200 0.6000000238
18700  -28.655  -67.053  -2.341 0.3000000119
17966  -29.076  -68.241  -2.261 0.4000000060
17973  -29.690  -68.992  -2.527 0.5000000000
17230  -30.226  -69.747  -3.177 0.5000000000
17976  -30.715  -69.404  -3.138 0.6000000238
22644  -30.027  -62.166  -1.237 0.3000000119
106708  -29.833  -62.941  -1.192 0.3000000119
20945  -29.320  -64.666  -1.357 0.4000000060
122648  -30.004  -60.079  -1.241 0.3000000119
25796  -31.059  -58.935  -1.365 0.3000000119
25789  -30.952  -58.097  -1.162 0.3000000119
26526  -31.859  -57.678  -0.985 0.3000000119
122961  -31.598  -57.173  -0.678 0.3000000119
27239  -31.366  -56.587  -0.400 0.3000000119
111099  -31.520  -55.690  -0.021 0.3000000119
28709  -32.555  -54.725  0.680 0.3000000119
112190  -29.476  -67.378  -2.593 0.5000000000
24220  -30.407  -60.957  -1.237 0.3000000119
13704  -32.506  -74.960  -5.077 0.5000000000
11681  -28.944  -78.131  -3.355 0.5000000000
108791  -31.091  -74.002  -3.404 0.5000000000
13031  -34.181  -75.161  -0.430 0.6000000238
15697  -36.928  -71.042  1.863 0.3000000119
15007  -36.682  -71.224  0.882 0.3000000119
15021  -36.433  -72.010  0.511 0.3000000119
15020  -35.525  -72.252  1.119 0.3000000119
106282  -36.929  -72.449  -0.591 0.3000000119
12299  -33.970  -76.033  0.197 0.6000000238
112006  -34.301  -74.684  0.372 0.5000000000
15698  -37.495  -70.680  2.028 0.3000000119
15708  -36.968  -70.832  0.979 0.3000000119
15709  -37.484  -70.918  0.170 0.3000000119
14320  -35.182  -73.144  0.764 0.3000000119
13673  -34.730  -74.021  0.544 0.4000000060
15688  -37.886  -70.381  2.646 0.3000000119
15689  -37.906  -70.144  1.681 0.3000000119
15710  -37.733  -70.342  0.729 0.3000000119
9395  -31.100  -81.826  2.412 0.5000000000
9384  -31.508  -81.111  2.405 0.5000000000
8236  -30.513  -83.963  1.075 0.4000000060
8222  -30.759  -83.324  1.670 0.4000000060
8832  -31.523  -82.821  1.735 0.5000000000
10486  -32.370  -79.731  2.142 0.5000000000
9947  -31.908  -80.472  2.235 0.5000000000
9383  -30.852  -81.171  2.505 0.5000000000
9946  -31.150  -80.744  2.352 0.5000000000
8831  -30.514  -82.534  2.092 0.4000000060
122179  -32.850  -78.178  1.576 0.6000000238
108181  -32.418  -78.670  1.332 0.6000000238
10499  -32.036  -79.404  1.739 0.5000000000
10485  -31.619  -80.221  2.035 0.5000000000
9963  -30.500  -80.916  2.254 0.4000000060
9964  -30.936  -80.542  2.003 0.5000000000
11643  -33.173  -77.442  1.385 0.6000000238
11642  -32.831  -78.024  0.887 0.6000000238
10516  -31.253  -80.035  1.290 0.4000000060
10517  -31.814  -79.129  0.914 0.5000000000
13013  -33.698  -75.969  1.190 0.6000000238
14319  -34.593  -73.578  1.526 0.3000000119
13662  -34.138  -74.562  1.450 0.4000000060
11656  -33.323  -77.432  0.334 0.6000000238
14308  -34.888  -72.667  1.774 0.3000000119
15006  -36.003  -71.381  1.608 0.3000000119
13022  -33.963  -75.283  0.727 0.5000000000
11060  -33.046  -78.069  -0.184 0.6000000238
12298  -33.477  -76.689  0.810 0.6000000238
11048  -33.198  -78.070  2.035 0.5000000000
12286  -33.543  -76.638  1.657 0.5000000000
12270  -33.910  -76.560  2.388 0.4000000060
12997  -33.803  -75.879  1.997 0.5000000000
11628  -33.553  -77.355  2.171 0.5000000000
12998  -34.241  -75.679  2.843 0.4000000060
13014  -33.947  -75.153  2.301 0.4000000060
125184  -33.855  -75.366  1.545 0.5000000000
11047  -32.764  -78.847  1.937 0.5000000000
116654  -31.202  -83.560  -5.374 0.3000000119
8312  -31.079  -83.696  -6.155 0.3000000119
8313  -31.733  -83.019  -6.200 0.3000000119
8893  -32.798  -82.852  -5.139 0.3000000119
119395  -33.175  -82.797  -4.265 0.4000000060
118858  -31.822  -82.971  -5.119 0.3000000119
8293  -31.571  -83.503  -3.723 0.3000000119
8885  -33.956  -82.606  -3.908 0.4000000060
8884  -32.350  -82.900  -4.076 0.3000000119
8878  -34.549  -82.385  -2.996 0.4000000060
111727  -34.655  -82.283  -2.063 0.4000000060
8876  -33.004  -83.068  -3.249 0.4000000060
8294  -32.295  -83.494  -3.203 0.4000000060
8282  -31.751  -83.854  -2.627 0.4000000060
8283  -32.602  -83.632  -2.354 0.4000000060
9434  -35.880  -80.900  -1.656 0.3000000119
111717  -35.298  -81.875  -2.673 0.4000000060
9433  -35.113  -81.660  -1.639 0.4000000060
8868  -33.998  -82.740  -1.953 0.4000000060
119961  -33.699  -82.983  -1.191 0.4000000060
8256  -33.182  -83.399  -0.784 0.4000000060
8271  -32.587  -83.738  -1.260 0.4000000060
10519  -35.929  -79.460  0.446 0.3000000119
9420  -35.286  -81.139  -0.973 0.4000000060
9408  -34.558  -81.613  0.498 0.4000000060
9419  -34.775  -81.736  -0.532 0.4000000060
9418  -34.151  -82.281  -0.001 0.4000000060
9407  -33.731  -81.897  0.875 0.4000000060
8856  -33.674  -82.882  -0.393 0.4000000060
8845  -33.416  -82.584  0.494 0.4000000060
10518  -35.105  -79.954  1.174 0.4000000060
9983  -34.817  -80.797  0.874 0.4000000060
105363  -32.998  -82.086  1.199 0.4000000060
8255  -32.493  -83.717  -0.240 0.4000000060
8855  -32.958  -83.165  0.145 0.4000000060
8270  -31.877  -83.993  -0.674 0.4000000060
9967  -34.236  -80.318  1.765 0.4000000060
9982  -33.984  -81.127  1.345 0.4000000060
9396  -33.114  -81.405  1.704 0.4000000060
8833  -32.163  -81.832  1.960 0.4000000060
8238  -32.152  -83.401  0.730 0.4000000060
9948  -32.747  -80.061  2.326 0.4000000060
11037  -33.860  -78.140  2.335 0.4000000060
10500  -33.536  -79.768  2.186 0.4000000060
11036  -33.306  -78.653  2.115 0.4000000060
12271  -34.645  -76.521  2.854 0.3000000119
10488  -33.721  -78.973  2.172 0.4000000060
112897  -34.194  -74.834  3.168 0.3000000119
8877  -33.624  -82.905  -2.698 0.4000000060
8272  -33.282  -83.309  -1.818 0.4000000060
9998  -35.757  -80.562  -0.740 0.4000000060
10532  -36.393  -79.791  -0.571 0.3000000119
8857  -34.326  -82.436  -1.087 0.4000000060
9984  -35.593  -80.343  0.239 0.4000000060
9997  -35.152  -81.074  -0.082 0.4000000060
9966  -33.316  -80.552  2.039 0.4000000060
8844  -32.572  -82.687  1.075 0.4000000060
9965  -32.409  -80.851  2.191 0.4000000060
9448  -36.117  -81.728  -4.033 0.3000000119
9453  -35.408  -82.258  -5.465 0.3000000119
8901  -34.238  -82.790  -6.148 0.3000000119
8895  -34.782  -82.404  -4.934 0.3000000119
9440  -35.476  -81.837  -3.700 0.3000000119
8894  -33.898  -82.802  -5.206 0.3000000119
8886  -34.853  -82.081  -4.101 0.3000000119
9441  -36.036  -81.643  -3.079 0.3000000119
124650  -35.796  -81.494  -2.296 0.3000000119
10502  -35.309  -79.091  1.348 0.3000000119
11049  -34.536  -78.639  2.021 0.3000000119
11629  -34.302  -77.322  2.555 0.3000000119
10023  -36.442  -81.392  -2.231 0.3000000119
10501  -34.388  -79.462  1.869 0.3000000119
9394  -30.359  -81.564  2.279 0.4000000060
10487  -33.042  -79.322  2.239 0.4000000060
10568  -29.177  -78.909  -3.547 0.6000000238
11074  -32.465  -78.425  -0.652 0.6999999881
11084  -27.889  -79.166  -1.923 0.5000000000
11096  -31.581  -78.500  -3.194 0.6000000238
11102  -30.114  -78.222  -4.173 0.6999999881
11103  -31.083  -78.231  -3.825 0.6999999881
11106  -29.395  -78.240  -4.611 0.6000000238
11107  -30.262  -77.723  -4.769 0.6999999881
11682  -29.405  -77.556  -2.896 0.5000000000
11686  -29.615  -77.722  -3.972 0.5000000000
11688  -33.157  -77.034  -3.418 0.6000000238
11694  -30.198  -77.409  -5.005 0.5000000000
12313  -30.155  -76.960  -1.339 0.5000000000
12332  -30.318  -76.875  -4.602 0.5000000000
12336  -29.919  -77.445  -4.887 0.5000000000
12340  -32.646  -75.868  -4.000 0.6000000238
13053  -31.253  -75.387  -4.951 0.5000000000
13054  -33.230  -75.022  -3.617 0.6999999881
13055  -31.464  -75.923  -4.545 0.5000000000
13058  -32.987  -75.200  -3.945 0.6999999881
13689  -35.899  -73.922  -2.289 0.6000000238
13692  -30.980  -74.457  -3.031 0.5000000000
13693  -34.891  -74.270  -2.327 0.5000000000
13701  -33.278  -74.189  -4.874 0.6999999881
14331  -31.581  -74.043  -1.306 0.4000000060
14349  -32.004  -74.314  -4.308 0.6000000238
14352  -33.959  -73.948  -4.609 0.6999999881
15037  -33.988  -72.783  -2.760 0.6999999881
15040  -38.035  -72.357  -3.545 0.6000000238
15041  -38.533  -72.211  -2.808 0.6000000238
15687  -37.298  -70.918  2.867 0.3000000119
15725  -35.883  -71.659  -1.948 0.8000000119
15729  -30.518  -71.390  -2.398 0.5000000000
15740  -37.477  -72.022  -3.747 0.6000000238
15741  -38.241  -71.620  -3.257 0.6000000238
16451  -34.606  -70.499  -0.091 0.6999999881
16454  -38.561  -69.340  0.483 0.3000000119
16458  -29.866  -70.276  -1.935 0.4000000060
16461  -36.503  -71.115  -2.068 0.8000000119
16466  -31.950  -70.398  -2.991 0.6999999881
16473  -31.078  -70.704  -3.077 0.6000000238
17223  -30.045  -68.997  -3.051 0.6000000238
17229  -37.916  -70.228  -2.614 0.6000000238
18699  -38.844  -67.699  -0.983 0.4000000060
19444  -38.921  -66.302  -1.004 0.5000000000
19451  -38.907  -66.895  -0.899 0.4000000060
20923  -36.848  -64.339  1.033 0.4000000060
21784  -29.558  -63.836  -1.260 0.3000000119
23390  -35.717  -60.802  1.895 0.4000000060
24980  -40.304  -59.168  0.756 0.4000000060
109422  -32.346  -74.665  -5.057 0.6000000238
110278  -33.399  -61.349  0.428 0.4000000060
111375  -35.545  -66.131  0.931 0.5000000000
111799  -34.812  -82.406  -5.918 0.3000000119
112977  -38.424  -72.357  -1.575 0.4000000060
115491  -30.757  -77.075  -4.517 0.6000000238
115679  -38.337  -66.322  -0.692 0.4000000060
117093  -37.536  -70.452  1.338 0.3000000119
118746  -31.324  -74.982  -2.389 0.4000000060
119782  -32.314  -55.496  0.459 0.3000000119
119802  -28.941  -67.576  -2.490 0.4000000060
119918  -28.325  -79.653  -2.272 0.4000000060
119926  -31.230  -79.226  -0.768 0.6000000238
120765  -32.165  -75.546  -5.064 0.5000000000
121069  -38.370  -70.675  -0.620 0.4000000060
121365  -32.784  -76.240  -3.831 0.5000000000
121899  -37.860  -70.317  2.091 0.3000000119
123507  -33.139  -83.291  -2.513 0.4000000060
123995  -30.288  -77.023  -4.911 0.6000000238
125244  -36.885  -68.585  -0.271 0.6000000238
