#!ascii label  , from subject Paciente_3 vox2ras=TkReg
1646
29449  -30.375  -53.198  -0.416 0.5000000000
120006  -31.089  -52.630  -0.140 0.5000000000
30165  -31.209  -51.935  -0.037 0.5000000000
31543  -32.231  -50.856  0.536 0.5000000000
44582  -33.711  -33.747  -3.967 0.5000000000
109590  -33.186  -32.923  -4.436 0.4000000060
44583  -34.256  -33.238  -4.326 0.4000000060
111485  -33.825  -32.433  -4.627 0.4000000060
45513  -34.638  -32.641  -4.308 0.6000000238
46341  -34.335  -31.992  -4.462 0.5000000000
46342  -35.176  -32.046  -4.144 0.5000000000
47173  -35.060  -31.503  -4.203 0.5000000000
47174  -35.958  -31.297  -4.088 0.4000000060
48052  -35.916  -30.820  -4.413 0.5000000000
48042  -37.242  -30.034  -3.734 0.4000000060
27959  -29.963  -55.162  -0.802 0.5000000000
28723  -31.054  -54.074  -0.123 0.5000000000
29450  -31.460  -53.253  0.141 0.5000000000
105170  -32.401  -53.189  0.761 0.5000000000
30148  -31.827  -52.484  0.404 0.5000000000
30880  -32.040  -51.668  0.453 0.5000000000
43640  -31.503  -34.669  -4.049 0.5000000000
43641  -33.036  -35.073  -3.581 0.5000000000
43655  -32.563  -34.153  -3.915 0.5000000000
43656  -33.696  -34.511  -3.622 0.5000000000
46336  -35.290  -32.676  -3.671 0.6000000238
49758  -39.190  -28.227  -0.949 0.3000000119
47168  -36.657  -31.347  -3.390 0.4000000060
50644  -39.019  -28.113  -1.871 0.3000000119
48943  -37.924  -29.562  -3.134 0.4000000060
48031  -37.243  -30.775  -3.182 0.3000000119
106491  -29.975  -54.222  -0.755 0.5000000000
31557  -31.600  -50.214  0.301 0.5000000000
45506  -35.074  -33.366  -3.581 0.6000000238
111839  -38.325  -29.062  -2.591 0.3000000119
19430  -38.656  -66.612  1.270 0.3000000119
20174  -39.314  -65.910  0.912 0.3000000119
19431  -39.947  -66.991  0.467 0.4000000060
20175  -40.297  -66.197  0.404 0.4000000060
121809  -40.150  -67.895  0.405 0.4000000060
19437  -41.054  -66.846  0.092 0.4000000060
20185  -41.351  -66.018  -0.022 0.4000000060
115939  -40.797  -67.456  0.094 0.4000000060
19439  -41.582  -65.709  -1.382 0.4000000060
20187  -42.059  -65.135  -1.740 0.4000000060
20163  -38.423  -65.620  1.679 0.3000000119
118647  -39.192  -64.971  1.440 0.3000000119
119077  -40.123  -64.286  1.054 0.4000000060
20933  -40.231  -65.351  0.656 0.4000000060
20934  -41.491  -64.709  0.030 0.4000000060
20186  -41.731  -65.448  -0.889 0.4000000060
20935  -42.090  -64.335  -1.261 0.4000000060
22649  -41.538  -62.952  -1.913 0.4000000060
20942  -42.130  -64.423  -2.106 0.4000000060
21750  -39.006  -63.147  2.151 0.3000000119
22613  -39.723  -62.483  1.846 0.3000000119
23404  -40.436  -61.859  1.453 0.3000000119
21758  -41.001  -63.450  0.485 0.4000000060
21769  -41.906  -63.515  -0.387 0.4000000060
21770  -42.006  -63.356  -1.195 0.4000000060
21782  -42.069  -63.536  -1.920 0.4000000060
23428  -41.291  -61.087  -0.699 0.4000000060
22650  -41.741  -63.133  -1.870 0.4000000060
24203  -40.746  -60.021  -0.662 0.4000000060
24216  -41.217  -60.340  -0.861 0.4000000060
23427  -41.109  -61.143  -0.932 0.4000000060
22604  -38.902  -62.492  2.575 0.3000000119
123811  -38.575  -63.536  2.320 0.3000000119
23405  -41.335  -61.657  0.415 0.3000000119
22625  -41.666  -62.624  0.041 0.3000000119
23413  -41.494  -62.131  -0.738 0.4000000060
24204  -41.429  -59.718  -0.670 0.4000000060
24205  -41.783  -60.241  -0.472 0.4000000060
22639  -41.703  -62.941  -1.426 0.4000000060
24989  -40.849  -59.398  -0.306 0.4000000060
24980  -40.304  -59.168  0.756 0.4000000060
23393  -39.639  -61.699  2.358 0.3000000119
24185  -40.163  -60.818  2.557 0.3000000119
23394  -40.713  -61.129  1.469 0.3000000119
24196  -41.784  -60.660  0.505 0.4000000060
24197  -42.253  -60.119  0.113 0.4000000060
23412  -41.644  -62.079  -0.339 0.4000000060
26512  -42.525  -58.014  1.261 0.3000000119
25779  -42.024  -58.877  0.057 0.4000000060
23406  -41.618  -61.063  -0.218 0.4000000060
26511  -41.684  -57.955  1.167 0.3000000119
24990  -41.546  -59.237  -0.354 0.4000000060
24981  -41.139  -58.830  0.119 0.4000000060
24157  -39.574  -60.233  4.488 0.3000000119
24169  -39.174  -60.887  4.058 0.3000000119
24940  -40.298  -59.553  4.932 0.3000000119
23378  -39.283  -61.244  3.307 0.3000000119
24170  -39.814  -60.503  3.552 0.3000000119
24171  -40.729  -60.120  2.892 0.3000000119
24972  -41.857  -59.868  2.147 0.3000000119
24186  -41.274  -60.441  1.741 0.3000000119
24983  -42.994  -59.003  1.284 0.3000000119
24187  -42.298  -59.946  0.975 0.3000000119
25773  -42.887  -58.501  1.209 0.3000000119
24992  -42.650  -58.961  0.518 0.3000000119
24982  -42.537  -59.423  0.678 0.4000000060
26503  -41.999  -57.477  1.815 0.3000000119
25764  -40.871  -57.605  1.943 0.4000000060
26502  -40.106  -57.384  2.798 0.4000000060
25763  -39.869  -58.066  2.261 0.4000000060
24955  -40.414  -59.857  3.954 0.3000000119
121376  -40.994  -59.408  4.148 0.3000000119
24956  -41.341  -59.623  3.276 0.3000000119
24958  -43.312  -59.151  2.047 0.3000000119
26504  -42.971  -57.909  1.759 0.3000000119
25765  -43.319  -58.644  1.864 0.3000000119
24973  -42.692  -59.446  1.552 0.3000000119
26489  -42.527  -57.178  2.475 0.3000000119
26488  -41.120  -57.017  2.712 0.3000000119
106986  -40.203  -56.958  3.313 0.3000000119
26487  -39.411  -57.270  3.565 0.4000000060
24941  -41.380  -59.411  4.474 0.3000000119
120995  -42.050  -59.657  4.710 0.3000000119
25748  -41.979  -59.479  3.509 0.3000000119
106073  -43.958  -60.221  4.185 0.3000000119
24927  -43.948  -59.989  4.346 0.3000000119
25749  -43.381  -59.544  2.776 0.3000000119
25733  -43.980  -59.618  3.180 0.3000000119
26475  -43.003  -57.179  3.452 0.3000000119
115171  -43.708  -58.264  3.136 0.3000000119
25750  -43.763  -58.995  2.624 0.3000000119
26490  -43.432  -57.995  2.438 0.3000000119
27196  -41.920  -56.557  4.447 0.3000000119
27209  -41.648  -56.746  3.434 0.3000000119
27208  -40.557  -56.702  3.616 0.3000000119
26474  -39.720  -56.837  3.918 0.4000000060
109141  -39.231  -56.854  4.569 0.4000000060
26486  -38.253  -57.578  3.731 0.5000000000
25718  -42.900  -59.747  3.615 0.3000000119
117827  -43.574  -60.028  3.809 0.3000000119
24942  -44.121  -59.702  3.857 0.3000000119
25734  -44.051  -59.044  3.371 0.3000000119
24928  -44.258  -59.705  5.310 0.3000000119
26476  -43.526  -57.983  4.089 0.3000000119
25721  -44.498  -58.808  5.659 0.3000000119
24929  -45.108  -59.540  5.767 0.3000000119
27904  -41.024  -55.729  5.414 0.3000000119
110826  -45.949  -57.903  5.878 0.3000000119
27195  -40.841  -56.477  4.284 0.3000000119
27179  -40.147  -56.207  5.178 0.3000000119
27194  -39.977  -56.671  4.428 0.3000000119
27193  -38.448  -56.605  4.642 0.4000000060
26472  -37.801  -56.906  4.175 0.5000000000
25719  -43.863  -58.745  4.402 0.3000000119
25720  -43.956  -59.089  5.013 0.3000000119
26456  -43.615  -58.158  5.258 0.3000000119
26457  -44.005  -58.055  5.679 0.3000000119
27197  -42.643  -57.090  4.672 0.3000000119
27180  -41.966  -56.222  5.304 0.3000000119
25711  -44.894  -57.821  6.047 0.3000000119
26458  -45.712  -57.084  6.117 0.3000000119
111294  -46.155  -55.023  5.924 0.3000000119
27905  -45.839  -55.609  6.138 0.3000000119
28660  -40.920  -54.868  5.938 0.3000000119
104714  -40.155  -55.177  5.531 0.3000000119
27903  -39.153  -55.486  5.385 0.3000000119
27916  -39.170  -56.448  5.069 0.3000000119
26455  -43.141  -57.733  5.106 0.3000000119
26441  -43.486  -57.229  5.733 0.3000000119
114799  -42.803  -56.692  5.501 0.3000000119
27168  -43.185  -56.401  6.070 0.3000000119
27169  -43.791  -56.474  6.303 0.3000000119
26442  -44.241  -57.171  6.121 0.3000000119
27890  -41.794  -55.259  5.796 0.3000000119
27167  -42.634  -55.744  5.982 0.3000000119
114770  -43.372  -55.789  6.406 0.3000000119
28645  -43.660  -55.003  6.520 0.3000000119
26443  -44.980  -56.958  6.264 0.3000000119
28646  -44.481  -54.873  6.529 0.3000000119
27892  -45.015  -55.614  6.425 0.3000000119
113213  -44.745  -54.076  6.649 0.3000000119
28647  -45.408  -54.783  6.302 0.3000000119
30103  -45.454  -52.989  6.067 0.3000000119
29377  -45.477  -53.882  6.291 0.3000000119
124011  -39.440  -54.728  5.815 0.4000000060
29389  -46.087  -53.598  5.712 0.3000000119
30844  -46.481  -51.648  4.196 0.3000000119
28658  -38.179  -55.099  5.144 0.3000000119
30852  -46.656  -51.359  3.389 0.3000000119
27914  -37.506  -55.431  4.653 0.5000000000
27191  -36.919  -55.728  4.070 0.5000000000
108871  -42.406  -54.889  6.320 0.3000000119
28644  -42.998  -54.516  6.723 0.3000000119
29375  -43.776  -54.100  6.821 0.3000000119
29376  -44.214  -53.369  6.772 0.3000000119
28659  -40.093  -54.460  6.134 0.4000000060
30096  -44.611  -52.702  6.530 0.3000000119
30827  -45.047  -52.071  6.061 0.3000000119
29388  -39.275  -53.994  6.213 0.4000000060
105087  -38.672  -54.588  5.676 0.5000000000
30111  -45.777  -52.241  5.465 0.3000000119
30843  -46.009  -51.572  4.819 0.4000000060
112734  -45.560  -50.976  4.792 0.4000000060
28657  -37.906  -54.330  5.300 0.5000000000
28672  -37.539  -54.760  4.832 0.6000000238
30851  -45.997  -50.889  4.001 0.3000000119
28671  -36.924  -54.876  4.325 0.6000000238
28643  -41.641  -54.544  6.373 0.3000000119
29374  -41.640  -53.842  6.887 0.3000000119
30094  -42.735  -52.594  7.222 0.3000000119
28642  -40.817  -54.175  6.565 0.3000000119
115219  -42.678  -53.661  7.025 0.3000000119
30095  -43.754  -52.563  6.892 0.3000000119
112095  -44.194  -51.724  6.570 0.4000000060
28641  -40.091  -53.842  6.570 0.4000000060
120925  -44.192  -50.913  6.321 0.4000000060
30102  -38.890  -53.129  6.136 0.5000000000
30826  -44.763  -51.229  5.969 0.4000000060
31498  -44.476  -50.471  5.750 0.4000000060
31509  -44.627  -49.989  4.856 0.4000000060
29387  -38.383  -53.767  5.763 0.5000000000
29386  -37.719  -53.569  5.231 0.6000000238
30835  -45.389  -51.468  5.426 0.4000000060
31499  -45.012  -50.745  5.205 0.4000000060
31510  -45.226  -50.409  4.327 0.4000000060
112721  -44.588  -49.212  3.466 0.4000000060
109262  -37.352  -54.156  4.731 0.6000000238
31518  -45.378  -50.289  3.325 0.3000000119
32203  -45.036  -49.832  2.860 0.4000000060
29399  -37.288  -53.407  4.548 0.6000000238
29398  -36.933  -54.038  4.055 0.6000000238
29408  -36.704  -53.938  3.178 0.6999999881
30093  -41.762  -53.021  7.240 0.3000000119
30823  -42.276  -51.652  7.210 0.3000000119
29373  -40.705  -53.297  6.981 0.3000000119
30091  -40.093  -52.422  6.958 0.3000000119
30824  -43.241  -51.705  7.022 0.3000000119
114897  -42.660  -50.864  6.945 0.4000000060
29372  -39.698  -53.203  6.625 0.5000000000
30825  -43.549  -50.901  6.675 0.4000000060
31492  -43.825  -50.253  6.209 0.4000000060
114734  -39.570  -51.596  6.762 0.5000000000
114555  -44.168  -49.884  5.616 0.4000000060
121110  -38.608  -52.441  5.970 0.5000000000
30101  -38.131  -52.948  5.642 0.6000000238
32196  -44.473  -49.274  4.282 0.4000000060
32920  -44.597  -48.646  3.140 0.4000000060
114556  -37.306  -52.763  4.391 0.6000000238
32212  -44.781  -49.274  2.702 0.4000000060
32921  -44.738  -48.641  2.354 0.4000000060
29409  -36.966  -53.162  3.736 0.6999999881
29420  -36.565  -54.011  2.142 0.6999999881
28692  -36.504  -54.606  2.746 0.6999999881
118302  -41.356  -51.608  7.279 0.4000000060
31490  -42.084  -50.071  6.963 0.4000000060
30822  -40.459  -51.605  7.168 0.4000000060
114214  -40.854  -50.877  7.183 0.4000000060
31491  -42.991  -49.964  6.629 0.4000000060
31488  -40.004  -50.800  6.935 0.4000000060
32179  -43.617  -49.359  6.022 0.4000000060
32190  -44.268  -49.259  5.222 0.4000000060
32895  -43.802  -48.541  5.531 0.4000000060
110699  -44.279  -47.892  4.310 0.4000000060
30834  -38.287  -51.084  5.559 0.6000000238
32910  -44.411  -48.657  3.908 0.4000000060
33622  -44.767  -47.781  2.871 0.4000000060
30842  -37.769  -51.397  4.885 0.6000000238
30841  -37.519  -52.146  4.656 0.6999999881
30120  -37.253  -52.321  3.856 0.6999999881
116773  -44.947  -47.054  2.251 0.4000000060
108779  -37.030  -52.552  3.127 0.6999999881
28702  -36.548  -54.715  1.544 0.6999999881
31489  -41.231  -50.181  6.963 0.4000000060
120498  -39.080  -50.702  6.290 0.4000000060
123436  -40.511  -50.269  6.880 0.4000000060
122856  -42.900  -49.096  6.469 0.4000000060
105851  -38.779  -51.705  6.117 0.6000000238
32894  -43.142  -48.501  6.127 0.4000000060
31508  -38.053  -50.633  4.897 0.6999999881
33592  -43.897  -47.816  5.099 0.4000000060
33611  -44.566  -47.153  3.777 0.4000000060
116516  -37.891  -51.016  4.281 0.6999999881
114967  -44.808  -46.873  2.996 0.4000000060
30861  -37.429  -51.798  3.007 0.6999999881
34344  -45.311  -46.355  1.767 0.4000000060
30131  -37.056  -52.434  2.227 0.6999999881
29429  -36.810  -53.200  1.598 0.6999999881
115033  -45.771  -45.952  0.418 0.4000000060
35154  -45.916  -45.638  -0.570 0.4000000060
32189  -40.200  -49.132  6.503 0.4000000060
113240  -40.856  -48.804  6.684 0.4000000060
32886  -41.678  -48.591  6.732 0.4000000060
32178  -42.281  -49.240  6.786 0.4000000060
31497  -38.504  -50.204  5.524 0.6999999881
32188  -39.556  -49.140  6.022 0.5000000000
32887  -42.437  -48.483  6.540 0.4000000060
32195  -38.330  -49.875  4.749 0.6999999881
33591  -43.328  -47.812  5.746 0.4000000060
33600  -43.990  -47.089  4.633 0.4000000060
31516  -38.166  -50.423  4.036 0.6999999881
34322  -43.467  -46.324  4.939 0.4000000060
34323  -44.175  -46.269  4.216 0.4000000060
31526  -38.250  -50.270  2.995 0.6999999881
34333  -44.624  -46.215  3.411 0.4000000060
30850  -37.876  -51.028  3.466 0.6999999881
35122  -45.141  -45.540  2.052 0.4000000060
34343  -44.941  -46.231  2.586 0.4000000060
35133  -45.580  -45.715  1.199 0.4000000060
30868  -37.522  -51.736  1.823 0.6999999881
119824  -45.675  -44.769  -0.332 0.4000000060
36032  -45.806  -44.700  -1.445 0.4000000060
32892  -40.161  -48.318  6.218 0.4000000060
32885  -41.075  -47.987  6.537 0.4000000060
33578  -41.901  -47.818  6.530 0.4000000060
32891  -39.302  -48.416  5.541 0.6000000238
33589  -41.363  -47.216  6.320 0.5000000000
33590  -42.184  -47.117  6.204 0.4000000060
115017  -32.685  -49.165  0.704 0.4000000060
113536  -33.834  -49.171  0.734 0.5000000000
32890  -38.794  -48.524  4.807 0.6000000238
34315  -42.636  -46.456  5.658 0.4000000060
32908  -38.659  -48.744  3.748 0.6000000238
35095  -43.617  -45.555  4.441 0.4000000060
32202  -38.524  -49.442  2.903 0.6000000238
35110  -44.250  -45.481  3.759 0.4000000060
122723  -38.408  -49.863  2.412 0.6999999881
35121  -44.691  -45.459  2.931 0.4000000060
31533  -38.220  -50.303  1.927 0.6999999881
36007  -45.153  -44.840  1.286 0.4000000060
30869  -37.989  -51.116  1.400 0.6999999881
36809  -45.285  -44.073  -0.664 0.4000000060
36823  -45.215  -43.747  -1.761 0.4000000060
36836  -45.214  -43.331  -3.101 0.4000000060
34313  -40.778  -46.737  5.924 0.5000000000
114397  -39.119  -47.852  5.072 0.6000000238
33587  -39.765  -47.513  5.608 0.5000000000
35085  -41.925  -45.725  5.475 0.5000000000
32938  -32.474  -48.224  0.616 0.3000000119
32939  -33.248  -48.484  0.751 0.5000000000
32909  -38.834  -47.874  3.258 0.6000000238
32899  -38.933  -47.865  4.266 0.6000000238
34314  -41.664  -46.481  5.938 0.4000000060
32919  -38.710  -48.642  2.644 0.6000000238
34321  -42.778  -45.638  5.025 0.5000000000
33632  -38.798  -47.927  1.330 0.6999999881
35109  -43.731  -44.948  3.973 0.4000000060
32942  -38.765  -48.800  1.017 0.8000000119
32211  -38.577  -49.412  1.852 0.6999999881
35985  -44.161  -44.687  3.253 0.4000000060
35132  -44.731  -44.753  2.316 0.4000000060
36023  -44.844  -44.087  0.845 0.4000000060
36808  -44.643  -43.771  0.046 0.4000000060
36830  -44.805  -42.948  -2.129 0.4000000060
37659  -44.906  -42.852  -2.776 0.4000000060
37666  -45.940  -42.381  -2.932 0.4000000060
33610  -39.078  -47.091  3.813 0.6000000238
34320  -39.575  -46.386  4.314 0.6000000238
33598  -40.070  -46.609  5.264 0.5000000000
35084  -40.963  -45.976  5.353 0.5000000000
34365  -32.951  -46.691  0.725 0.4000000060
33644  -33.332  -47.617  0.742 0.4000000060
33620  -38.817  -47.847  2.288 0.6000000238
118668  -41.304  -45.340  4.947 0.5000000000
33645  -34.301  -47.517  0.677 0.5000000000
32930  -38.781  -48.533  1.830 0.6999999881
115062  -34.770  -47.999  0.433 0.5000000000
124842  -38.558  -47.386  0.116 0.6999999881
108960  -38.567  -48.074  0.238 0.6999999881
35968  -42.096  -44.427  4.579 0.5000000000
34367  -35.521  -47.015  -0.243 0.6999999881
33646  -35.071  -46.988  0.466 0.6000000238
110519  -38.515  -48.293  -0.826 0.6999999881
123880  -38.540  -47.539  -0.539 0.6999999881
122926  -38.493  -48.588  -0.291 0.6999999881
36770  -42.996  -43.648  3.419 0.5000000000
105043  -35.798  -45.626  -1.557 0.6999999881
34372  -35.573  -46.227  -0.819 0.6999999881
112199  -38.454  -49.003  -0.794 0.6999999881
35999  -43.700  -43.999  3.187 0.4000000060
32956  -38.329  -48.721  -1.867 0.6999999881
32241  -38.247  -49.586  -1.397 0.8000000119
36000  -44.181  -44.051  2.527 0.4000000060
36006  -44.605  -44.083  1.656 0.4000000060
36822  -44.807  -43.187  -0.927 0.4000000060
37658  -44.720  -42.200  -2.589 0.4000000060
37665  -45.145  -42.372  -2.990 0.4000000060
34332  -39.234  -46.276  3.373 0.6000000238
35107  -39.734  -45.581  3.852 0.6000000238
35093  -40.295  -45.730  4.633 0.6000000238
122536  -40.834  -45.505  4.875 0.5000000000
34366  -34.119  -46.746  0.788 0.6999999881
34353  -38.915  -46.240  1.342 0.6999999881
33621  -38.932  -47.056  2.819 0.6000000238
35981  -40.669  -44.322  4.021 0.5000000000
33657  -38.556  -46.864  -0.131 0.6999999881
115490  -38.713  -46.229  0.411 0.6999999881
34341  -38.839  -47.067  1.820 0.6999999881
35966  -40.771  -45.072  4.569 0.5000000000
35967  -41.383  -44.649  4.611 0.5000000000
35147  -35.412  -45.976  0.160 0.6999999881
33648  -38.717  -47.117  0.749 0.6999999881
35983  -42.512  -44.062  4.049 0.5000000000
116351  -38.529  -46.133  -1.940 0.6999999881
34373  -38.556  -46.916  -1.187 0.6999999881
33662  -38.393  -47.148  -2.412 0.6999999881
35165  -38.372  -45.723  -3.222 0.6000000238
34382  -38.248  -46.579  -3.289 0.6000000238
115411  -38.072  -47.348  -3.339 0.6999999881
36787  -43.522  -43.470  2.700 0.4000000060
36788  -44.071  -43.387  1.943 0.4000000060
35159  -36.110  -44.402  -2.239 0.6999999881
119251  -38.230  -45.485  -4.274 0.6000000238
36797  -44.419  -43.366  0.944 0.4000000060
35170  -38.016  -45.506  -4.833 0.6000000238
112097  -44.176  -42.506  0.564 0.4000000060
37638  -44.442  -42.429  -0.487 0.4000000060
37648  -44.574  -42.303  -1.684 0.4000000060
37664  -44.838  -41.591  -2.965 0.4000000060
38449  -45.199  -41.389  -3.120 0.4000000060
35980  -39.910  -44.751  3.503 0.6000000238
107399  -32.447  -45.894  0.702 0.6000000238
105348  -33.655  -45.807  0.807 0.6000000238
36022  -38.992  -44.757  0.762 0.6000000238
113913  -39.126  -45.185  1.858 0.6999999881
35120  -39.360  -45.435  2.971 0.6000000238
104936  -38.591  -45.348  -0.901 0.6000000238
107256  -38.707  -45.449  0.089 0.6000000238
35148  -38.960  -45.590  0.887 0.6999999881
104842  -34.820  -45.843  0.671 0.6999999881
35160  -38.571  -45.133  -1.980 0.6000000238
36769  -42.002  -43.349  3.587 0.5000000000
35151  -35.678  -44.051  0.070 0.6999999881
35146  -35.288  -44.875  0.369 0.6999999881
36042  -38.443  -44.651  -3.223 0.6000000238
36786  -42.656  -43.011  2.823 0.4000000060
35158  -36.011  -44.430  -1.421 0.6999999881
35152  -35.689  -45.007  -0.455 0.6999999881
37629  -43.272  -42.155  1.898 0.4000000060
37618  -43.374  -42.851  2.216 0.4000000060
109302  -38.351  -44.756  -4.861 0.6000000238
38410  -43.901  -41.815  1.243 0.4000000060
35164  -36.631  -45.056  -3.437 0.6999999881
36046  -37.014  -44.316  -4.405 0.6999999881
35169  -37.648  -45.479  -4.746 0.6000000238
119985  -44.522  -41.691  -1.139 0.4000000060
38440  -44.555  -41.487  -2.439 0.4000000060
38441  -44.868  -41.011  -3.174 0.4000000060
38442  -45.960  -41.260  -2.806 0.4000000060
105438  -46.626  -40.598  -1.826 0.3000000119
35144  -33.027  -44.933  0.752 0.5000000000
36820  -38.755  -44.051  -0.720 0.6000000238
36031  -38.924  -43.981  0.216 0.6000000238
112253  -39.472  -44.226  2.245 0.6000000238
122385  -39.516  -44.734  2.734 0.6000000238
35997  -39.920  -44.169  2.979 0.6000000238
35145  -34.286  -44.710  0.641 0.5000000000
36828  -38.808  -43.530  -1.427 0.6000000238
113807  -38.598  -44.684  -1.053 0.6000000238
36030  -38.726  -44.697  -0.231 0.6000000238
117809  -40.482  -43.108  2.739 0.5000000000
35998  -40.479  -43.669  3.277 0.4000000060
36768  -41.152  -43.614  3.711 0.5000000000
117795  -41.199  -43.061  3.080 0.4000000060
37599  -41.910  -42.795  3.001 0.4000000060
36021  -35.035  -43.817  0.292 0.8000000119
36835  -38.575  -43.821  -2.322 0.6000000238
37617  -42.198  -42.325  2.611 0.4000000060
120733  -42.780  -42.431  2.352 0.4000000060
109636  -35.955  -43.879  -0.666 0.6999999881
122662  -38.413  -44.205  -4.008 0.6000000238
110363  -38.513  -43.744  -4.720 0.6000000238
36036  -36.043  -43.495  -1.589 0.6999999881
105823  -38.183  -44.145  -5.357 0.6000000238
38418  -44.404  -41.410  0.133 0.4000000060
36041  -36.207  -43.713  -2.855 0.6999999881
36850  -37.823  -43.596  -5.510 0.6999999881
38429  -44.624  -40.843  -1.216 0.4000000060
36842  -36.359  -43.170  -3.936 0.6999999881
39339  -44.968  -39.985  -1.399 0.4000000060
39352  -45.059  -40.413  -3.311 0.3000000119
40294  -45.705  -40.064  -2.612 0.4000000060
39353  -45.576  -40.600  -3.022 0.3000000119
36821  -39.125  -43.201  -0.394 0.6000000238
37636  -39.461  -42.461  0.385 0.6000000238
104690  -39.024  -43.945  1.024 0.6000000238
37625  -39.656  -42.635  1.363 0.6000000238
36796  -40.095  -42.891  2.140 0.5000000000
36020  -33.420  -43.959  0.494 0.6000000238
36829  -39.086  -42.739  -1.434 0.6000000238
37647  -39.406  -42.254  -0.649 0.6000000238
37656  -38.768  -43.107  -2.407 0.6000000238
37627  -41.182  -41.845  2.189 0.5000000000
37615  -40.806  -42.535  2.489 0.4000000060
37616  -41.562  -42.373  2.635 0.4000000060
37663  -38.795  -42.702  -4.015 0.6000000238
38407  -41.591  -41.270  2.009 0.5000000000
38393  -41.903  -41.727  2.368 0.5000000000
36029  -35.423  -43.171  -0.065 0.8000000119
39312  -42.890  -40.619  1.484 0.4000000060
37628  -42.571  -41.843  2.185 0.4000000060
36035  -35.825  -43.124  -0.903 0.8000000119
37673  -38.437  -42.743  -5.238 0.6000000238
38409  -43.161  -41.401  1.687 0.4000000060
36857  -38.115  -43.549  -5.615 0.6999999881
41141  -44.970  -38.497  -3.237 0.5000000000
41112  -44.740  -38.701  -3.323 0.5000000000
123307  -44.711  -39.150  -3.002 0.5000000000
40266  -43.856  -39.605  -0.004 0.4000000060
39324  -44.477  -40.204  0.006 0.4000000060
36827  -36.107  -43.017  -1.689 0.6999999881
36834  -36.153  -42.887  -2.697 0.6999999881
36843  -37.165  -43.495  -4.999 0.6999999881
37672  -37.446  -42.579  -5.187 0.6999999881
41907  -44.554  -37.695  -3.169 0.5000000000
40281  -44.628  -39.499  -2.092 0.4000000060
40267  -44.527  -39.742  -0.666 0.4000000060
41893  -44.962  -37.685  -3.054 0.4000000060
41142  -45.054  -38.461  -3.265 0.5000000000
40305  -44.997  -38.994  -3.339 0.4000000060
40292  -44.937  -39.377  -3.348 0.4000000060
39340  -44.911  -39.998  -3.123 0.4000000060
110177  -45.569  -38.084  -2.322 0.4000000060
41128  -45.245  -38.958  -3.177 0.4000000060
41129  -45.627  -39.405  -2.701 0.4000000060
36804  -32.854  -43.176  0.196 0.5000000000
119419  -39.258  -41.994  -1.571 0.6000000238
38439  -39.665  -41.354  -1.131 0.6000000238
39320  -40.274  -41.058  0.567 0.5000000000
37637  -40.010  -41.831  0.996 0.5000000000
116213  -34.239  -43.645  0.320 0.6999999881
38448  -39.178  -41.571  -4.148 0.6000000238
37657  -39.014  -42.233  -2.566 0.6000000238
38406  -40.804  -41.252  1.499 0.5000000000
36805  -33.734  -42.936  -0.032 0.6000000238
38459  -38.782  -41.651  -5.355 0.6000000238
115445  -41.597  -40.038  0.839 0.5000000000
39311  -41.725  -40.573  1.526 0.5000000000
36818  -34.416  -42.320  -0.492 0.8000000119
41110  -43.191  -38.419  -1.267 0.5000000000
39338  -41.976  -39.589  0.286 0.5000000000
39322  -42.432  -39.902  1.063 0.5000000000
36819  -34.874  -42.702  -0.344 0.8000000119
38467  -38.276  -41.652  -5.534 0.6000000238
42696  -43.677  -36.724  -3.651 0.5000000000
41892  -43.115  -37.197  -3.850 0.5000000000
115866  -43.635  -37.992  -2.848 0.5000000000
116554  -43.284  -39.173  -0.361 0.5000000000
40265  -42.942  -39.508  0.347 0.5000000000
36826  -35.329  -42.617  -0.811 0.8000000119
121832  -38.081  -42.838  -5.577 0.6999999881
41127  -44.071  -37.516  -3.323 0.5000000000
41111  -44.134  -38.755  -2.214 0.5000000000
37655  -36.249  -42.628  -1.797 0.8000000119
37671  -36.681  -42.403  -4.447 0.6999999881
38458  -37.166  -41.458  -4.936 0.6999999881
42682  -44.361  -36.925  -3.086 0.4000000060
42683  -45.256  -37.218  -2.185 0.4000000060
38428  -39.780  -41.660  0.020 0.5000000000
114039  -32.355  -42.570  -0.338 0.5000000000
105605  -39.307  -41.358  -2.494 0.6000000238
39349  -39.839  -40.559  -2.380 0.6000000238
39336  -40.499  -40.415  -0.021 0.5000000000
40277  -40.787  -39.856  -0.822 0.5000000000
37643  -31.849  -42.103  -0.816 0.5000000000
37644  -32.890  -41.888  -1.183 0.5000000000
36816  -33.225  -42.300  -0.729 0.5000000000
104439  -39.216  -40.649  -5.608 0.6000000238
40291  -41.386  -38.520  -1.894 0.5000000000
40278  -41.582  -39.291  -0.742 0.5000000000
39337  -41.194  -39.956  0.106 0.5000000000
41891  -42.033  -37.115  -3.560 0.5000000000
41125  -41.877  -37.731  -2.366 0.5000000000
41109  -42.194  -38.391  -1.326 0.5000000000
40279  -42.505  -39.052  -0.401 0.5000000000
118028  -37.897  -40.771  -5.699 0.6000000238
41126  -42.636  -37.710  -2.364 0.5000000000
37646  -34.463  -41.972  -0.720 0.6999999881
41906  -43.201  -36.493  -4.084 0.5000000000
42681  -43.447  -36.286  -3.693 0.4000000060
37662  -36.300  -42.412  -3.347 0.6999999881
42668  -44.776  -36.595  -1.713 0.5000000000
37654  -35.205  -42.177  -0.906 0.6999999881
115388  -45.569  -36.851  -0.786 0.4000000060
43605  -47.174  -35.238  -0.029 0.4000000060
44551  -47.886  -34.693  -0.486 0.5000000000
120525  -47.997  -33.952  -0.444 0.5000000000
43630  -48.765  -35.079  -1.492 0.5000000000
44552  -48.434  -34.307  -1.081 0.5000000000
39335  -40.231  -40.524  -1.064 0.5000000000
39359  -39.491  -40.563  -3.972 0.6000000238
39350  -40.436  -39.774  -2.123 0.6000000238
40290  -40.999  -39.304  -1.668 0.5000000000
38425  -32.457  -41.609  -1.282 0.5000000000
108587  -33.127  -41.927  -1.083 0.6999999881
115986  -39.555  -39.865  -5.544 0.6000000238
39360  -40.076  -39.504  -4.117 0.6000000238
117037  -41.596  -37.472  -3.239 0.5000000000
38460  -38.591  -40.580  -5.966 0.6000000238
37645  -33.840  -41.962  -0.827 0.6999999881
39368  -38.962  -39.760  -6.190 0.6000000238
41905  -42.383  -36.313  -4.367 0.5000000000
39367  -38.035  -39.848  -6.171 0.6000000238
42695  -43.039  -36.127  -4.230 0.5000000000
43646  -42.693  -35.734  -3.993 0.4000000060
42667  -43.880  -36.209  -2.470 0.5000000000
118136  -37.440  -40.475  -5.313 0.6999999881
38457  -36.466  -41.832  -4.084 0.6999999881
44540  -45.984  -34.807  0.872 0.4000000060
45478  -47.033  -33.258  0.365 0.4000000060
38447  -36.800  -41.400  -4.231 0.6999999881
44541  -47.345  -34.137  0.128 0.4000000060
38437  -36.320  -42.365  -1.892 0.6999999881
108159  -35.391  -42.105  -0.985 0.6999999881
45497  -48.664  -33.611  -1.656 0.5000000000
44563  -48.913  -34.362  -1.909 0.5000000000
40303  -40.617  -38.693  -3.094 0.5000000000
40313  -39.953  -38.238  -4.950 0.6000000238
40304  -41.215  -37.879  -3.161 0.5000000000
38433  -32.729  -41.463  -1.271 0.6000000238
38434  -33.099  -41.561  -1.104 0.6000000238
39369  -39.354  -39.020  -5.638 0.6000000238
41140  -41.100  -37.235  -4.267 0.5000000000
37652  -33.409  -41.693  -0.896 0.6000000238
117152  -38.571  -38.922  -5.776 0.5000000000
40312  -39.266  -38.266  -5.632 0.5000000000
120758  -42.181  -35.820  -4.523 0.5000000000
43657  -41.743  -35.547  -4.399 0.5000000000
41917  -42.698  -35.980  -4.410 0.5000000000
43645  -41.885  -35.305  -4.060 0.6000000238
43629  -43.031  -35.764  -2.954 0.5000000000
37653  -33.807  -41.436  -0.901 0.6999999881
39358  -37.673  -39.633  -5.346 0.6999999881
43594  -45.181  -35.074  1.204 0.5000000000
44534  -45.502  -33.987  1.268 0.4000000060
118650  -34.256  -41.506  -0.925 0.6999999881
39357  -37.194  -40.778  -4.146 0.6999999881
39347  -37.147  -41.074  -2.188 0.6999999881
43617  -44.128  -36.173  -0.862 0.5000000000
44535  -46.448  -33.863  0.717 0.4000000060
38446  -36.377  -42.178  -3.101 0.6999999881
46309  -47.242  -32.610  0.027 0.4000000060
38436  -34.413  -41.774  -1.012 0.6999999881
38427  -36.492  -41.770  -1.470 0.6999999881
45486  -47.594  -33.313  -0.230 0.4000000060
46318  -47.741  -32.536  -0.566 0.4000000060
38426  -35.566  -41.984  -1.017 0.6999999881
46319  -48.217  -32.383  -1.187 0.4000000060
45508  -48.763  -32.966  -2.244 0.5000000000
115110  -48.482  -32.932  -1.539 0.5000000000
41150  -40.213  -37.564  -4.699 0.5000000000
41139  -40.644  -37.808  -4.315 0.5000000000
41149  -39.593  -37.882  -4.923 0.5000000000
41914  -39.961  -37.198  -4.746 0.5000000000
41915  -40.550  -36.851  -4.390 0.5000000000
43643  -41.388  -35.648  -4.412 0.5000000000
39346  -33.085  -40.903  -1.306 0.6000000238
41903  -39.749  -37.176  -4.402 0.5000000000
41916  -41.442  -36.445  -4.422 0.5000000000
38435  -33.499  -41.493  -0.946 0.6999999881
41138  -38.847  -38.199  -5.187 0.5000000000
43627  -41.525  -35.437  -3.114 0.6000000238
108111  -42.449  -35.502  -2.094 0.5000000000
120890  -38.640  -38.331  -4.171 0.6000000238
40301  -38.131  -38.756  -4.720 0.6999999881
43616  -43.182  -35.667  -1.341 0.5000000000
43593  -44.462  -35.254  1.376 0.4000000060
108802  -34.017  -41.449  -0.985 0.6999999881
39348  -37.805  -40.081  -3.364 0.8000000119
43601  -43.628  -35.898  0.088 0.5000000000
45470  -46.000  -33.180  1.139 0.4000000060
45477  -46.525  -33.070  0.759 0.4000000060
116323  -46.988  -32.039  0.270 0.4000000060
39334  -37.775  -40.390  -1.418 0.6000000238
47148  -47.419  -31.822  -0.218 0.4000000060
38438  -36.603  -41.707  -2.828 0.6999999881
40275  -38.353  -39.770  -0.587 0.6000000238
39331  -35.110  -41.342  -0.952 0.6999999881
39332  -36.251  -41.430  -0.634 0.6000000238
40262  -37.622  -39.978  0.272 0.6000000238
39319  -37.693  -40.336  -0.227 0.6000000238
47149  -47.996  -31.636  -0.814 0.4000000060
40263  -38.226  -39.646  0.252 0.6000000238
46331  -48.527  -32.231  -1.975 0.5000000000
41095  -37.889  -39.183  0.612 0.6000000238
46338  -48.660  -32.219  -2.993 0.5000000000
42694  -40.981  -35.981  -4.410 0.6000000238
40285  -32.302  -39.819  -1.753 0.5000000000
41904  -40.278  -36.644  -4.326 0.6000000238
42680  -41.065  -35.678  -3.090 0.6000000238
111435  -33.755  -40.718  -1.187 0.6000000238
40302  -39.178  -37.773  -4.364 0.6000000238
43614  -41.864  -35.401  -2.168 0.5000000000
43615  -42.135  -35.508  -0.966 0.5000000000
40286  -33.102  -39.877  -1.591 0.6000000238
104200  -33.529  -40.526  -1.280 0.6000000238
41123  -39.642  -37.732  -3.018 0.6000000238
41124  -40.016  -37.701  -1.849 0.6000000238
43600  -42.859  -35.755  -0.137 0.5000000000
43587  -43.904  -35.005  2.037 0.5000000000
44533  -44.654  -34.444  1.685 0.4000000060
39330  -34.212  -40.662  -1.100 0.6999999881
41104  -34.577  -39.480  -0.992 0.6000000238
40288  -38.382  -39.257  -2.535 0.6999999881
41107  -39.525  -38.268  -1.487 0.6000000238
43592  -43.861  -35.688  1.202 0.5000000000
46302  -46.282  -32.512  1.011 0.4000000060
116449  -46.589  -31.886  0.735 0.4000000060
47139  -47.054  -31.175  0.286 0.4000000060
40276  -38.887  -38.910  -1.112 0.6999999881
41097  -39.588  -38.732  -0.152 0.6999999881
42655  -42.302  -36.033  0.360 0.5000000000
42647  -43.082  -36.072  1.039 0.5000000000
40273  -35.332  -40.279  -0.643 0.6000000238
40264  -38.965  -39.289  0.155 0.6000000238
113561  -39.437  -38.619  0.664 0.6999999881
114364  -47.700  -30.793  -0.452 0.4000000060
108226  -36.070  -40.783  -0.413 0.6000000238
39318  -36.947  -40.599  -0.023 0.6000000238
41085  -40.015  -38.013  1.254 0.6000000238
47159  -48.179  -30.830  -1.154 0.4000000060
40274  -36.358  -39.783  -0.071 0.6000000238
111257  -37.199  -39.734  0.324 0.6000000238
41083  -38.392  -38.381  1.032 0.6000000238
114444  -39.460  -37.521  1.667 0.6000000238
41859  -38.678  -37.652  1.392 0.6000000238
47169  -48.396  -31.251  -2.749 0.5000000000
47160  -48.341  -31.470  -1.578 0.4000000060
47176  -47.879  -30.843  -3.957 0.5000000000
42665  -40.771  -36.308  -2.316 0.6000000238
41890  -40.168  -36.894  -3.149 0.6000000238
42666  -41.371  -35.736  -1.766 0.5000000000
105284  -40.495  -37.283  -1.366 0.6000000238
42654  -41.641  -36.183  -0.214 0.5000000000
45468  -44.877  -33.516  1.896 0.4000000060
40287  -33.798  -39.687  -1.396 0.6000000238
41108  -40.046  -38.002  -0.595 0.6000000238
41871  -41.206  -37.116  0.514 0.5000000000
42638  -42.251  -36.170  2.245 0.5000000000
123479  -42.807  -36.130  1.944 0.5000000000
46301  -45.698  -32.515  1.520 0.4000000060
47133  -46.011  -31.807  1.304 0.4000000060
41086  -40.699  -37.773  0.968 0.5000000000
117935  -42.384  -36.410  1.506 0.5000000000
48013  -47.424  -30.215  0.123 0.4000000060
41105  -35.446  -39.115  -0.504 0.6000000238
109666  -40.180  -36.115  2.537 0.6000000238
114946  -47.527  -29.810  -0.462 0.4000000060
122299  -36.119  -38.664  -0.143 0.6000000238
41106  -36.940  -38.753  0.362 0.6000000238
42645  -39.715  -36.631  2.103 0.6000000238
48021  -47.788  -30.094  -1.275 0.4000000060
48033  -48.237  -30.474  -1.994 0.4000000060
48043  -47.706  -29.624  -2.358 0.4000000060
107928  -37.636  -38.182  0.774 0.6000000238
41858  -38.060  -37.705  1.091 0.6000000238
48044  -48.003  -30.194  -3.131 0.4000000060
48054  -47.124  -30.284  -4.114 0.5000000000
48068  -45.946  -30.632  -5.147 0.4000000060
41879  -41.036  -36.685  -0.765 0.5000000000
115514  -43.441  -33.719  3.045 0.5000000000
44527  -43.388  -34.426  2.778 0.5000000000
44528  -44.088  -33.877  2.445 0.5000000000
46293  -45.258  -32.112  1.897 0.4000000060
41122  -34.824  -38.521  -1.003 0.6000000238
41878  -40.634  -37.616  0.015 0.6000000238
43585  -41.745  -35.823  2.745 0.5000000000
107587  -43.222  -35.144  2.542 0.5000000000
124412  -45.634  -32.010  1.632 0.4000000060
116434  -46.424  -31.075  0.913 0.4000000060
42637  -41.511  -36.614  2.035 0.5000000000
41877  -36.300  -37.743  -0.011 0.6000000238
43583  -39.641  -35.703  2.327 0.6000000238
48944  -47.419  -28.919  -2.123 0.4000000060
41870  -37.493  -37.217  0.753 0.6000000238
42635  -39.180  -36.037  1.907 0.6000000238
42643  -38.147  -36.947  1.176 0.6000000238
42644  -38.870  -36.712  1.633 0.6000000238
117663  -47.354  -29.722  -3.461 0.4000000060
48973  -46.478  -29.826  -4.282 0.4000000060
117678  -44.975  -29.549  -5.378 0.3000000119
45461  -43.771  -33.104  3.029 0.5000000000
45462  -44.468  -32.976  2.490 0.5000000000
47132  -45.475  -31.551  1.714 0.5000000000
48001  -45.735  -30.256  1.551 0.5000000000
43579  -42.711  -34.781  3.105 0.5000000000
44517  -42.838  -33.971  3.322 0.6000000238
115880  -45.833  -30.969  1.403 0.4000000060
48002  -46.257  -30.251  1.103 0.5000000000
48907  -46.544  -29.477  0.676 0.4000000060
41876  -35.458  -37.861  -0.706 0.6000000238
42663  -35.881  -36.829  -0.593 0.6000000238
43577  -41.123  -35.251  3.148 0.6000000238
48908  -47.214  -29.568  0.177 0.4000000060
48921  -47.169  -29.034  -0.527 0.4000000060
42664  -36.676  -36.714  0.178 0.6000000238
49776  -47.384  -28.168  -1.864 0.3000000119
43598  -37.588  -36.139  0.666 0.6000000238
44514  -40.472  -34.440  3.096 0.6000000238
44525  -39.636  -34.700  2.444 0.6000000238
48958  -47.221  -29.224  -3.349 0.4000000060
43590  -38.304  -36.162  1.227 0.6000000238
43591  -38.702  -35.865  1.558 0.6000000238
118464  -39.428  -33.804  2.271 0.6000000238
48957  -46.203  -29.227  -4.305 0.3000000119
50704  -45.371  -28.096  -4.662 0.3000000119
49815  -45.280  -28.998  -4.806 0.3000000119
49814  -45.017  -28.611  -5.186 0.3000000119
46274  -43.336  -32.449  3.418 0.6000000238
46291  -44.053  -32.333  2.921 0.5000000000
114482  -44.628  -31.000  2.435 0.5000000000
47984  -45.194  -30.776  1.908 0.5000000000
44516  -42.142  -34.255  3.554 0.6000000238
46273  -42.558  -32.601  3.712 0.6000000238
49727  -46.266  -28.787  0.734 0.4000000060
48920  -46.740  -28.838  0.112 0.4000000060
107633  -36.162  -35.902  -0.608 0.6000000238
44515  -41.363  -34.419  3.430 0.6000000238
49760  -47.294  -28.596  -1.195 0.3000000119
43597  -36.870  -35.636  -0.090 0.6000000238
105852  -37.429  -35.212  0.367 0.6000000238
45476  -38.320  -33.810  0.912 0.6000000238
45459  -39.883  -33.955  2.787 0.6000000238
43599  -38.220  -35.146  1.093 0.6000000238
49791  -47.329  -28.477  -2.805 0.3000000119
44531  -38.938  -34.355  1.710 0.6000000238
49803  -46.888  -28.689  -3.645 0.3000000119
50703  -45.202  -27.608  -4.896 0.3000000119
50708  -45.170  -27.718  -5.227 0.3000000119
47119  -43.615  -31.626  3.260 0.6000000238
47120  -44.339  -31.588  2.717 0.5000000000
47983  -44.644  -30.297  2.390 0.5000000000
48894  -45.262  -29.733  1.877 0.4000000060
47100  -42.042  -31.932  3.858 0.6000000238
47101  -42.831  -31.778  3.702 0.6000000238
49743  -46.563  -28.192  0.170 0.4000000060
46272  -41.770  -32.778  3.772 0.6000000238
50630  -46.874  -27.659  -0.324 0.4000000060
50647  -47.181  -27.875  -1.032 0.3000000119
46271  -40.930  -32.968  3.482 0.6000000238
44539  -37.612  -34.410  0.315 0.6000000238
46290  -40.202  -32.755  3.006 0.6000000238
115466  -47.332  -27.145  -2.680 0.3000000119
110324  -39.428  -33.125  2.210 0.6000000238
50692  -47.029  -27.886  -3.398 0.3000000119
45467  -39.028  -33.398  1.657 0.6000000238
51518  -46.239  -26.863  -4.322 0.3000000119
51530  -45.630  -26.795  -4.721 0.3000000119
47963  -43.025  -30.834  3.500 0.6000000238
47982  -43.990  -30.768  2.899 0.5000000000
49702  -44.891  -29.008  1.940 0.5000000000
49726  -45.589  -28.768  1.430 0.4000000060
49742  -46.131  -28.102  0.852 0.4000000060
50629  -46.451  -27.491  0.326 0.4000000060
120569  -42.332  -31.230  3.831 0.6000000238
50665  -47.339  -27.333  -1.675 0.3000000119
47099  -41.254  -32.084  3.677 0.6000000238
51490  -47.377  -26.547  -1.976 0.3000000119
45475  -37.752  -33.624  0.081 0.6000000238
105548  -40.594  -32.222  3.314 0.6000000238
51506  -47.359  -26.382  -2.980 0.3000000119
46289  -39.705  -32.689  2.517 0.6000000238
46300  -39.267  -32.455  1.869 0.6000000238
114950  -43.450  -30.017  3.048 0.6000000238
49701  -44.339  -28.772  2.367 0.4000000060
49725  -44.903  -28.224  1.880 0.4000000060
111863  -45.597  -27.981  1.396 0.4000000060
47962  -42.202  -30.502  3.763 0.5000000000
108789  -42.694  -29.928  3.437 0.5000000000
51469  -46.796  -26.844  -0.203 0.4000000060
47961  -41.547  -31.131  3.773 0.5000000000
51489  -47.195  -26.664  -1.050 0.3000000119
47098  -40.740  -31.472  3.375 0.5000000000
123457  -47.466  -25.382  -2.361 0.3000000119
46306  -38.251  -32.969  0.157 0.6000000238
121259  -40.361  -30.977  2.952 0.5000000000
109705  -38.748  -32.836  0.997 0.6000000238
47118  -39.978  -31.840  2.686 0.6000000238
46299  -38.977  -31.962  0.991 0.6000000238
47131  -39.398  -31.429  1.738 0.6000000238
47138  -39.108  -31.089  0.851 0.5000000000
48000  -39.474  -30.500  1.486 0.5000000000
50591  -43.768  -27.589  2.608 0.4000000060
49700  -43.615  -28.452  2.844 0.3000000119
50592  -44.479  -27.481  2.116 0.4000000060
50607  -45.248  -27.407  1.605 0.4000000060
50608  -45.999  -27.382  1.050 0.3000000119
48853  -42.381  -29.170  3.529 0.5000000000
48854  -43.143  -29.222  3.191 0.4000000060
51468  -46.244  -26.722  0.595 0.3000000119
52351  -46.425  -26.040  0.207 0.3000000119
47960  -40.877  -30.596  3.377 0.5000000000
108868  -46.541  -25.374  -0.139 0.3000000119
52364  -46.887  -26.062  -0.521 0.3000000119
48852  -40.881  -29.683  3.299 0.5000000000
52378  -47.242  -25.978  -1.328 0.3000000119
47981  -40.353  -30.186  2.824 0.5000000000
119915  -47.342  -24.469  -3.486 0.3000000119
47980  -39.904  -30.796  2.307 0.5000000000
50579  -43.048  -27.720  3.063 0.3000000119
115405  -43.975  -26.827  2.372 0.3000000119
51454  -44.752  -26.720  1.838 0.3000000119
50578  -42.316  -27.811  3.352 0.3000000119
49690  -42.757  -28.466  3.302 0.4000000060
51455  -45.581  -26.670  1.266 0.3000000119
107235  -45.999  -25.260  0.499 0.3000000119
50577  -41.651  -27.872  3.385 0.3000000119
49687  -40.898  -28.799  3.228 0.4000000060
52365  -47.056  -25.360  -0.762 0.3000000119
109339  -47.374  -25.248  -1.599 0.3000000119
48871  -40.361  -29.210  2.686 0.5000000000
54395  -47.540  -23.793  -2.826 0.3000000119
48870  -39.880  -29.860  2.089 0.5000000000
54405  -47.391  -23.559  -3.804 0.3000000119
111071  -43.445  -26.166  2.662 0.3000000119
51445  -44.214  -26.049  2.162 0.3000000119
115931  -44.962  -25.944  1.508 0.3000000119
51431  -42.492  -27.108  3.143 0.3000000119
116197  -45.766  -25.940  0.880 0.3000000119
108741  -41.903  -27.305  3.322 0.3000000119
53322  -46.267  -24.715  0.183 0.3000000119
53340  -46.703  -24.666  -0.338 0.3000000119
50576  -40.997  -28.004  3.175 0.3000000119
50590  -41.286  -27.271  3.140 0.3000000119
53341  -47.213  -24.619  -0.922 0.3000000119
53361  -47.406  -24.488  -1.549 0.3000000119
50589  -40.600  -27.400  2.657 0.3000000119
49699  -40.534  -28.348  2.742 0.4000000060
54361  -47.293  -23.849  -1.150 0.3000000119
106553  -47.587  -23.148  -2.356 0.3000000119
123077  -40.249  -28.653  2.357 0.4000000060
55353  -47.460  -22.736  -4.032 0.3000000119
48892  -39.554  -29.559  1.076 0.4000000060
48893  -39.996  -28.973  1.883 0.4000000060
54416  -46.740  -23.202  -4.533 0.3000000119
52325  -42.882  -25.505  2.817 0.3000000119
52326  -43.702  -25.371  2.503 0.3000000119
52337  -44.440  -25.282  1.947 0.3000000119
52350  -45.152  -25.090  1.185 0.3000000119
53321  -45.655  -24.337  0.712 0.3000000119
115436  -46.303  -23.872  0.147 0.3000000119
51442  -40.978  -26.563  2.845 0.3000000119
52323  -41.392  -25.976  2.857 0.3000000119
54360  -46.928  -23.879  -0.495 0.3000000119
55329  -47.381  -22.939  -1.541 0.3000000119
49724  -40.166  -28.086  2.004 0.4000000060
55340  -47.604  -22.303  -2.455 0.3000000119
104570  -47.645  -22.307  -3.377 0.3000000119
49723  -39.781  -28.474  1.009 0.4000000060
56247  -47.548  -21.941  -4.093 0.3000000119
56263  -47.199  -21.360  -5.002 0.3000000119
55366  -46.841  -22.334  -4.732 0.3000000119
56271  -46.323  -21.035  -5.873 0.3000000119
54296  -43.820  -24.096  2.137 0.3000000119
53290  -43.958  -24.751  2.296 0.3000000119
53306  -44.488  -24.543  1.779 0.3000000119
53307  -44.997  -24.267  1.319 0.3000000119
53289  -43.157  -24.596  2.556 0.3000000119
54322  -45.072  -23.599  1.109 0.3000000119
55293  -45.872  -22.981  0.278 0.3000000119
106353  -41.480  -25.273  2.684 0.3000000119
113426  -42.268  -24.927  2.746 0.3000000119
55311  -46.490  -22.949  -0.302 0.3000000119
56226  -47.314  -21.919  -1.561 0.3000000119
52322  -40.774  -25.760  2.474 0.3000000119
56213  -46.733  -21.490  -0.919 0.3000000119
50606  -40.143  -27.154  1.870 0.4000000060
56227  -47.483  -21.349  -2.206 0.3000000119
110729  -39.898  -27.643  1.304 0.4000000060
57041  -47.812  -20.795  -2.761 0.3000000119
56237  -47.703  -21.623  -3.134 0.3000000119
106803  -39.589  -27.629  0.558 0.4000000060
57080  -46.737  -20.100  -6.191 0.3000000119
54321  -44.447  -23.794  1.664 0.3000000119
54295  -43.035  -23.571  2.253 0.3000000119
113231  -43.812  -23.414  1.937 0.3000000119
124322  -45.543  -22.509  0.408 0.3000000119
53288  -42.352  -24.095  2.473 0.3000000119
113256  -46.456  -22.092  -0.456 0.3000000119
53286  -40.908  -24.849  2.240 0.3000000119
117992  -48.148  -20.409  -3.457 0.3000000119
57052  -48.045  -20.432  -4.642 0.3000000119
123180  -47.147  -19.953  -5.868 0.3000000119
50628  -39.395  -27.541  -0.371 0.3000000119
57926  -47.356  -18.939  -7.571 0.3000000119
54320  -43.393  -22.773  1.900 0.3000000119
55279  -44.341  -22.917  1.482 0.3000000119
55291  -44.538  -22.090  1.052 0.3000000119
56200  -45.502  -21.360  0.200 0.3000000119
55310  -45.932  -22.194  0.073 0.3000000119
54294  -42.286  -23.430  2.267 0.3000000119
57026  -46.653  -20.658  -1.166 0.3000000119
57027  -47.287  -20.414  -1.829 0.3000000119
57872  -47.959  -19.787  -2.546 0.3000000119
57884  -48.240  -19.667  -3.732 0.3000000119
57903  -48.220  -19.062  -5.151 0.3000000119
57081  -47.787  -19.737  -5.485 0.3000000119
58799  -47.660  -18.173  -6.298 0.3000000119
57912  -47.191  -19.518  -6.200 0.3000000119
58805  -47.262  -18.263  -7.494 0.3000000119
59603  -47.104  -17.315  -8.354 0.3000000119
58812  -47.348  -17.883  -8.508 0.3000000119
58813  -47.910  -17.996  -8.816 0.3000000119
55277  -42.941  -22.038  1.792 0.3000000119
55278  -43.763  -22.073  1.560 0.3000000119
56199  -44.755  -21.336  0.723 0.3000000119
54293  -41.874  -23.096  2.106 0.3000000119
55256  -42.474  -22.748  2.050 0.3000000119
56980  -43.575  -20.837  1.259 0.3000000119
56185  -44.053  -21.373  1.246 0.3000000119
56999  -44.964  -20.496  0.356 0.3000000119
57012  -46.093  -20.209  -0.746 0.3000000119
54318  -40.666  -23.535  1.449 0.3000000119
111828  -48.225  -18.762  -4.239 0.3000000119
57885  -48.301  -19.575  -4.675 0.3000000119
59604  -47.221  -16.869  -7.907 0.3000000119
59617  -46.981  -16.722  -9.253 0.3000000119
56979  -42.907  -20.696  1.394 0.3000000119
56978  -42.148  -20.643  1.418 0.3000000119
56183  -42.526  -21.357  1.592 0.3000000119
56182  -41.691  -21.428  1.502 0.3000000119
55255  -41.610  -22.441  1.774 0.3000000119
55276  -42.228  -21.990  1.817 0.3000000119
55275  -40.855  -22.740  1.389 0.3000000119
41861  -40.591  -37.512  1.441 0.6999999881
42646  -41.845  -36.747  0.981 0.5000000000
41860  -40.238  -37.326  1.797 0.6000000238
109282  -38.179  -68.555  2.558 0.3000000119
18673  -38.211  -67.457  2.086 0.3000000119
17948  -38.561  -68.515  1.570 0.3000000119
18679  -39.018  -67.675  0.913 0.3000000119
17949  -39.372  -68.470  0.685 0.4000000060
18687  -40.351  -68.118  0.159 0.4000000060
18688  -40.729  -67.529  -0.135 0.4000000060
19446  -40.570  -66.490  -0.929 0.4000000060
20195  -41.847  -65.248  -2.066 0.4000000060
20950  -41.706  -64.615  -2.252 0.4000000060
110790  -40.991  -61.873  -1.340 0.4000000060
22648  -41.307  -63.051  -2.064 0.4000000060
24215  -40.846  -60.557  -0.806 0.4000000060
24971  -39.557  -58.825  1.791 0.4000000060
24926  -42.570  -59.942  4.730 0.3000000119
24147  -43.484  -60.161  4.918 0.3000000119
109348  -43.826  -60.274  5.132 0.3000000119
25746  -38.850  -58.498  2.662 0.5000000000
25723  -46.270  -58.855  5.699 0.3000000119
25745  -37.403  -58.191  3.432 0.5000000000
30863  -45.946  -50.773  2.798 0.3000000119
31527  -45.436  -50.305  2.269 0.3000000119
27924  -36.642  -55.314  3.662 0.6000000238
111595  -44.844  -49.193  2.019 0.4000000060
27935  -36.444  -55.270  2.973 0.6000000238
32931  -44.923  -48.786  1.606 0.4000000060
108681  -45.164  -48.209  0.885 0.4000000060
34354  -45.615  -46.526  0.920 0.4000000060
34368  -45.635  -46.770  -0.182 0.4000000060
105180  -45.941  -45.646  -1.685 0.4000000060
32228  -32.482  -50.073  0.655 0.4000000060
111344  -33.351  -49.938  0.778 0.5000000000
29438  -37.094  -53.325  0.484 0.6999999881
36043  -45.190  -44.097  -3.281 0.4000000060
30152  -37.349  -52.538  0.028 0.6999999881
36837  -45.529  -43.310  -3.241 0.4000000060
32940  -34.006  -48.254  0.707 0.5000000000
119549  -34.487  -48.725  0.481 0.5000000000
33647  -35.343  -47.866  0.003 0.6000000238
33656  -35.434  -47.851  -0.965 0.8000000119
31547  -38.246  -50.430  0.016 0.8000000119
110506  -38.204  -50.442  0.985 0.6999999881
31560  -38.182  -50.383  -0.990 0.8000000119
30900  -37.687  -51.810  -0.326 0.6999999881
32232  -38.395  -49.704  -0.393 0.8000000119
34376  -35.686  -46.549  -1.933 0.8000000119
32245  -38.033  -49.352  -2.148 0.8000000119
38450  -47.149  -42.066  -2.431 0.4000000060
35163  -36.146  -45.302  -2.270 0.6999999881
32960  -38.107  -48.755  -2.752 0.8000000119
112256  -36.358  -46.100  -3.197 0.6999999881
32967  -37.420  -48.192  -3.222 0.8000000119
112607  -37.155  -46.171  -3.980 0.6999999881
34386  -37.830  -46.198  -4.198 0.6000000238
40296  -48.280  -39.860  -1.684 0.3000000119
41880  -46.360  -37.898  -1.077 0.4000000060
40295  -46.795  -39.807  -1.207 0.4000000060
107890  -47.476  -40.088  -1.356 0.3000000119
41894  -46.071  -38.716  -1.861 0.4000000060
41113  -46.427  -39.275  -1.468 0.4000000060
42670  -46.454  -36.952  -0.474 0.4000000060
41882  -47.722  -37.100  -0.896 0.4000000060
42671  -47.913  -36.306  -0.621 0.5000000000
43618  -47.900  -35.516  -0.525 0.5000000000
42672  -48.471  -35.759  -1.073 0.5000000000
44564  -49.152  -34.992  -2.185 0.4000000060
42656  -45.026  -36.381  -0.174 0.5000000000
43603  -45.485  -35.639  0.566 0.5000000000
43604  -46.328  -35.487  0.414 0.4000000060
44576  -49.309  -34.409  -2.714 0.5000000000
45509  -49.042  -33.684  -2.485 0.5000000000
45514  -48.958  -32.991  -3.226 0.5000000000
47186  -47.321  -31.679  -4.776 0.5000000000
104679  -31.184  -39.489  -2.040 0.5000000000
47175  -46.897  -30.950  -4.706 0.5000000000
48067  -44.981  -30.761  -5.745 0.4000000060
40300  -31.434  -38.809  -2.436 0.6000000238
41119  -32.552  -38.985  -2.166 0.6000000238
111654  -33.343  -39.056  -1.774 0.6000000238
41121  -34.039  -38.586  -1.547 0.6000000238
48971  -44.817  -30.322  -5.800 0.3000000119
41889  -34.608  -37.658  -1.414 0.6000000238
49817  -45.172  -28.657  -5.791 0.3000000119
49818  -45.905  -27.591  -5.883 0.3000000119
42678  -35.082  -36.617  -1.359 0.6000000238
44550  -36.993  -34.775  -0.320 0.6000000238
112015  -37.171  -33.945  -0.500 0.6000000238
45485  -37.517  -33.004  -0.713 0.6000000238
46307  -38.618  -32.321  0.313 0.6000000238
47137  -38.764  -31.593  0.090 0.5000000000
48011  -39.190  -30.324  0.706 0.5000000000
118217  -39.464  -29.037  0.301 0.4000000060
49741  -39.419  -28.325  0.019 0.4000000060
58787  -48.154  -18.186  -5.336 0.3000000119
59593  -47.811  -17.307  -6.353 0.3000000119
61337  -47.423  -16.152  -9.100 0.3000000119
60515  -47.742  -16.390  -9.283 0.3000000119
59614  -48.129  -17.200  -9.194 0.3000000119
118363  -40.978  -21.903  1.281 0.3000000119
55290  -40.448  -22.312  0.776 0.3000000119
36038  -45.381  -44.296  -2.609 0.4000000060
19438  -41.171  -66.427  -0.251 0.4000000060
118066  -39.008  -63.995  1.893 0.3000000119
108828  -39.886  -63.296  1.409 0.3000000119
22614  -40.835  -62.522  0.972 0.3000000119
25770  -40.686  -58.364  1.170 0.4000000060
23377  -38.565  -61.486  4.056 0.3000000119
24991  -42.216  -59.531  -0.150 0.4000000060
24957  -42.516  -59.568  2.510 0.3000000119
26473  -38.831  -57.061  4.195 0.4000000060
25722  -45.280  -58.596  5.868 0.3000000119
27170  -44.607  -56.381  6.397 0.3000000119
28661  -46.092  -54.353  5.874 0.3000000119
30104  -46.109  -52.930  5.422 0.3000000119
114357  -43.015  -55.174  6.380 0.3000000119
27891  -44.152  -55.710  6.536 0.3000000119
30864  -46.688  -51.237  2.311 0.3000000119
104127  -42.285  -54.279  6.704 0.3000000119
107113  -43.436  -53.263  6.978 0.3000000119
30100  -37.586  -52.800  5.045 0.6000000238
29421  -36.720  -53.174  2.687 0.6999999881
30092  -41.017  -52.380  7.268 0.3000000119
33623  -44.895  -47.959  1.893 0.4000000060
114110  -41.748  -50.880  7.115 0.4000000060
32175  -39.822  -49.902  6.564 0.4000000060
115958  -44.556  -48.047  3.616 0.4000000060
32187  -38.790  -49.287  5.339 0.6000000238
116421  -38.437  -49.672  3.827 0.6999999881
30862  -37.877  -51.046  2.438 0.6999999881
30138  -37.194  -52.445  1.144 0.6999999881
123940  -42.843  -47.231  5.889 0.4000000060
120265  -38.555  -49.204  4.532 0.6000000238
35149  -45.632  -45.240  0.429 0.4000000060
36831  -45.061  -43.531  -2.671 0.4000000060
123840  -31.904  -49.541  0.458 0.3000000119
30884  -37.631  -51.766  0.755 0.6999999881
35969  -42.903  -44.852  4.415 0.5000000000
123866  -38.332  -49.960  1.382 0.6999999881
32951  -38.485  -48.983  0.106 0.6999999881
32220  -38.431  -49.678  0.725 0.8000000119
110933  -44.324  -43.177  -0.003 0.4000000060
34342  -39.032  -46.208  2.360 0.6999999881
33666  -38.251  -48.043  -2.700 0.6999999881
118695  -38.536  -43.681  -3.346 0.6000000238
34387  -37.952  -46.685  -3.819 0.6999999881
32968  -37.926  -48.125  -3.182 0.6999999881
33672  -37.668  -47.213  -3.499 0.8000000119
38443  -47.164  -41.286  -2.011 0.4000000060
36807  -39.161  -43.261  0.752 0.6000000238
111993  -39.174  -44.330  1.523 0.6000000238
36795  -39.425  -43.518  1.697 0.6999999881
36037  -38.589  -44.293  -1.718 0.6000000238
34385  -37.284  -46.781  -3.696 0.8000000119
103915  -37.982  -44.566  -5.382 0.6999999881
36785  -39.963  -43.565  2.538 0.4000000060
38417  -43.849  -40.880  0.984 0.3000000119
39351  -44.729  -40.731  -2.792 0.3000000119
37626  -40.393  -42.118  1.831 0.5000000000
36806  -34.530  -42.837  -0.078 0.6999999881
39323  -43.488  -40.075  0.780 0.4000000060
40280  -43.922  -39.175  -0.935 0.4000000060
40293  -45.021  -39.572  -3.341 0.4000000060
123127  -40.057  -40.990  -0.264 0.5000000000
39321  -40.945  -40.501  0.805 0.5000000000
36817  -33.847  -42.094  -0.723 0.6999999881
37651  -32.986  -41.784  -1.190 0.5000000000
45487  -48.175  -33.315  -0.924 0.5000000000
43619  -48.350  -35.079  -0.882 0.5000000000
38432  -31.471  -40.801  -1.308 0.5000000000
121018  -46.698  -34.703  0.476 0.4000000060
39345  -32.265  -40.645  -1.489 0.5000000000
43602  -44.534  -35.851  0.554 0.5000000000
39333  -37.110  -41.075  -0.808 0.6000000238
40289  -39.077  -38.392  -2.789 0.6000000238
41096  -38.724  -38.954  0.728 0.6000000238
108698  -48.319  -31.591  -3.777 0.5000000000
105015  -43.333  -35.747  1.942 0.5000000000
41098  -40.127  -38.252  0.500 0.6999999881
41084  -39.163  -38.305  1.238 0.6000000238
45463  -45.092  -32.757  1.970 0.4000000060
43586  -42.614  -35.606  2.622 0.5000000000
41862  -41.171  -37.237  1.353 0.5000000000
43584  -40.895  -36.042  2.722 0.6999999881
44526  -40.294  -35.392  2.800 0.6000000238
48931  -47.473  -29.325  -1.307 0.4000000060
41869  -36.961  -37.703  0.499 0.6000000238
48972  -45.348  -29.951  -5.136 0.4000000060
43578  -41.970  -35.073  3.249 0.6000000238
41852  -40.821  -37.098  1.784 0.6000000238
47121  -44.917  -31.552  2.156 0.5000000000
48895  -45.973  -29.532  1.271 0.4000000060
45444  -40.917  -33.794  3.406 0.6000000238
50678  -47.359  -27.802  -2.477 0.3000000119
45460  -40.341  -33.532  3.116 0.6000000238
44532  -39.038  -35.294  1.851 0.6000000238
110995  -39.802  -33.305  2.679 0.6000000238
49802  -46.182  -28.429  -4.226 0.3000000119
45446  -42.323  -33.421  3.671 0.6000000238
45445  -41.570  -33.616  3.647 0.6000000238
50691  -46.258  -27.613  -4.196 0.3000000119
50646  -47.134  -27.263  -0.819 0.4000000060
51519  -46.916  -27.012  -3.589 0.3000000119
48872  -43.871  -29.326  2.759 0.5000000000
48873  -44.526  -29.521  2.347 0.5000000000
114774  -41.511  -30.148  3.634 0.5000000000
49689  -42.030  -28.477  3.554 0.4000000060
49688  -41.417  -28.462  3.415 0.4000000060
54380  -47.499  -23.837  -1.920 0.3000000119
108037  -47.678  -22.965  -3.151 0.3000000119
56262  -46.192  -21.961  -5.534 0.3000000119
52324  -42.068  -25.752  2.945 0.3000000119
51441  -40.456  -26.527  2.318 0.3000000119
55328  -46.978  -22.407  -0.863 0.3000000119
109146  -47.810  -21.128  -3.889 0.3000000119
120826  -47.070  -19.457  -7.133 0.3000000119
112430  -45.232  -22.052  0.523 0.3000000119
53287  -41.622  -24.449  2.475 0.3000000119
56212  -46.121  -21.450  -0.349 0.3000000119
113010  -41.751  -23.702  2.261 0.3000000119
59613  -46.980  -17.089  -9.041 0.3000000119
113975  -45.741  -20.708  -0.261 0.3000000119
111499  -46.566  -19.799  -1.297 0.3000000119
54319  -41.318  -23.256  1.845 0.3000000119
108784  -47.866  -18.973  -3.102 0.3000000119
58806  -47.299  -17.755  -7.253 0.3000000119
60496  -47.000  -16.548  -9.025 0.3000000119
59618  -47.348  -16.725  -9.386 0.3000000119
59615  -49.425  -17.318  -8.264 0.3000000119
56184  -43.292  -21.380  1.511 0.3000000119
57827  -44.662  -19.567  0.282 0.3000000119
54336  -40.290  -23.062  0.842 0.3000000119
53319  -39.765  -24.434  0.450 0.3000000119
60497  -47.491  -16.177  -8.463 0.3000000119
20949  -40.875  -64.916  -2.236 0.4000000060
30885  -38.027  -51.145  0.383 0.6999999881
33671  -36.800  -47.647  -3.386 0.8000000119
109883  -48.461  -36.606  -1.302 0.4000000060
46317  -38.215  -32.125  -0.594 0.5000000000
42658  -46.747  -36.165  0.052 0.4000000060
111139  -47.216  -36.678  -0.392 0.4000000060
44598  -47.078  -34.718  -6.404 0.3000000119
44588  -48.232  -34.220  -5.380 0.4000000060
43647  -49.508  -35.179  -2.892 0.4000000060
44584  -49.510  -34.511  -3.623 0.4000000060
45515  -49.273  -33.741  -3.422 0.4000000060
45526  -46.726  -33.317  -6.530 0.3000000119
45519  -48.125  -33.463  -5.108 0.4000000060
106746  -47.221  -33.059  -5.664 0.3000000119
116930  -48.767  -33.187  -4.215 0.4000000060
46348  -47.289  -32.435  -5.284 0.3000000119
124965  -48.016  -32.877  -4.893 0.4000000060
118213  -46.145  -31.970  -6.155 0.3000000119
46347  -46.431  -32.029  -5.829 0.3000000119
46343  -48.389  -32.346  -4.222 0.4000000060
47196  -45.336  -31.355  -6.178 0.3000000119
47184  -45.262  -31.263  -5.945 0.3000000119
41120  -33.085  -38.239  -2.128 0.5000000000
48076  -44.901  -30.951  -6.184 0.3000000119
41887  -32.753  -37.338  -2.630 0.5000000000
111608  -32.583  -36.454  -3.151 0.5000000000
42676  -33.508  -36.733  -2.491 0.5000000000
108358  -34.257  -36.741  -1.918 0.5000000000
48982  -45.351  -30.274  -6.605 0.3000000119
42677  -34.511  -35.808  -2.070 0.5000000000
43612  -35.738  -35.305  -1.242 0.5000000000
44575  -35.051  -34.242  -2.926 0.5000000000
43625  -34.763  -34.966  -2.491 0.5000000000
44561  -35.747  -34.275  -2.020 0.4000000060
44574  -34.417  -34.402  -3.415 0.5000000000
44549  -36.441  -34.277  -1.167 0.5000000000
121574  -35.532  -33.703  -2.652 0.4000000060
118290  -36.831  -33.514  -1.179 0.5000000000
45507  -35.656  -33.019  -2.840 0.4000000060
46329  -36.309  -32.741  -2.403 0.4000000060
46337  -35.962  -32.184  -3.296 0.4000000060
46330  -36.778  -32.099  -2.423 0.5000000000
46316  -37.460  -32.147  -1.501 0.4000000060
47157  -37.366  -31.459  -2.358 0.5000000000
48010  -38.912  -30.724  0.009 0.4000000060
47147  -37.945  -31.566  -1.472 0.3000000119
47158  -37.926  -30.941  -2.006 0.3000000119
119691  -38.814  -30.397  -0.741 0.3000000119
48020  -38.416  -30.394  -1.537 0.3000000119
48032  -37.851  -30.251  -2.599 0.3000000119
48930  -38.331  -29.670  -2.059 0.3000000119
48906  -39.090  -29.814  -0.015 0.3000000119
48918  -38.789  -29.725  -1.073 0.3000000119
48919  -39.159  -29.007  -0.547 0.3000000119
49757  -38.745  -28.879  -1.631 0.3000000119
119967  -32.457  -35.615  -3.484 0.5000000000
116361  -48.268  -36.290  -6.214 0.3000000119
42692  -31.403  -35.707  -3.553 0.4000000060
121752  -34.525  -33.822  -3.743 0.5000000000
42657  -45.906  -36.305  0.100 0.4000000060
119688  -47.403  -36.009  -0.232 0.4000000060
43613  -36.343  -35.074  -0.825 0.5000000000
43631  -49.121  -35.904  -2.046 0.4000000060
41888  -33.760  -37.563  -1.984 0.5000000000
121717  -35.560  -36.001  -1.055 0.5000000000
43668  -47.371  -35.686  -6.657 0.3000000119
44599  -48.317  -35.091  -5.543 0.4000000060
45520  -49.012  -33.923  -4.395 0.4000000060
44589  -49.196  -34.713  -4.604 0.4000000060
109232  -47.002  -33.816  -6.010 0.3000000119
47194  -45.775  -31.642  -6.072 0.3000000119
47185  -46.178  -31.410  -5.505 0.3000000119
41137  -31.705  -37.921  -2.755 0.5000000000
41902  -31.421  -36.801  -3.292 0.5000000000
42693  -33.362  -35.936  -3.056 0.5000000000
121587  -33.961  -36.100  -2.472 0.5000000000
107741  -35.182  -35.542  -1.685 0.5000000000
44562  -35.909  -34.726  -1.429 0.5000000000
43642  -34.048  -35.254  -2.994 0.5000000000
45495  -36.223  -33.524  -1.974 0.4000000060
43626  -35.403  -34.821  -1.980 0.4000000060
45496  -36.845  -32.826  -1.651 0.5000000000
105175  -38.579  -31.161  -0.942 0.3000000119
43658  -49.712  -35.314  -3.866 0.4000000060
32955  -35.291  -48.680  -2.009 0.6999999881
32258  -37.827  -48.782  -2.978 0.6999999881
32966  -36.643  -48.441  -3.307 0.6999999881
32965  -36.075  -48.408  -3.342 0.6999999881
32959  -35.681  -48.216  -2.832 0.6999999881
111920  -35.456  -47.847  -2.001 0.6999999881
33665  -36.108  -47.592  -3.234 0.6999999881
33661  -35.698  -47.351  -2.445 0.6999999881
113416  -35.553  -47.142  -1.364 0.6999999881
41114  -47.171  -38.927  -0.911 0.3000000119
41130  -48.082  -38.462  -1.385 0.3000000119
41895  -47.484  -37.975  -1.043 0.3000000119
41896  -48.323  -37.527  -1.430 0.3000000119
34381  -36.633  -46.891  -3.475 0.6999999881
34380  -36.018  -46.780  -2.879 0.6999999881
115761  -46.760  -38.439  -0.911 0.3000000119
42684  -49.047  -37.025  -1.970 0.3000000119
41908  -49.567  -37.410  -2.705 0.3000000119
118481  -49.834  -36.804  -3.396 0.3000000119
121237  -35.964  -46.094  -2.357 0.6999999881
41881  -47.021  -37.559  -0.644 0.3000000119
123589  -49.501  -36.625  -2.600 0.3000000119
106594  -49.677  -35.989  -3.143 0.3000000119
42705  -49.811  -36.218  -4.239 0.3000000119
43660  -49.364  -35.499  -4.867 0.3000000119
30909  -37.721  -51.023  -1.425 0.6999999881
31571  -37.620  -49.882  -2.252 0.6999999881
32240  -35.492  -49.900  -1.040 0.6999999881
32250  -37.849  -49.292  -2.540 0.6999999881
123029  -37.577  -49.311  -2.760 0.6999999881
32257  -36.233  -49.058  -3.308 0.6999999881
115240  -35.282  -49.223  -1.306 0.6999999881
112916  -37.113  -48.902  -3.112 0.6999999881
118659  -47.763  -39.356  -1.301 0.3000000119
118333  -48.948  -38.083  -2.079 0.3000000119
114744  -49.967  -37.018  -4.187 0.3000000119
116531  -49.273  -36.236  -5.352 0.3000000119
43669  -48.586  -35.759  -5.663 0.3000000119
24183  -36.794  -60.349  2.601 0.4000000060
24968  -36.383  -59.702  2.888 0.4000000060
24969  -37.366  -59.582  2.822 0.4000000060
24970  -38.500  -59.299  2.417 0.4000000060
26484  -36.471  -57.089  3.186 0.4000000060
25744  -36.465  -58.107  3.177 0.4000000060
24954  -37.841  -58.805  3.014 0.4000000060
25762  -36.051  -58.972  2.861 0.4000000060
119438  -35.914  -58.372  2.538 0.4000000060
27207  -36.966  -56.554  3.843 0.4000000060
27206  -36.461  -56.061  3.216 0.5000000000
26501  -36.063  -57.651  2.484 0.5000000000
25761  -35.591  -58.948  2.107 0.5000000000
27218  -36.167  -56.754  2.369 0.5000000000
26500  -35.674  -58.186  1.813 0.5000000000
121845  -35.447  -58.849  1.024 0.5000000000
24988  -35.474  -59.822  0.601 0.5000000000
26510  -35.948  -57.403  1.547 0.5000000000
105385  -36.233  -55.857  2.241 0.6000000238
27224  -36.118  -56.525  1.344 0.5000000000
26509  -35.710  -57.975  0.903 0.5000000000
25791  -35.888  -57.560  -0.426 0.6000000238
25778  -35.714  -58.205  0.086 0.5000000000
26528  -36.109  -56.891  -0.967 0.5000000000
112209  -36.393  -55.103  2.181 0.6000000238
26518  -36.158  -57.267  0.171 0.5000000000
27243  -36.385  -56.330  -1.515 0.5000000000
27971  -35.209  -55.869  -1.680 0.5000000000
27972  -36.073  -56.018  -2.031 0.5000000000
26537  -36.127  -56.454  -1.484 0.5000000000
30150  -34.002  -52.574  0.883 0.4000000060
27940  -36.360  -55.600  1.183 0.6000000238
30883  -34.566  -51.705  0.413 0.5000000000
28712  -37.010  -55.002  0.480 0.6000000238
120438  -36.437  -56.391  0.359 0.5000000000
30151  -34.508  -52.869  0.277 0.5000000000
27950  -36.780  -55.807  -0.148 0.6000000238
120483  -34.778  -52.335  -0.199 0.5000000000
27229  -36.453  -56.476  -0.700 0.6000000238
27965  -36.989  -55.351  -1.660 0.6000000238
28724  -34.738  -54.906  -1.346 0.5000000000
27247  -36.607  -55.855  -1.929 0.5000000000
28735  -36.382  -55.140  -2.268 0.5000000000
28736  -36.870  -54.875  -2.047 0.5000000000
110156  -33.303  -53.141  0.956 0.4000000060
111526  -34.728  -50.588  0.425 0.5000000000
30898  -34.933  -51.768  -0.376 0.5000000000
28725  -37.153  -55.185  -0.753 0.6000000238
27964  -36.753  -55.887  -1.295 0.6000000238
28734  -35.617  -54.595  -2.209 0.5000000000
114097  -35.582  -55.393  -2.167 0.5000000000
28741  -36.329  -54.313  -2.449 0.5000000000
29459  -35.821  -53.728  -2.182 0.5000000000
30882  -33.703  -51.606  0.886 0.4000000060
31545  -34.171  -50.869  0.818 0.5000000000
30149  -32.880  -52.294  0.832 0.4000000060
31546  -35.175  -50.183  -0.143 0.5000000000
31559  -35.359  -50.640  -0.876 0.5000000000
30899  -35.300  -51.423  -1.238 0.5000000000
29452  -37.372  -53.448  -0.681 0.6000000238
28713  -37.236  -54.282  -0.141 0.6000000238
30166  -34.806  -53.022  -0.701 0.5000000000
30167  -37.545  -52.618  -1.087 0.6000000238
28743  -37.151  -53.955  -2.213 0.6000000238
29458  -35.126  -53.844  -1.470 0.5000000000
30171  -35.288  -52.955  -1.623 0.5000000000
32230  -34.726  -49.549  0.355 0.5000000000
32244  -35.530  -49.557  -1.979 0.6000000238
31563  -35.662  -50.514  -1.607 0.5000000000
29460  -37.361  -53.403  -1.719 0.6000000238
114575  -35.739  -51.261  -1.812 0.5000000000
30906  -34.969  -52.276  -1.062 0.5000000000
30173  -37.312  -52.596  -1.745 0.6000000238
30907  -35.449  -52.154  -1.698 0.5000000000
29464  -37.018  -53.541  -2.418 0.5000000000
30172  -35.959  -52.928  -2.066 0.5000000000
30178  -36.653  -52.936  -2.228 0.5000000000
118129  -33.764  -50.407  0.817 0.4000000060
30881  -32.824  -51.428  0.757 0.4000000060
32248  -35.696  -49.117  -2.909 0.6000000238
106962  -35.925  -50.160  -2.241 0.6000000238
30908  -37.381  -51.675  -1.640 0.6000000238
30912  -36.023  -52.078  -1.973 0.5000000000
30914  -37.112  -51.881  -1.856 0.6000000238
32229  -34.171  -50.089  0.720 0.5000000000
32941  -35.021  -48.684  0.110 0.4000000060
32950  -35.254  -48.620  -0.665 0.5000000000
32249  -36.164  -49.595  -2.799 0.6000000238
31568  -36.191  -51.127  -2.079 0.5000000000
31569  -36.533  -50.275  -2.388 0.5000000000
29451  -34.642  -53.833  -0.250 0.5000000000
31544  -33.240  -50.738  0.807 0.4000000060
119412  -38.279  -58.186  3.229 0.4000000060
29428  -36.801  -54.076  0.996 0.6000000238
30901  -37.989  -51.124  -0.631 0.6000000238
116237  -37.648  -51.829  -1.246 0.6000000238
31565  -37.852  -50.195  -1.782 0.6000000238
31564  -37.344  -50.831  -1.920 0.6000000238
31570  -37.210  -50.231  -2.396 0.6000000238
32231  -35.180  -49.364  -0.375 0.5000000000
31558  -35.108  -51.052  -0.143 0.5000000000
28742  -36.797  -54.236  -2.395 0.5000000000
28726  -37.276  -54.406  -1.410 0.6000000238
29463  -36.567  -53.657  -2.473 0.5000000000
29465  -37.185  -53.320  -2.163 0.6000000238
30179  -37.061  -52.851  -2.115 0.6000000238
30913  -36.647  -52.027  -1.996 0.5000000000
114738  -45.016  -49.398  1.509 0.3000000119
32213  -45.085  -49.784  1.941 0.3000000119
32943  -45.191  -49.195  0.839 0.3000000119
33649  -45.304  -47.901  -0.190 0.3000000119
32233  -45.181  -49.782  -0.046 0.3000000119
113754  -45.120  -48.880  -0.122 0.3000000119
32957  -44.952  -48.562  -1.185 0.3000000119
119670  -45.424  -47.325  0.592 0.3000000119
33658  -45.382  -47.554  -1.244 0.3000000119
33663  -45.286  -47.285  -2.423 0.3000000119
34374  -45.755  -46.522  -1.403 0.3000000119
36839  -47.368  -43.752  -3.483 0.3000000119
37667  -47.252  -43.007  -2.907 0.3000000119
38461  -48.906  -42.221  -3.400 0.3000000119
38452  -49.120  -41.205  -3.043 0.3000000119
113314  -48.058  -42.491  -2.715 0.3000000119
38451  -48.250  -41.540  -2.317 0.3000000119
24978  -35.514  -59.673  1.620 0.4000000060
32221  -45.173  -49.925  0.954 0.3000000119
32952  -44.841  -49.563  -1.090 0.3000000119
24192  -35.494  -60.409  1.348 0.4000000060
111771  -44.720  -49.259  -2.337 0.3000000119
110610  -44.942  -48.257  -2.284 0.3000000119
34377  -45.616  -46.242  -2.531 0.3000000119
35166  -45.317  -44.882  -3.463 0.3000000119
36844  -45.333  -43.901  -3.547 0.3000000119
36845  -45.711  -44.143  -3.895 0.3000000119
36846  -46.861  -44.366  -4.093 0.3000000119
36847  -47.647  -44.091  -4.121 0.3000000119
37668  -48.178  -43.307  -3.478 0.3000000119
33667  -44.951  -47.010  -3.673 0.3000000119
20945  -29.320  -64.666  -1.357 0.4000000060
22643  -28.856  -63.305  -1.009 0.3000000119
106708  -29.833  -62.941  -1.192 0.3000000119
23432  -29.783  -61.489  -1.157 0.3000000119
25800  -34.270  -57.721  -0.519 0.4000000060
26536  -34.867  -56.939  -0.773 0.4000000060
111260  -33.902  -58.454  -0.624 0.4000000060
25013  -34.489  -58.982  -0.477 0.4000000060
27963  -34.360  -55.811  -0.743 0.4000000060
27242  -34.813  -56.332  -1.022 0.4000000060
105979  -35.622  -56.402  -1.422 0.4000000060
119432  -34.970  -57.442  -0.672 0.4000000060
25801  -35.415  -57.689  -0.490 0.4000000060
26527  -35.806  -57.169  -0.756 0.4000000060
25014  -35.203  -58.665  -0.311 0.4000000060
27947  -31.636  -54.834  0.338 0.3000000119
29436  -33.024  -53.939  0.966 0.3000000119
29435  -31.986  -54.014  0.623 0.3000000119
25790  -35.545  -58.202  -0.248 0.4000000060
114285  -35.628  -56.907  -0.929 0.4000000060
25012  -33.668  -59.178  -0.661 0.4000000060
27246  -34.291  -56.786  -0.493 0.4000000060
107356  -34.714  -58.169  -0.515 0.4000000060
20194  -41.205  -65.869  -1.762 0.3000000119
20202  -41.126  -65.504  -2.139 0.3000000119
21781  -40.266  -63.477  -1.774 0.3000000119
22637  -40.628  -62.547  -1.533 0.3000000119
22624  -40.034  -61.961  -0.876 0.3000000119
22622  -38.212  -63.017  0.552 0.3000000119
21767  -37.480  -63.726  0.841 0.3000000119
22611  -37.827  -62.220  1.234 0.3000000119
21757  -37.128  -63.010  1.304 0.3000000119
22610  -36.525  -62.389  1.662 0.3000000119
24193  -37.456  -60.907  2.016 0.3000000119
23402  -36.886  -61.648  1.885 0.3000000119
23390  -35.717  -60.802  1.895 0.3000000119
23426  -40.550  -61.282  -0.712 0.3000000119
24967  -35.751  -59.667  2.413 0.3000000119
23391  -36.272  -60.978  2.194 0.3000000119
17959  -40.323  -68.297  -0.001 0.4000000060
19453  -40.124  -66.414  -1.745 0.3000000119
21786  -41.141  -63.999  -2.231 0.4000000060
21787  -41.851  -63.591  -2.165 0.4000000060
22626  -41.801  -62.769  -0.697 0.4000000060
22638  -41.242  -62.326  -1.394 0.4000000060
24182  -35.931  -60.321  2.460 0.3000000119
24953  -36.873  -58.944  3.216 0.4000000060
25747  -39.137  -57.836  3.076 0.4000000060
25771  -41.589  -58.421  0.542 0.3000000119
25772  -42.359  -58.446  0.699 0.4000000060
26485  -37.103  -57.410  3.690 0.4000000060
27192  -37.611  -56.191  4.419 0.5000000000
27915  -38.311  -55.948  4.979 0.4000000060
28682  -36.635  -54.692  3.569 0.6000000238
30090  -39.247  -52.420  6.495 0.5000000000
30833  -37.977  -52.043  5.469 0.6000000238
30849  -37.593  -51.610  4.044 0.6999999881
31517  -44.851  -49.776  3.737 0.4000000060
31577  -36.810  -49.628  -2.852 0.6999999881
32176  -40.671  -49.601  6.757 0.4000000060
32177  -41.479  -49.396  6.864 0.4000000060
32893  -42.646  -47.801  6.226 0.4000000060
32900  -44.237  -48.570  4.753 0.4000000060
33588  -40.547  -47.438  6.142 0.5000000000
33597  -39.318  -47.164  4.798 0.6000000238
33599  -43.411  -47.090  5.388 0.4000000060
33633  -45.236  -47.228  1.413 0.4000000060
35094  -42.057  -45.081  4.886 0.5000000000
35108  -40.246  -45.051  4.155 0.5000000000
35153  -38.599  -46.136  -0.575 0.6000000238
35161  -45.685  -45.221  -2.581 0.3000000119
35171  -38.090  -46.134  -4.188 0.6000000238
35982  -41.610  -44.002  4.187 0.5000000000
35984  -43.397  -44.316  3.783 0.4000000060
36052  -37.950  -43.966  -5.576 0.6999999881
36838  -46.301  -43.556  -3.334 0.3000000119
36851  -38.223  -43.564  -5.436 0.6999999881
37630  -43.907  -42.674  1.492 0.4000000060
38408  -42.319  -41.184  1.994 0.4000000060
38466  -37.799  -41.805  -5.440 0.6999999881
42636  -40.559  -36.677  2.236 0.6000000238
42669  -45.876  -37.455  -1.219 0.4000000060
42679  -40.641  -35.987  -3.766 0.6000000238
42703  -41.680  -35.878  -4.528 0.5000000000
42704  -42.354  -35.741  -4.365 0.5000000000
43628  -42.217  -35.440  -3.155 0.5000000000
43644  -41.209  -35.450  -4.066 0.6000000238
45447  -43.055  -33.217  3.432 0.6000000238
45469  -45.463  -33.184  1.577 0.4000000060
46292  -44.703  -32.227  2.379 0.5000000000
46308  -46.782  -32.574  0.536 0.4000000060
48012  -46.893  -30.247  0.597 0.4000000060
48978  -44.844  -29.550  -5.815 0.3000000119
49759  -46.994  -28.334  -0.448 0.3000000119
51443  -42.639  -26.338  2.971 0.3000000119
51444  -43.222  -26.957  2.825 0.3000000119
53320  -40.114  -23.753  0.898 0.3000000119
53378  -47.499  -24.719  -2.404 0.3000000119
54337  -45.637  -23.526  0.586 0.3000000119
55292  -45.150  -22.818  0.737 0.3000000119
55312  -47.085  -23.207  -0.806 0.3000000119
56998  -44.191  -20.689  0.925 0.3000000119
57069  -47.136  -20.443  -5.602 0.3000000119
57083  -46.824  -19.934  -6.736 0.3000000119
57913  -47.785  -18.917  -5.893 0.3000000119
57917  -47.091  -19.312  -6.780 0.3000000119
58798  -47.301  -18.703  -6.690 0.3000000119
58816  -47.356  -17.204  -9.185 0.3000000119
60514  -47.148  -16.439  -9.297 0.3000000119
105361  -36.846  -51.056  -2.075 0.5000000000
105847  -39.632  -68.547  0.400 0.4000000060
109580  -39.080  -49.824  5.991 0.5000000000
111158  -38.486  -47.785  -1.630 0.6999999881
114386  -44.225  -28.104  2.375 0.4000000060
115103  -41.584  -29.209  3.550 0.4000000060
115170  -41.255  -62.515  -1.742 0.4000000060
115999  -46.255  -20.901  -0.697 0.3000000119
117042  -41.133  -56.274  5.057 0.3000000119
118564  -37.530  -49.656  -2.533 0.6999999881
120821  -45.188  -40.779  -3.221 0.4000000060
121155  -45.141  -44.473  0.278 0.4000000060
121582  -41.800  -26.597  3.104 0.3000000119
122465  -44.805  -49.510  3.181 0.4000000060
123004  -40.238  -44.209  3.476 0.6000000238
123007  -40.266  -47.053  5.779 0.5000000000
123051  -44.916  -53.419  6.524 0.3000000119
123221  -41.829  -52.257  7.299 0.3000000119
123233  -42.077  -29.783  3.679 0.5000000000
124000  -47.110  -21.157  -1.533 0.3000000119
124069  -44.091  -29.989  2.673 0.5000000000
124076  -36.461  -54.599  2.179 0.6000000238
