#!ascii label  , from subject Paciente_3 vox2ras=TkReg
414
110195  -31.615  -73.022  1.305 0.6999999881
15003  -31.240  -72.119  1.009 0.6000000238
15018  -30.899  -72.101  0.052 0.6000000238
15027  -30.923  -72.387  -1.044 0.4000000060
15656  -29.425  -71.489  6.647 0.6999999881
16399  -30.152  -70.321  6.198 0.6999999881
15661  -30.325  -71.730  6.282 0.6999999881
15662  -30.593  -71.035  5.870 0.6000000238
116444  -30.966  -71.847  5.601 0.6000000238
15667  -31.234  -71.083  5.143 0.6000000238
14971  -31.695  -72.789  4.453 0.6000000238
15668  -31.701  -71.208  4.317 0.6000000238
16415  -31.680  -70.558  3.681 0.5000000000
15677  -31.735  -71.412  3.442 0.5000000000
120700  -31.513  -69.908  3.009 0.5000000000
16431  -31.357  -70.988  1.971 0.6000000238
118494  -31.533  -72.400  1.895 0.6000000238
15695  -31.011  -71.172  1.105 0.6000000238
124168  -30.945  -71.628  0.581 0.6000000238
17140  -29.518  -69.715  6.447 0.6000000238
17900  -30.572  -68.439  5.832 0.6000000238
118070  -30.830  -68.983  5.628 0.6000000238
17150  -30.998  -69.481  5.233 0.6000000238
106501  -31.537  -68.543  4.183 0.6000000238
17151  -31.425  -69.323  4.448 0.6000000238
112830  -31.589  -69.841  3.876 0.6000000238
17166  -31.558  -69.209  3.606 0.6000000238
17176  -31.483  -69.135  2.828 0.6000000238
107377  -31.585  -70.809  2.810 0.6000000238
17175  -31.174  -69.520  2.059 0.6999999881
17186  -30.664  -69.646  1.137 0.6000000238
15707  -30.679  -71.114  0.171 0.5000000000
15717  -30.628  -71.454  -0.714 0.5000000000
16397  -28.480  -70.139  6.573 0.6000000238
17899  -29.712  -68.791  6.291 0.6000000238
18644  -31.175  -67.161  5.060 0.6000000238
109110  -31.097  -67.901  5.334 0.6000000238
17914  -31.437  -67.802  4.678 0.6000000238
18645  -31.476  -66.916  4.224 0.6000000238
18661  -31.453  -67.191  3.442 0.6000000238
116958  -31.526  -68.501  3.262 0.6000000238
17928  -31.374  -67.791  2.883 0.6000000238
18678  -30.834  -67.729  1.873 0.6999999881
17198  -30.198  -69.821  0.473 0.6000000238
15716  -30.290  -70.827  -1.307 0.4000000060
17898  -28.883  -68.247  5.997 0.6000000238
106086  -29.812  -67.903  5.991 0.6000000238
18626  -30.592  -67.511  5.642 0.6000000238
19400  -31.311  -65.911  4.030 0.5000000000
19412  -31.301  -66.471  3.423 0.6000000238
18672  -31.080  -67.042  2.713 0.6999999881
18677  -30.178  -67.044  1.119 0.6000000238
17947  -30.763  -68.771  1.439 0.6000000238
17946  -30.123  -68.149  0.889 0.6000000238
17954  -30.017  -69.127  0.658 0.6000000238
17197  -29.805  -69.487  -0.218 0.6000000238
115401  -30.125  -70.338  0.010 0.6000000238
17207  -29.858  -69.467  -1.463 0.4000000060
16449  -30.245  -70.116  -0.929 0.5000000000
18624  -28.986  -67.375  5.744 0.5000000000
18625  -29.840  -67.017  5.710 0.6000000238
19384  -30.600  -66.656  5.383 0.6000000238
19399  -30.993  -66.203  4.716 0.5000000000
20137  -31.048  -65.370  4.390 0.5000000000
20138  -31.267  -65.002  3.919 0.5000000000
20152  -31.155  -65.584  3.292 0.6000000238
20161  -30.220  -64.450  2.078 0.6000000238
20913  -30.718  -65.266  2.428 0.6999999881
19429  -30.380  -66.154  1.774 0.6999999881
108840  -30.674  -66.833  2.002 0.6999999881
19428  -29.663  -66.205  1.031 0.6000000238
19432  -29.408  -66.825  0.442 0.6000000238
18681  -29.499  -67.613  0.259 0.6000000238
17953  -29.551  -68.556  0.056 0.6000000238
17961  -29.666  -68.647  -1.055 0.5000000000
17967  -29.472  -68.857  -2.070 0.4000000060
105457  -28.953  -66.463  5.551 0.6000000238
19383  -29.884  -66.173  5.493 0.6000000238
119050  -30.458  -65.928  5.195 0.5000000000
20128  -30.681  -65.301  4.926 0.6000000238
20887  -30.938  -64.514  4.527 0.5000000000
118236  -31.140  -64.258  3.799 0.6000000238
20900  -31.079  -64.690  3.214 0.6000000238
21747  -30.770  -63.875  3.061 0.5000000000
122621  -30.793  -64.510  2.681 0.5000000000
20912  -29.172  -64.154  1.576 0.5000000000
20921  -29.416  -64.878  1.368 0.6000000238
20911  -28.024  -64.039  1.224 0.5000000000
20172  -29.972  -65.414  1.578 0.6000000238
20910  -27.042  -63.842  0.997 0.4000000060
20171  -29.130  -65.537  0.952 0.6999999881
20920  -27.247  -64.540  0.672 0.4000000060
20178  -27.599  -65.043  0.245 0.5000000000
19427  -28.859  -66.118  0.123 0.6000000238
20179  -28.187  -65.465  -0.402 0.5000000000
20188  -27.467  -64.983  -0.370 0.5000000000
18680  -28.868  -67.096  -0.362 0.6000000238
18694  -28.650  -67.578  -2.133 0.5000000000
17952  -29.173  -67.912  -0.716 0.6000000238
17960  -28.900  -68.175  -1.853 0.6000000238
118305  -29.318  -65.731  5.572 0.5000000000
20876  -30.423  -64.625  5.153 0.5000000000
21734  -30.771  -63.616  4.123 0.4000000060
21746  -29.896  -63.462  2.333 0.4000000060
21745  -28.905  -63.219  1.760 0.5000000000
21753  -26.215  -62.973  0.413 0.4000000060
21754  -26.466  -63.368  0.565 0.4000000060
21762  -26.223  -63.589  0.107 0.5000000000
20928  -26.797  -64.764  0.057 0.5000000000
21775  -26.207  -63.605  -0.069 0.5000000000
20937  -26.982  -64.692  -0.324 0.5000000000
110200  -28.333  -66.889  -1.847 0.5000000000
19440  -28.317  -66.455  -0.973 0.6000000238
18689  -28.640  -67.370  -1.378 0.5000000000
22601  -28.651  -62.259  1.928 0.4000000060
116695  -27.734  -62.314  1.419 0.5000000000
21744  -27.916  -63.067  1.316 0.5000000000
22598  -26.248  -61.962  1.063 0.5000000000
21761  -25.984  -63.023  0.065 0.4000000060
108472  -26.761  -63.294  -0.317 0.5000000000
113522  -28.279  -65.886  -1.514 0.5000000000
19447  -28.603  -66.397  -2.124 0.3000000119
22630  -26.180  -62.870  -0.140 0.5000000000
122690  -27.701  -64.999  -0.627 0.5000000000
20196  -28.065  -65.325  -1.122 0.5000000000
22599  -26.944  -61.985  1.320 0.4000000060
22608  -26.153  -62.179  0.763 0.4000000060
24178  -25.787  -60.917  1.156 0.4000000060
24200  -25.528  -60.096  0.336 0.4000000060
23410  -25.896  -61.651  0.636 0.4000000060
24208  -25.937  -60.980  0.055 0.4000000060
112494  -25.711  -59.944  -0.183 0.4000000060
112939  -26.486  -61.449  -0.270 0.5000000000
21783  -28.501  -64.192  -1.167 0.4000000060
113204  -28.856  -65.497  -1.581 0.4000000060
21776  -26.829  -64.133  -0.344 0.5000000000
20944  -28.442  -64.914  -1.150 0.5000000000
23419  -26.850  -62.312  -0.333 0.5000000000
21777  -27.716  -63.680  -0.686 0.5000000000
20943  -27.661  -64.653  -0.752 0.5000000000
24997  -25.634  -59.178  -0.372 0.4000000060
118192  -26.252  -59.688  -0.473 0.4000000060
22643  -28.856  -63.305  -1.009 0.4000000060
22632  -28.310  -62.853  -0.635 0.5000000000
22631  -27.535  -62.859  -0.451 0.5000000000
121690  -29.158  -62.323  -0.885 0.3000000119
24209  -26.614  -60.525  -0.398 0.5000000000
111483  -27.439  -61.375  -0.451 0.5000000000
23420  -28.047  -62.151  -0.514 0.5000000000
25784  -25.931  -58.280  -0.406 0.4000000060
23421  -28.754  -61.246  -0.705 0.3000000119
105523  -26.572  -59.053  -0.580 0.4000000060
24998  -27.188  -59.733  -0.614 0.4000000060
24210  -27.895  -60.472  -0.594 0.5000000000
26524  -26.731  -57.636  -0.478 0.4000000060
24211  -28.889  -60.346  -0.710 0.3000000119
24212  -29.702  -60.602  -1.114 0.3000000119
24999  -28.441  -59.571  -0.694 0.4000000060
25785  -27.179  -58.346  -0.579 0.4000000060
111855  -26.761  -56.033  -0.524 0.5000000000
113361  -29.362  -59.042  -1.051 0.3000000119
25000  -29.450  -59.863  -0.945 0.4000000060
25788  -30.149  -58.576  -1.279 0.4000000060
122648  -30.004  -60.079  -1.241 0.4000000060
25786  -28.400  -58.488  -0.779 0.5000000000
25787  -29.346  -58.261  -1.077 0.4000000060
103774  -27.774  -57.609  -0.673 0.5000000000
104639  -27.584  -59.039  -0.631 0.5000000000
26525  -28.857  -57.591  -0.992 0.5000000000
103540  -29.972  -57.642  -0.965 0.4000000060
25001  -30.285  -59.517  -1.342 0.3000000119
109907  -27.648  -56.078  -0.724 0.5000000000
27236  -28.255  -56.819  -0.772 0.5000000000
104158  -30.577  -55.878  -0.428 0.4000000060
27238  -30.301  -56.719  -0.695 0.3000000119
111628  -27.534  -54.716  -0.721 0.5000000000
109162  -29.712  -55.971  -0.775 0.4000000060
27237  -29.325  -56.801  -0.853 0.4000000060
103614  -30.981  -57.305  -0.808 0.4000000060
27957  -28.106  -55.385  -0.802 0.5000000000
27960  -30.748  -54.975  -0.307 0.4000000060
28722  -28.050  -54.057  -0.957 0.5000000000
27239  -31.366  -56.587  -0.400 0.3000000119
109938  -28.547  -54.714  -0.862 0.5000000000
27958  -29.105  -55.325  -0.769 0.5000000000
109906  -28.725  -56.057  -0.763 0.5000000000
29446  -27.629  -53.317  -0.887 0.5000000000
29448  -29.305  -53.357  -1.016 0.5000000000
27947  -31.636  -54.834  0.338 0.3000000119
111099  -31.520  -55.690  -0.021 0.3000000119
30161  -28.450  -52.605  -1.193 0.5000000000
29447  -28.512  -53.476  -1.149 0.5000000000
105904  -28.991  -54.076  -1.039 0.5000000000
15028  -31.283  -72.849  -0.285 0.5000000000
19419  -30.879  -66.227  2.608 0.6999999881
21743  -26.984  -62.893  1.087 0.5000000000
20170  -28.276  -64.963  1.057 0.4000000060
20189  -27.975  -65.636  -0.994 0.5000000000
115546  -28.265  -66.270  -1.531 0.5000000000
23417  -25.938  -61.777  0.184 0.4000000060
114484  -25.670  -61.074  0.844 0.4000000060
124736  -29.352  -54.690  -0.855 0.5000000000
11025  -24.007  -78.956  2.852 0.5000000000
11032  -24.618  -79.040  2.141 0.5000000000
10484  -24.204  -79.217  2.698 0.5000000000
11057  -26.621  -79.186  0.387 0.5000000000
10514  -26.270  -79.140  1.020 0.5000000000
10498  -25.473  -79.098  1.506 0.4000000060
11026  -25.432  -78.603  3.480 0.5000000000
11034  -26.117  -78.732  2.003 0.6000000238
11033  -25.185  -78.712  2.311 0.6000000238
11045  -26.394  -78.945  1.028 0.5000000000
11044  -25.462  -78.944  1.555 0.5000000000
11072  -27.442  -78.720  -0.480 0.4000000060
11590  -25.721  -78.167  5.260 0.6999999881
11591  -26.712  -78.341  4.993 0.6999999881
11610  -26.619  -78.445  3.852 0.6999999881
11625  -27.895  -78.310  2.459 0.5000000000
11624  -27.030  -78.528  2.892 0.6999999881
11653  -27.836  -78.335  0.499 0.5000000000
11046  -27.215  -78.665  0.988 0.5000000000
11035  -27.098  -78.626  1.777 0.5000000000
109184  -28.305  -78.056  -0.362 0.5000000000
12221  -24.116  -76.535  5.926 0.5000000000
11572  -24.934  -77.495  5.785 0.6999999881
11573  -25.649  -77.494  5.983 0.6999999881
11574  -26.573  -77.801  6.032 0.6999999881
11609  -25.962  -78.427  4.411 0.6000000238
11626  -28.674  -77.949  3.015 0.6999999881
104327  -27.878  -78.243  3.445 0.6000000238
106344  -28.495  -77.974  1.198 0.5000000000
11640  -28.625  -77.942  2.031 0.6000000238
11654  -28.839  -77.817  0.522 0.5000000000
116790  -29.620  -77.396  -0.926 0.5000000000
12208  -25.796  -76.214  6.623 0.5000000000
12223  -25.962  -77.056  6.407 0.6999999881
11592  -27.569  -78.099  5.552 0.6999999881
11575  -28.965  -77.396  5.625 0.6999999881
12224  -28.391  -77.111  6.319 0.6999999881
11611  -28.628  -77.954  4.056 0.8000000119
11594  -29.453  -77.495  4.671 0.6999999881
11627  -29.411  -77.582  2.492 0.6000000238
12252  -30.057  -76.979  2.921 0.6999999881
12284  -30.057  -77.089  1.212 0.6999999881
12268  -30.067  -77.056  1.972 0.6000000238
11664  -29.302  -77.594  -0.245 0.6000000238
11655  -29.731  -77.361  0.561 0.6000000238
12306  -30.925  -76.377  -1.071 0.6000000238
12946  -24.297  -74.809  5.645 0.5000000000
13587  -25.739  -75.265  6.678 0.6000000238
12947  -24.986  -75.474  6.343 0.5000000000
12932  -26.415  -75.894  6.824 0.6000000238
12933  -27.270  -75.904  6.916 0.6000000238
12210  -27.742  -76.686  6.719 0.6999999881
119847  -29.860  -76.151  5.967 0.6999999881
12212  -29.530  -75.884  6.604 0.6000000238
11593  -28.492  -77.974  5.098 0.6999999881
11576  -29.741  -76.804  5.445 0.6999999881
11612  -29.451  -77.578  3.526 0.6999999881
12285  -30.821  -76.627  1.378 0.6999999881
120349  -31.166  -76.290  -0.323 0.6999999881
12297  -31.009  -76.458  0.431 0.6999999881
13600  -25.905  -74.424  6.556 0.5000000000
13589  -27.418  -74.910  6.969 0.6000000238
13590  -28.336  -74.653  7.072 0.6000000238
12934  -28.954  -75.362  6.903 0.6000000238
12239  -30.107  -76.714  4.741 0.8000000119
13629  -30.984  -75.257  4.534 0.5000000000
12948  -30.327  -75.432  6.358 0.6000000238
12253  -30.719  -76.405  3.316 0.6999999881
117666  -31.580  -75.355  3.077 0.6999999881
109215  -31.497  -75.979  0.993 0.6999999881
13011  -31.454  -76.042  1.915 0.6999999881
13029  -31.628  -75.668  -0.826 0.5000000000
13020  -31.563  -75.844  0.111 0.6999999881
13679  -31.776  -74.733  -0.726 0.5000000000
14261  -25.442  -73.735  5.862 0.5000000000
124122  -26.160  -73.784  6.477 0.5000000000
108082  -27.666  -72.968  6.970 0.6000000238
109645  -26.719  -74.271  6.834 0.6000000238
14255  -28.639  -73.691  7.133 0.6000000238
14256  -29.552  -73.887  6.945 0.6000000238
116153  -29.340  -73.091  6.912 0.6000000238
13591  -29.268  -74.561  7.029 0.6000000238
14263  -30.230  -73.514  6.551 0.6000000238
115191  -31.776  -74.255  3.628 0.6000000238
13616  -31.546  -74.350  4.328 0.5000000000
14296  -31.883  -74.021  2.360 0.6000000238
13647  -31.782  -74.631  2.898 0.6000000238
13661  -31.933  -74.556  1.089 0.6000000238
108661  -31.901  -74.658  1.985 0.6000000238
110514  -31.693  -73.515  -0.078 0.5000000000
14262  -26.050  -73.081  6.265 0.5000000000
14956  -27.343  -72.205  6.800 0.6000000238
14958  -28.964  -72.249  6.859 0.6000000238
13615  -30.988  -74.358  5.144 0.5000000000
14970  -31.265  -72.715  5.280 0.5000000000
14287  -31.831  -73.623  3.077 0.4000000060
14273  -31.816  -73.599  4.030 0.5000000000
14981  -31.798  -72.822  3.610 0.5000000000
14318  -31.802  -73.696  0.739 0.6000000238
14962  -25.400  -72.777  5.536 0.5000000000
14955  -26.739  -72.588  6.646 0.6000000238
15654  -27.573  -71.573  6.754 0.6000000238
14957  -28.080  -72.206  6.914 0.6000000238
15685  -31.573  -71.722  2.534 0.5000000000
124905  -31.727  -72.140  3.264 0.4000000060
14963  -26.008  -72.215  6.087 0.5000000000
15653  -26.754  -71.786  6.535 0.6000000238
16392  -28.739  -70.917  6.712 0.6000000238
14969  -25.031  -72.536  4.763 0.5000000000
15659  -26.116  -71.361  5.953 0.5000000000
15660  -26.982  -70.946  6.395 0.6000000238
16391  -27.947  -70.884  6.695 0.6000000238
104872  -24.738  -71.904  4.365 0.5000000000
15666  -25.650  -70.874  5.309 0.5000000000
120502  -26.297  -70.670  5.814 0.5000000000
17138  -27.546  -69.523  6.117 0.6000000238
16396  -27.556  -70.326  6.419 0.6000000238
15665  -25.047  -71.038  4.578 0.5000000000
16404  -26.105  -70.074  5.257 0.5000000000
16414  -24.980  -70.181  3.908 0.5000000000
17139  -28.682  -69.152  6.310 0.5000000000
16403  -25.433  -70.361  4.727 0.5000000000
112572  -26.656  -69.552  5.668 0.5000000000
17147  -25.467  -69.668  4.595 0.5000000000
17165  -24.865  -69.366  3.991 0.5000000000
17148  -26.101  -69.231  5.119 0.5000000000
17912  -27.054  -67.956  5.263 0.4000000060
17897  -27.832  -68.546  5.810 0.4000000060
17911  -26.103  -68.423  5.157 0.4000000060
103335  -28.224  -66.962  5.423 0.4000000060
120317  -31.744  -73.266  2.165 0.6000000238
14325  -31.444  -73.333  -0.844 0.4000000060
14264  -30.888  -73.526  5.695 0.6000000238
18623  -28.039  -67.662  5.523 0.4000000060
109154  -30.100  -76.939  3.908 0.6999999881
12269  -30.777  -76.529  2.383 0.6999999881
12949  -30.731  -75.142  5.553 0.6000000238
12935  -29.753  -75.218  6.887 0.6000000238
12977  -31.179  -75.716  3.611 0.6999999881
12995  -31.291  -75.929  2.780 0.6999999881
13021  -31.841  -75.263  0.601 0.6000000238
13030  -31.775  -75.214  -0.150 0.6000000238
11027  -26.069  -78.595  2.900 0.6999999881
11058  -26.920  -78.889  0.260 0.5000000000
11564  -27.564  -77.513  6.368 0.6999999881
11639  -27.881  -78.329  1.486 0.5000000000
11641  -29.353  -77.599  1.440 0.6999999881
12209  -26.763  -76.817  6.687 0.6999999881
12211  -28.555  -76.235  6.694 0.6999999881
12222  -25.072  -76.594  6.260 0.5000000000
12225  -29.186  -76.630  6.137 0.6999999881
12240  -30.690  -76.237  4.284 0.8000000119
12296  -30.396  -76.903  0.668 0.6999999881
12305  -30.310  -76.931  -0.268 0.6999999881
12963  -30.536  -76.065  5.383 0.6999999881
12996  -31.735  -75.377  2.373 0.6999999881
13012  -31.839  -75.360  1.500 0.6000000238
13588  -26.557  -75.116  6.879 0.6000000238
13599  -25.131  -74.588  6.126 0.5000000000
13601  -30.053  -74.557  6.777 0.6000000238
13602  -30.592  -74.434  6.088 0.6000000238
13630  -31.538  -74.953  3.686 0.6000000238
13672  -31.844  -74.425  0.121 0.6000000238
14254  -27.592  -73.974  7.048 0.6000000238
14272  -31.441  -73.567  4.841 0.5000000000
14306  -31.864  -73.871  1.606 0.6999999881
14964  -29.887  -72.441  6.619 0.6000000238
14965  -30.657  -72.618  6.086 0.6000000238
14992  -31.703  -72.663  2.748 0.5000000000
15019  -31.453  -72.868  0.456 0.6000000238
15655  -28.449  -71.539  6.807 0.6000000238
15658  -25.346  -71.797  5.276 0.5000000000
15696  -31.355  -71.669  1.687 0.6000000238
15706  -30.388  -70.777  -0.536 0.5000000000
16395  -26.857  -70.177  5.968 0.5000000000
16398  -29.408  -70.592  6.557 0.6000000238
16405  -30.807  -70.249  5.546 0.6000000238
16406  -31.392  -70.237  4.607 0.6000000238
16423  -30.999  -70.330  1.555 0.6000000238
16440  -30.654  -70.386  0.735 0.6000000238
17141  -30.403  -69.399  6.018 0.6999999881
17149  -26.873  -68.854  5.534 0.5000000000
17910  -25.340  -68.932  4.699 0.4000000060
17913  -31.209  -68.639  5.115 0.6000000238
17936  -31.264  -68.564  2.349 0.6000000238
20127  -30.014  -65.288  5.457 0.5000000000
20919  -26.582  -64.110  0.364 0.4000000060
20927  -26.454  -64.222  -0.057 0.5000000000
21742  -26.390  -62.590  0.866 0.4000000060
22618  -26.055  -62.378  0.321 0.4000000060
23386  -26.367  -61.379  1.310 0.4000000060
23399  -25.880  -61.535  0.954 0.4000000060
23418  -26.103  -61.998  -0.096 0.5000000000
27235  -27.038  -56.809  -0.519 0.4000000060
108357  -25.708  -60.987  0.554 0.4000000060
113626  -28.233  -77.726  5.864 0.6999999881
115256  -31.824  -72.049  4.014 0.5000000000
115377  -24.362  -75.708  6.047 0.5000000000
116417  -31.536  -71.943  4.825 0.5000000000
116476  -28.475  -65.339  0.310 0.5000000000
117288  -28.077  -75.533  6.916 0.6000000238
118036  -24.658  -78.761  2.794 0.5000000000
119869  -27.907  -76.120  6.835 0.6000000238
119939  -31.754  -74.001  -0.576 0.4000000060
121730  -31.572  -67.778  3.813 0.6000000238
122011  -26.794  -73.433  6.764 0.5000000000
122153  -31.329  -70.305  2.272 0.6000000238
122191  -29.991  -71.028  6.326 0.6999999881
122484  -27.635  -78.270  4.430 0.8000000119
122544  -27.308  -78.352  3.681 0.6999999881
123843  -25.964  -62.480  -0.004 0.4000000060
123948  -28.535  -72.825  6.989 0.6000000238
