#!ascii label  , from subject Paciente_3 vox2ras=TkReg
1474
4652  -8.072  -90.047  -0.291 0.5000000000
5342  -9.647  -88.270  -3.558 0.5000000000
5918  -9.625  -87.697  -4.039 0.5000000000
5268  -7.282  -88.667  1.096 0.5000000000
107018  -7.946  -89.522  0.834 0.5000000000
5269  -8.124  -88.708  1.331 0.5000000000
123569  -8.734  -89.540  0.675 0.5000000000
5270  -9.474  -88.751  1.237 0.6000000238
4653  -8.839  -89.837  -0.181 0.5000000000
6489  -10.000  -87.400  -4.988 0.5000000000
5326  -9.537  -89.178  -3.130 0.5000000000
6490  -10.637  -87.446  -5.042 0.5000000000
5327  -10.075  -88.541  -2.701 0.6000000238
5932  -10.249  -87.476  -4.158 0.6000000238
5328  -10.596  -88.080  -2.266 0.6000000238
5919  -10.858  -87.581  -3.329 0.6000000238
109498  -11.358  -87.715  -4.792 0.6999999881
5893  -11.152  -87.761  -1.848 0.6999999881
5933  -11.078  -87.567  -4.096 0.6999999881
5912  -12.030  -87.795  -2.669 0.6999999881
5920  -11.592  -87.699  -3.351 0.6999999881
5934  -11.953  -87.847  -4.142 0.6999999881
5255  -8.016  -88.037  1.472 0.5000000000
5256  -8.847  -88.257  1.661 0.6000000238
6432  -9.071  -86.788  1.884 0.6000000238
5841  -10.120  -86.912  2.474 0.6000000238
5291  -9.887  -89.362  -0.487 0.5000000000
5946  -11.296  -87.496  -5.669 0.5000000000
5954  -11.562  -87.409  -6.444 0.5000000000
5377  -12.198  -88.819  -5.998 0.6999999881
105909  -11.988  -87.928  -5.879 0.6999999881
5310  -10.321  -88.950  -1.635 0.6000000238
5292  -10.638  -88.656  -0.612 0.6999999881
5947  -11.930  -87.977  -5.035 0.6999999881
5311  -10.795  -88.128  -1.438 0.6999999881
108083  -11.791  -87.775  -1.983 0.6999999881
5354  -12.457  -88.473  -4.584 0.6999999881
120254  -12.331  -87.977  -2.086 0.6999999881
5921  -12.329  -88.023  -3.340 0.6999999881
5355  -13.180  -88.872  -4.185 0.6999999881
5913  -12.726  -88.379  -2.603 0.6999999881
111008  -13.485  -88.798  -2.737 0.6999999881
5345  -13.849  -88.981  -3.462 0.6999999881
5330  -14.351  -89.136  -2.667 0.6999999881
5850  -8.628  -87.419  1.709 0.5000000000
6441  -9.314  -86.023  1.697 0.6000000238
6990  -10.182  -85.663  2.235 0.6000000238
6433  -9.709  -86.518  2.266 0.6000000238
6991  -11.032  -85.242  2.208 0.6000000238
5257  -9.814  -88.180  1.848 0.6000000238
121512  -10.364  -86.312  2.606 0.6000000238
5271  -10.392  -88.495  1.200 0.6000000238
4753  -12.240  -89.849  -6.165 0.6999999881
109382  -10.092  -88.880  0.412 0.6999999881
4141  -12.711  -90.494  -6.645 0.6999999881
124462  -13.092  -90.963  -7.083 0.6999999881
118053  -10.952  -88.454  0.333 0.6999999881
3594  -13.522  -91.469  -7.561 0.6999999881
5880  -11.220  -87.949  -0.765 0.6999999881
5881  -11.701  -88.005  0.132 0.6999999881
5366  -12.342  -88.620  -5.338 0.6999999881
4739  -12.350  -89.682  -5.731 0.6999999881
4129  -12.622  -90.441  -5.905 0.6999999881
3584  -13.286  -91.211  -6.444 0.6999999881
123612  -11.734  -87.863  -0.589 0.6999999881
5882  -12.271  -87.888  -0.448 0.6999999881
5367  -12.894  -89.042  -5.070 0.6999999881
4130  -13.434  -90.791  -5.693 0.6999999881
5896  -12.938  -88.446  -1.730 0.6999999881
4729  -13.989  -89.361  -4.193 0.6999999881
4728  -13.420  -89.318  -4.720 0.6999999881
5329  -13.855  -88.868  -1.908 0.6999999881
117698  -13.863  -89.611  -4.876 0.6999999881
4693  -15.199  -89.471  -2.518 0.6999999881
6440  -8.521  -86.529  1.233 0.5000000000
7007  -9.725  -85.219  1.283 0.6000000238
7008  -10.611  -84.942  1.425 0.6000000238
7581  -10.136  -84.462  0.674 0.5000000000
7582  -11.071  -84.178  0.674 0.6000000238
7027  -8.966  -85.036  -0.108 0.5000000000
7006  -9.011  -85.563  0.764 0.5000000000
7009  -11.485  -84.790  1.575 0.6000000238
7600  -12.523  -84.317  0.082 0.6000000238
7010  -12.229  -84.889  1.786 0.6000000238
7583  -11.962  -84.410  0.886 0.6000000238
5852  -10.279  -87.504  2.307 0.6000000238
5864  -10.576  -88.036  1.842 0.6999999881
6427  -11.768  -86.233  2.916 0.6999999881
5865  -11.326  -88.060  1.280 0.6999999881
108905  -12.012  -87.459  2.049 0.6999999881
3585  -14.013  -91.995  -6.795 0.6999999881
5866  -12.473  -87.843  0.915 0.6999999881
5854  -12.988  -87.438  2.052 0.6999999881
4142  -14.142  -91.454  -6.097 0.6999999881
3080  -14.593  -92.425  -7.066 0.6999999881
5867  -13.481  -87.854  1.212 0.6999999881
3586  -14.823  -92.041  -6.576 0.6999999881
3103  -15.394  -92.854  -8.206 0.6999999881
5293  -14.283  -88.623  -0.297 0.6000000238
4741  -14.125  -90.048  -5.212 0.6999999881
4143  -15.080  -91.245  -6.122 0.6999999881
123043  -15.377  -92.239  -6.727 0.6999999881
3082  -15.815  -92.440  -6.893 0.6999999881
3091  -15.673  -92.817  -7.445 0.6999999881
5312  -13.631  -88.663  -1.018 0.6999999881
4730  -14.769  -89.693  -4.600 0.6999999881
115117  -15.256  -89.987  -5.424 0.6000000238
4754  -15.556  -90.355  -6.051 0.6999999881
4672  -14.797  -89.300  -1.814 0.6000000238
116568  -14.774  -89.417  -3.497 0.6999999881
113100  -15.561  -89.581  -3.878 0.6999999881
117774  -15.625  -89.695  -4.651 0.6000000238
4694  -15.967  -89.637  -2.375 0.6000000238
4716  -15.614  -89.576  -3.145 0.6000000238
4731  -16.480  -89.649  -4.173 0.5000000000
124531  -16.095  -89.711  -5.127 0.5000000000
4743  -16.256  -89.656  -5.899 0.5000000000
118942  -16.922  -89.640  -2.383 0.6000000238
4718  -17.416  -89.623  -3.328 0.5000000000
124170  -11.065  -83.611  -0.094 0.6000000238
7599  -10.400  -83.781  -0.003 0.6000000238
7618  -12.215  -84.004  -0.990 0.5000000000
7628  -12.477  -83.814  -2.034 0.6999999881
7598  -9.524  -84.135  -0.057 0.5000000000
8244  -9.769  -83.270  -0.505 0.6000000238
8263  -10.097  -82.783  -1.279 0.6000000238
7616  -7.918  -83.913  -0.774 0.6000000238
7597  -8.677  -84.268  -0.360 0.6000000238
7601  -13.104  -84.514  -0.828 0.4000000060
8243  -8.866  -83.485  -0.578 0.6000000238
7029  -13.313  -85.015  0.146 0.5000000000
7028  -12.641  -84.925  0.978 0.6000000238
6993  -12.590  -85.246  2.429 0.6000000238
5843  -12.475  -86.677  2.679 0.6999999881
6984  -12.912  -85.669  2.720 0.6000000238
5855  -13.904  -87.387  1.950 0.6999999881
5272  -13.935  -88.287  0.495 0.6000000238
5868  -14.393  -88.011  1.277 0.6000000238
116305  -14.484  -88.971  -1.086 0.6000000238
4144  -16.016  -90.732  -6.473 0.6000000238
3596  -16.379  -92.036  -6.768 0.6999999881
3092  -16.607  -92.666  -7.183 0.6999999881
4673  -15.329  -89.342  -1.008 0.6000000238
3105  -17.227  -93.075  -7.749 0.6999999881
124370  -16.418  -89.589  -1.687 0.6000000238
4744  -16.856  -89.506  -5.087 0.4000000060
5368  -16.811  -89.313  -6.581 0.4000000060
4755  -16.367  -89.916  -6.687 0.5000000000
4150  -16.715  -90.081  -7.124 0.6000000238
3588  -16.539  -91.152  -6.684 0.6000000238
3093  -17.741  -92.447  -7.170 0.6000000238
4695  -17.927  -89.610  -2.310 0.5000000000
4719  -18.574  -89.613  -3.102 0.5000000000
4732  -18.329  -89.502  -4.082 0.5000000000
118447  -17.334  -89.587  -4.235 0.5000000000
4756  -16.986  -89.324  -7.197 0.4000000060
8277  -12.009  -83.340  -2.564 0.6000000238
7617  -11.699  -83.386  -1.709 0.6000000238
7642  -13.205  -83.553  -3.094 0.6000000238
8262  -9.216  -82.657  -1.050 0.6000000238
8275  -10.419  -82.722  -2.392 0.5000000000
8873  -10.080  -82.359  -3.046 0.6000000238
8881  -10.054  -81.945  -3.189 0.6000000238
7630  -13.266  -84.215  -2.329 0.6000000238
110075  -8.158  -82.872  -1.022 0.6999999881
8871  -9.030  -81.471  -1.908 0.6000000238
9436  -9.645  -81.432  -2.355 0.6000000238
7050  -14.004  -85.143  -0.933 0.5000000000
116353  -13.822  -84.800  -2.604 0.6000000238
8261  -7.134  -82.849  -1.105 0.6000000238
9426  -8.710  -81.036  -1.271 0.6999999881
9425  -7.900  -81.142  -0.804 0.6999999881
7011  -13.436  -85.197  1.185 0.6000000238
10001  -7.389  -80.642  -0.419 0.6000000238
6429  -13.641  -85.930  2.595 0.6000000238
6994  -13.472  -85.476  2.212 0.6000000238
6996  -15.034  -86.202  1.546 0.6000000238
5845  -14.231  -86.559  2.269 0.6000000238
5258  -15.369  -88.180  1.175 0.6000000238
5274  -15.609  -88.687  0.452 0.6000000238
4658  -18.944  -89.280  -0.545 0.6000000238
4674  -16.327  -89.502  -1.014 0.6000000238
4677  -19.401  -89.325  -1.218 0.6000000238
4151  -17.169  -90.404  -7.166 0.6000000238
4152  -17.914  -90.800  -6.848 0.6000000238
3598  -18.300  -91.704  -6.710 0.6000000238
4696  -18.935  -89.554  -2.133 0.5000000000
114188  -19.310  -89.285  -3.789 0.5000000000
3599  -19.331  -91.581  -6.582 0.6000000238
5386  -17.654  -88.650  -7.471 0.4000000060
4766  -17.965  -89.757  -7.589 0.6000000238
8296  -12.097  -82.627  -3.246 0.6000000238
8889  -12.245  -82.171  -3.421 0.5000000000
8890  -12.620  -82.387  -3.352 0.6000000238
8892  -13.416  -82.214  -3.214 0.5000000000
8285  -10.806  -82.810  -3.116 0.6000000238
9443  -11.822  -81.691  -3.413 0.6000000238
8287  -12.371  -83.171  -2.982 0.5000000000
106458  -13.687  -82.868  -3.368 0.5000000000
125066  -14.276  -83.536  -3.441 0.5000000000
122005  -10.896  -81.766  -3.287 0.5000000000
8883  -11.584  -82.206  -3.496 0.6000000238
9437  -10.230  -81.505  -2.913 0.5000000000
7077  -14.419  -84.648  -3.495 0.6000000238
10002  -8.097  -80.329  -1.005 0.6999999881
10003  -8.988  -80.719  -1.396 0.6000000238
10538  -8.802  -80.129  -1.111 0.6000000238
106808  -14.291  -85.418  0.370 0.5000000000
9988  -6.663  -80.162  -0.181 0.5000000000
9989  -7.379  -80.028  -0.566 0.6999999881
7012  -14.840  -85.744  1.182 0.5000000000
6435  -15.421  -86.801  1.518 0.5000000000
5857  -15.646  -87.460  1.404 0.6000000238
5276  -17.525  -88.837  0.316 0.6000000238
4642  -17.044  -89.057  0.303 0.5000000000
5295  -19.120  -88.919  -0.248 0.6000000238
4643  -17.738  -89.137  0.031 0.6000000238
4697  -19.762  -89.193  -2.086 0.5000000000
5397  -17.873  -88.453  -8.084 0.5000000000
4774  -18.050  -89.026  -8.100 0.5000000000
4160  -18.845  -90.266  -7.185 0.6000000238
4153  -19.666  -90.788  -6.653 0.6000000238
10034  -12.884  -81.362  -3.844 0.6000000238
9452  -13.147  -81.633  -3.501 0.6000000238
103598  -12.942  -80.749  -3.716 0.6000000238
8288  -14.087  -82.945  -3.318 0.5000000000
10027  -11.641  -81.290  -3.166 0.6000000238
10017  -11.613  -80.840  -2.327 0.6999999881
8278  -15.136  -83.873  -3.206 0.6000000238
104935  -9.715  -80.021  -1.228 0.6000000238
110444  -10.093  -80.867  -2.173 0.6000000238
7078  -14.834  -84.886  -3.694 0.6000000238
10522  -8.504  -79.873  -0.541 0.6000000238
10523  -9.233  -79.885  -0.741 0.6000000238
7051  -14.981  -85.549  -1.751 0.5000000000
6443  -15.638  -86.450  0.812 0.5000000000
9973  -6.437  -80.273  -0.115 0.5000000000
10505  -6.960  -79.874  -0.124 0.6000000238
6436  -16.149  -87.150  1.053 0.5000000000
5870  -17.648  -88.217  0.279 0.6000000238
5275  -16.853  -88.464  0.594 0.5000000000
5886  -19.807  -88.324  -0.522 0.5000000000
5296  -19.731  -88.936  -0.626 0.5000000000
5398  -18.462  -88.383  -8.500 0.6000000238
4775  -18.919  -89.260  -8.034 0.6000000238
10028  -13.254  -80.734  -3.570 0.6000000238
9438  -13.373  -81.154  -3.267 0.5000000000
9439  -13.457  -81.632  -2.682 0.5000000000
10566  -13.695  -80.019  -3.605 0.6999999881
9428  -13.503  -81.472  -1.770 0.5000000000
121995  -12.261  -80.243  -2.161 0.6999999881
10565  -12.301  -80.779  -3.182 0.6000000238
8865  -13.916  -82.094  -1.159 0.5000000000
104178  -11.417  -80.348  -1.401 0.6000000238
114489  -14.638  -83.102  -2.107 0.5000000000
7631  -15.669  -84.421  -3.007 0.6000000238
10524  -10.164  -79.874  -0.545 0.6999999881
7080  -15.791  -85.099  -3.167 0.6000000238
10508  -9.192  -79.865  -0.184 0.6000000238
6461  -15.761  -86.008  -2.306 0.6000000238
9954  -8.574  -80.783  0.995 0.6999999881
10507  -8.314  -79.835  0.043 0.6999999881
6442  -15.245  -85.932  0.034 0.5000000000
7031  -15.542  -86.102  -1.230 0.5000000000
9974  -7.078  -80.180  0.363 0.6000000238
6450  -16.073  -86.494  -0.437 0.5000000000
9390  -7.059  -81.092  1.252 0.5000000000
6451  -16.916  -86.860  -0.855 0.6000000238
103501  -16.559  -86.941  0.307 0.5000000000
113666  -6.697  -81.655  1.963 0.6000000238
5869  -16.921  -87.606  0.492 0.5000000000
5885  -19.045  -88.197  -0.287 0.6000000238
5898  -20.468  -87.413  -0.754 0.5000000000
10555  -14.620  -79.364  -3.116 0.6999999881
10018  -14.069  -80.261  -2.997 0.5000000000
10005  -13.758  -80.626  -1.683 0.5000000000
11090  -14.536  -78.522  -3.093 0.8000000119
10554  -14.229  -79.266  -3.427 0.6999999881
9990  -13.948  -80.873  -0.563 0.5000000000
9413  -14.093  -81.691  -0.430 0.5000000000
11080  -13.114  -78.453  -1.774 0.6999999881
11088  -12.788  -79.272  -2.322 0.6999999881
120476  -13.562  -79.484  -3.210 0.8000000119
10540  -11.728  -79.545  -1.021 0.6999999881
8837  -14.443  -82.010  0.183 0.5000000000
11053  -11.905  -79.196  -0.266 0.6999999881
11066  -11.767  -78.983  -0.871 0.6999999881
8265  -15.129  -83.462  -1.489 0.6000000238
8850  -14.541  -82.675  -0.556 0.5000000000
10492  -10.908  -80.481  0.487 0.6000000238
10509  -11.035  -79.830  -0.084 0.6000000238
7067  -16.464  -85.636  -2.643 0.6000000238
9955  -9.575  -80.955  1.081 0.6999999881
119133  -10.057  -80.643  0.562 0.6999999881
112058  -16.344  -86.365  -1.662 0.6000000238
6475  -16.485  -86.095  -2.476 0.6000000238
9939  -9.035  -81.379  1.684 0.6000000238
6462  -16.976  -86.448  -1.901 0.6000000238
5884  -17.603  -87.400  -0.390 0.6000000238
9360  -6.878  -82.032  2.835 0.6000000238
116540  -18.308  -87.942  -0.186 0.6000000238
5897  -19.582  -87.551  -0.528 0.5000000000
11099  -15.636  -78.419  -3.002 0.6000000238
10556  -15.361  -79.055  -2.722 0.5000000000
10541  -15.255  -79.242  -1.585 0.5000000000
9991  -14.448  -80.526  0.016 0.5000000000
11666  -14.020  -78.009  -2.397 0.8000000119
9977  -14.616  -80.873  0.888 0.5000000000
11067  -12.524  -78.742  -0.844 0.6999999881
8266  -15.982  -84.195  -2.282 0.6000000238
114651  -7.306  -83.739  6.374 0.6000000238
10493  -11.919  -80.182  0.502 0.8000000119
8158  -8.978  -83.292  6.288 0.6000000238
9957  -11.561  -80.860  1.229 0.6999999881
7632  -16.324  -85.047  -2.686 0.6000000238
8790  -7.467  -82.816  5.003 0.6000000238
9940  -10.051  -81.451  1.829 0.6000000238
6476  -17.072  -86.094  -2.270 0.6000000238
6463  -17.366  -86.416  -1.618 0.6000000238
8807  -8.178  -82.309  3.903 0.6000000238
9361  -7.815  -81.963  3.078 0.6000000238
9376  -9.430  -81.748  2.525 0.6000000238
104322  -17.446  -86.747  -1.255 0.6000000238
7032  -17.742  -86.187  -1.538 0.6000000238
9374  -7.457  -81.630  2.176 0.5000000000
6452  -18.393  -87.009  -1.002 0.5000000000
6464  -19.683  -86.697  -0.788 0.5000000000
7052  -18.731  -86.223  -1.113 0.5000000000
11092  -16.588  -78.138  -2.463 0.5000000000
10557  -16.028  -78.648  -2.267 0.5000000000
11091  -15.267  -78.229  -3.058 0.6000000238
11678  -16.419  -77.924  -2.732 0.5000000000
11660  -13.856  -77.891  -1.409 0.8000000119
104751  -15.336  -77.601  -2.610 0.6999999881
11068  -13.284  -78.379  -0.711 0.8000000119
10510  -12.804  -78.811  -0.006 0.8000000119
8247  -15.424  -83.467  -0.434 0.6000000238
9402  -14.651  -81.745  0.919 0.5000000000
8135  -8.338  -83.437  7.679 0.6000000238
103462  -12.607  -79.541  0.466 0.8000000119
8838  -15.088  -82.772  0.487 0.5000000000
8137  -9.646  -83.259  7.065 0.6999999881
8147  -8.712  -83.514  7.023 0.6000000238
121964  -12.273  -80.604  1.280 0.8000000119
118329  -16.516  -84.818  -1.997 0.6000000238
107210  -16.109  -84.081  -1.303 0.6000000238
8225  -15.778  -83.499  0.314 0.6000000238
105190  -9.821  -82.967  6.150 0.6000000238
7633  -17.084  -85.629  -2.192 0.6000000238
7620  -16.758  -84.830  -1.083 0.6000000238
8791  -8.224  -82.515  4.796 0.6000000238
9377  -10.420  -81.789  2.660 0.6000000238
103312  -11.153  -81.466  2.031 0.5000000000
9362  -8.800  -81.992  3.286 0.6000000238
7033  -18.272  -85.898  -1.126 0.6000000238
7034  -19.308  -85.547  -0.817 0.5000000000
7053  -19.874  -85.841  -1.033 0.5000000000
123655  -19.933  -84.709  -0.994 0.5000000000
11677  -15.942  -77.843  -2.930 0.6000000238
11667  -14.641  -77.466  -1.952 0.6999999881
9320  -7.568  -81.936  8.589 0.6000000238
8765  -7.911  -83.128  8.233 0.6000000238
11054  -13.618  -78.535  0.182 0.8000000119
8827  -15.225  -82.499  1.675 0.5000000000
8767  -9.544  -82.643  7.733 0.6000000238
11040  -13.280  -79.129  0.803 0.8000000119
8820  -15.611  -82.703  2.534 0.5000000000
8136  -9.042  -83.260  7.615 0.6999999881
9958  -12.785  -80.322  1.883 0.8000000119
8226  -16.440  -83.839  0.573 0.6000000238
8839  -15.761  -83.360  1.145 0.6000000238
8782  -10.625  -82.645  5.949 0.8000000119
107761  -12.204  -81.048  2.152 0.6999999881
8227  -17.230  -84.108  0.808 0.6000000238
8793  -10.900  -82.382  5.127 0.6999999881
9350  -10.327  -82.270  4.288 0.6999999881
9378  -11.189  -81.792  2.843 0.6000000238
7602  -17.533  -85.411  -0.923 0.6000000238
121329  -9.176  -82.315  4.330 0.6000000238
7584  -17.782  -84.729  0.098 0.5000000000
7603  -18.421  -85.344  -0.478 0.5000000000
11668  -15.376  -77.123  -2.041 0.6000000238
12318  -16.891  -76.970  -2.407 0.5000000000
9888  -6.835  -81.024  8.905 0.6000000238
11661  -15.252  -77.225  -1.176 0.6999999881
9889  -7.363  -81.190  8.462 0.6000000238
110654  -14.601  -77.659  -0.612 0.6999999881
120830  -15.242  -77.248  -0.267 0.6000000238
9328  -8.933  -82.060  8.129 0.6000000238
9327  -8.074  -81.570  8.252 0.6000000238
11649  -14.266  -78.032  0.343 0.6000000238
11634  -14.615  -77.871  1.397 0.6999999881
9329  -10.323  -82.047  7.532 0.8000000119
114707  -13.684  -79.003  1.540 0.6999999881
11041  -14.162  -78.463  2.001 0.6000000238
9330  -10.845  -82.263  7.128 0.8000000119
9941  -13.032  -80.632  2.804 0.8000000119
109827  -14.003  -79.485  3.266 0.6999999881
8783  -11.417  -82.368  5.880 0.6999999881
8794  -11.674  -82.175  5.136 0.6999999881
9352  -12.289  -81.821  4.591 0.6000000238
9929  -13.449  -80.703  3.791 0.8000000119
9887  -6.373  -80.467  9.045 0.6000000238
9895  -7.767  -80.620  7.769 0.6000000238
9896  -9.323  -81.150  7.709 0.6999999881
118435  -15.022  -77.414  2.125 0.6000000238
113473  -9.723  -81.867  7.783 0.6999999881
9897  -10.282  -81.125  7.555 0.6999999881
107266  -14.697  -77.867  2.520 0.6999999881
11620  -14.981  -77.859  3.493 0.6000000238
9898  -11.040  -81.497  7.268 0.8000000119
9908  -12.447  -80.582  6.486 0.6000000238
120926  -12.618  -81.469  5.991 0.5000000000
10474  -13.978  -79.974  4.066 0.6999999881
11604  -15.011  -78.176  4.437 0.6999999881
11605  -15.497  -77.401  4.278 0.6000000238
9335  -11.602  -81.877  6.674 0.8000000119
9913  -13.385  -80.763  5.425 0.6000000238
9919  -13.818  -80.477  4.739 0.6000000238
10428  -5.782  -79.733  9.125 0.6000000238
111569  -5.998  -79.830  7.940 0.6000000238
9903  -7.605  -79.824  6.975 0.6999999881
10433  -6.864  -80.497  8.180 0.6000000238
9904  -8.609  -80.222  7.276 0.6999999881
10439  -9.170  -79.500  6.691 0.6999999881
9905  -9.627  -80.277  7.281 0.6999999881
10441  -10.766  -79.682  6.697 0.6000000238
11621  -15.274  -77.402  3.039 0.6000000238
10442  -11.745  -80.167  6.740 0.6000000238
10452  -13.200  -80.172  6.040 0.6000000238
12247  -15.861  -76.871  3.457 0.5000000000
122286  -15.300  -77.617  4.858 0.6000000238
117009  -16.035  -76.602  4.512 0.5000000000
12971  -17.209  -75.648  3.988 0.5000000000
11585  -14.918  -77.762  5.231 0.6000000238
115343  -15.487  -76.995  5.092 0.5000000000
10977  -5.032  -78.332  7.141 0.6000000238
10432  -5.691  -78.905  7.389 0.6000000238
10438  -6.821  -79.301  6.791 0.6999999881
105856  -6.142  -79.185  7.045 0.6999999881
103601  -7.449  -79.175  6.396 0.6999999881
103276  -8.226  -79.302  6.522 0.6999999881
10449  -9.817  -79.207  6.163 0.6000000238
10440  -9.947  -79.713  6.851 0.5000000000
10450  -10.562  -79.045  5.676 0.6999999881
10987  -11.236  -78.766  5.298 0.6000000238
10451  -11.573  -79.379  6.177 0.6000000238
10988  -12.294  -79.027  5.756 0.6000000238
11004  -12.628  -78.183  5.493 0.6000000238
11570  -14.321  -78.308  5.393 0.6000000238
12234  -14.695  -76.889  5.302 0.5000000000
12958  -15.184  -76.157  5.266 0.5000000000
120182  -15.592  -75.350  5.135 0.5000000000
12206  -4.484  -75.647  6.806 0.6999999881
12927  -4.839  -75.548  6.598 0.6999999881
112333  -4.798  -75.458  6.665 0.6999999881
121169  -4.715  -77.671  6.658 0.6000000238
12207  -4.780  -76.428  6.303 0.6999999881
12928  -5.160  -75.681  6.310 0.6999999881
120510  -6.651  -75.766  6.729 0.6999999881
12930  -7.498  -75.779  6.661 0.6000000238
10981  -5.604  -78.574  6.565 0.6999999881
109623  -4.841  -77.255  6.067 0.6999999881
12230  -5.705  -77.032  5.155 0.6999999881
108665  -6.157  -76.086  5.631 0.6999999881
10986  -6.202  -78.474  5.250 0.6999999881
10985  -5.582  -78.251  5.682 0.6999999881
106109  -6.104  -76.416  4.797 0.6999999881
10448  -8.765  -79.021  5.644 0.6999999881
10460  -9.639  -78.879  5.129 0.6000000238
11020  -10.998  -78.034  4.530 0.6000000238
12244  -11.552  -76.359  3.644 0.6000000238
11003  -11.756  -78.327  5.252 0.6000000238
11582  -11.919  -77.591  4.935 0.6000000238
11603  -12.104  -76.829  4.417 0.6000000238
12232  -12.804  -76.525  4.664 0.5000000000
12246  -13.102  -75.908  4.472 0.6000000238
12969  -13.462  -75.071  4.173 0.6000000238
12233  -13.689  -76.724  5.074 0.5000000000
12957  -14.123  -75.993  4.980 0.5000000000
13624  -14.128  -74.510  4.284 0.5000000000
12920  -4.099  -75.210  7.297 0.6999999881
13584  -5.174  -75.275  6.668 0.6999999881
12921  -7.247  -75.646  7.498 0.6000000238
12922  -8.264  -75.486  7.380 0.6000000238
12931  -9.017  -74.987  6.900 0.6000000238
105834  -9.422  -74.835  6.107 0.4000000060
12942  -6.527  -75.884  5.029 0.6000000238
12943  -7.606  -75.699  5.646 0.5000000000
13596  -8.659  -75.296  5.888 0.5000000000
13607  -9.618  -74.225  4.712 0.4000000060
14967  -10.591  -73.067  4.664 0.5000000000
10446  -6.816  -78.951  5.800 0.6999999881
10999  -6.231  -78.101  4.385 0.8000000119
12231  -5.748  -76.697  4.286 0.6999999881
12967  -7.277  -75.949  3.732 0.5000000000
13622  -8.193  -75.478  3.933 0.4000000060
14267  -9.166  -73.872  3.742 0.4000000060
14279  -9.840  -73.147  3.831 0.4000000060
14984  -9.947  -72.905  3.245 0.4000000060
11000  -7.074  -78.471  4.917 0.8000000119
11016  -6.925  -78.050  3.919 0.8000000119
11015  -6.229  -77.569  3.761 0.8000000119
12243  -6.661  -76.525  3.535 0.8000000119
12984  -7.728  -76.063  3.287 0.6000000238
13637  -8.391  -75.612  3.462 0.5000000000
14278  -8.974  -73.982  3.133 0.4000000060
121998  -9.506  -73.548  3.338 0.4000000060
10458  -8.017  -78.642  5.017 0.6999999881
10459  -8.760  -78.359  4.632 0.8000000119
11017  -8.334  -77.792  3.800 0.6999999881
11601  -9.590  -77.253  3.570 0.5000000000
13639  -9.371  -74.362  2.695 0.5000000000
14289  -9.591  -73.676  2.816 0.4000000060
14290  -10.243  -73.343  2.518 0.4000000060
11001  -9.582  -78.291  4.530 0.6000000238
113035  -10.416  -77.216  3.852 0.5000000000
11619  -10.761  -76.567  3.354 0.5000000000
12263  -11.843  -75.694  3.178 0.6000000238
12968  -12.587  -75.397  3.658 0.6000000238
12988  -13.067  -75.061  3.076 0.6000000238
13583  -4.550  -75.044  7.254 0.6000000238
13560  -4.657  -74.699  8.366 0.5000000000
13575  -6.671  -75.259  8.355 0.5000000000
13563  -8.581  -74.392  8.679 0.4000000060
13577  -8.947  -74.813  7.935 0.5000000000
13586  -9.932  -74.467  6.640 0.5000000000
14259  -10.371  -73.775  5.230 0.5000000000
14968  -10.778  -72.335  5.122 0.5000000000
15672  -10.542  -71.359  4.106 0.5000000000
16409  -10.657  -70.512  3.967 0.5000000000
14977  -10.541  -72.106  3.525 0.5000000000
16410  -11.074  -69.989  3.667 0.5000000000
11598  -7.023  -77.291  3.395 0.6999999881
12258  -8.037  -76.231  2.971 0.6000000238
12259  -8.950  -76.042  2.714 0.5000000000
12985  -8.714  -75.644  3.000 0.5000000000
15681  -10.908  -71.867  3.087 0.5000000000
16411  -11.808  -69.919  3.499 0.5000000000
105653  -7.781  -78.187  4.308 0.8000000119
11599  -7.903  -77.267  3.182 0.6999999881
11617  -9.268  -76.799  2.853 0.6000000238
13649  -9.840  -74.841  2.165 0.5000000000
14298  -9.966  -74.049  2.221 0.4000000060
14299  -10.703  -73.749  1.895 0.5000000000
15682  -11.446  -71.698  2.867 0.4000000060
16417  -11.624  -70.857  3.216 0.5000000000
12261  -10.397  -76.181  2.542 0.5000000000
12279  -10.845  -75.709  2.029 0.5000000000
13001  -10.130  -75.439  1.939 0.6000000238
13650  -10.643  -74.553  1.706 0.5000000000
13663  -11.391  -74.181  1.505 0.5000000000
14997  -12.101  -73.129  1.607 0.5000000000
12262  -11.133  -75.963  2.821 0.5000000000
13003  -12.163  -75.047  1.791 0.5000000000
13002  -11.361  -75.140  1.613 0.5000000000
13664  -12.032  -74.352  1.319 0.5000000000
12987  -12.274  -75.122  2.733 0.6000000238
13653  -13.332  -74.194  1.683 0.6000000238
14239  -5.140  -74.506  9.135 0.5000000000
13547  -6.035  -74.447  9.555 0.5000000000
14247  -7.635  -74.703  9.098 0.5000000000
14241  -8.064  -73.774  9.287 0.4000000060
14248  -9.366  -74.022  8.029 0.4000000060
14224  -5.193  -73.803  9.646 0.5000000000
14240  -7.107  -74.153  9.643 0.4000000060
14253  -10.159  -73.948  7.142 0.5000000000
14954  -10.504  -73.093  6.465 0.6000000238
14960  -10.610  -72.175  5.976 0.5000000000
15664  -10.518  -71.326  4.663 0.5000000000
121025  -10.373  -69.949  4.446 0.4000000060
17154  -10.516  -69.511  4.085 0.4000000060
18634  -11.439  -67.684  4.149 0.4000000060
14226  -7.336  -73.181  9.729 0.4000000060
14941  -7.894  -72.754  9.281 0.4000000060
14947  -8.867  -73.096  8.138 0.4000000060
14948  -9.754  -73.207  7.394 0.5000000000
14953  -9.906  -72.268  6.768 0.5000000000
15652  -9.865  -71.440  6.271 0.5000000000
14952  -9.029  -72.314  7.387 0.4000000060
15651  -9.052  -71.515  6.871 0.4000000060
16390  -9.166  -70.963  6.567 0.5000000000
16394  -9.830  -70.939  5.918 0.4000000060
17144  -10.211  -70.063  4.867 0.4000000060
17145  -10.176  -69.275  4.615 0.4000000060
17896  -11.004  -67.917  5.034 0.4000000060
15634  -7.291  -72.080  9.814 0.4000000060
15644  -7.771  -71.771  9.022 0.4000000060
14946  -8.190  -72.470  8.522 0.4000000060
109058  -7.092  -70.246  9.151 0.4000000060
16381  -7.287  -70.862  8.346 0.4000000060
15648  -8.241  -71.547  7.353 0.4000000060
16389  -8.292  -70.871  7.032 0.4000000060
112660  -9.575  -70.626  6.499 0.5000000000
17137  -10.254  -69.595  5.250 0.4000000060
119686  -10.341  -68.662  5.018 0.4000000060
17132  -8.679  -70.336  6.981 0.4000000060
17890  -10.551  -69.351  6.492 0.4000000060
18607  -12.218  -68.634  6.417 0.4000000060
17891  -11.385  -68.995  6.051 0.4000000060
16371  -7.042  -70.523  10.004 0.4000000060
17123  -6.838  -69.422  8.813 0.3000000119
17127  -7.124  -69.944  7.686 0.3000000119
16388  -7.725  -69.930  7.367 0.4000000060
17883  -6.901  -68.594  7.934 0.4000000060
17126  -6.813  -69.294  8.003 0.3000000119
17131  -7.217  -69.158  7.653 0.3000000119
105221  -8.259  -69.367  7.251 0.4000000060
19357  -9.314  -67.613  6.938 0.5000000000
18606  -11.137  -68.758  6.757 0.4000000060
18610  -13.736  -67.553  5.760 0.3000000119
19358  -9.798  -67.000  6.908 0.5000000000
19359  -10.731  -67.020  7.124 0.5000000000
115563  -11.651  -68.114  7.004 0.4000000060
119306  -12.781  -68.056  6.653 0.4000000060
111880  -13.523  -67.342  6.612 0.3000000119
17880  -6.658  -68.700  8.538 0.4000000060
18598  -6.476  -67.401  7.986 0.4000000060
18603  -7.054  -68.048  7.008 0.4000000060
18604  -7.714  -67.978  6.818 0.5000000000
18605  -8.721  -68.230  7.003 0.5000000000
19347  -6.838  -67.232  7.140 0.4000000060
19356  -8.098  -67.146  6.502 0.5000000000
20095  -9.748  -66.024  6.726 0.5000000000
20096  -10.739  -65.852  6.846 0.4000000060
20097  -11.912  -65.733  6.787 0.4000000060
112490  -9.033  -65.257  6.354 0.3000000119
111879  -9.821  -65.001  6.500 0.3000000119
20848  -10.708  -64.743  6.594 0.3000000119
17882  -6.568  -68.074  8.359 0.4000000060
111406  -6.856  -66.237  7.288 0.3000000119
20845  -7.924  -65.129  6.666 0.4000000060
20849  -13.036  -64.889  6.836 0.3000000119
113121  -7.406  -64.773  7.331 0.3000000119
8245  -10.619  -83.230  -0.617 0.6000000238
8264  -10.897  -83.074  -1.529 0.5000000000
11005  -14.732  -78.617  5.033 0.6000000238
10453  -14.182  -79.416  5.348 0.6000000238
5917  -9.014  -88.045  -4.188 0.5000000000
5909  -10.235  -87.774  -3.214 0.6000000238
4640  -9.356  -89.401  0.535 0.5000000000
5895  -12.293  -87.913  -1.388 0.6999999881
5343  -12.574  -88.385  -3.911 0.6999999881
5344  -13.001  -88.620  -3.374 0.6999999881
6983  -12.140  -85.590  2.843 0.5000000000
4740  -13.094  -89.889  -5.334 0.6999999881
105349  -13.079  -87.979  0.172 0.6999999881
5883  -12.898  -88.214  -0.793 0.6999999881
117276  -11.722  -83.891  0.028 0.6000000238
4742  -14.531  -90.753  -5.590 0.6999999881
5273  -14.775  -88.471  0.547 0.6000000238
4717  -16.337  -89.676  -3.217 0.5000000000
8864  -8.885  -82.009  -1.555 0.6999999881
4654  -15.869  -89.221  -0.225 0.6000000238
3597  -17.195  -91.736  -6.874 0.6000000238
4675  -17.232  -89.618  -1.392 0.5000000000
4720  -19.312  -89.433  -2.852 0.5000000000
4765  -17.549  -89.331  -7.508 0.5000000000
8274  -9.665  -82.321  -2.049 0.6000000238
122709  -8.025  -82.203  -1.083 0.6999999881
108114  -14.313  -85.134  -2.217 0.6000000238
116857  -16.088  -88.452  0.784 0.5000000000
4655  -16.619  -89.345  -0.157 0.5000000000
4676  -18.401  -89.497  -1.319 0.6000000238
4656  -17.058  -89.479  -0.685 0.5000000000
3589  -18.843  -90.973  -6.460 0.6000000238
10539  -10.763  -80.147  -1.046 0.6000000238
8168  -7.425  -83.590  5.682 0.6000000238
108866  -7.383  -82.389  3.676 0.6000000238
8780  -8.230  -83.115  5.574 0.6000000238
10494  -12.589  -79.970  1.115 0.8000000119
8792  -9.968  -82.508  5.209 0.6000000238
8249  -16.997  -84.501  -0.114 0.6000000238
9364  -10.803  -82.040  3.471 0.6000000238
11029  -13.810  -79.145  2.328 0.8000000119
8212  -16.527  -83.708  1.487 0.6000000238
112324  -12.551  -81.303  3.431 0.6000000238
9365  -11.677  -81.818  3.533 0.6999999881
9343  -12.823  -81.424  5.430 0.6000000238
110696  -12.506  -79.809  6.376 0.6000000238
10461  -14.284  -79.773  4.898 0.6999999881
10989  -13.209  -78.870  5.769 0.6000000238
12959  -15.980  -76.112  5.115 0.5000000000
11002  -10.343  -78.547  4.816 0.5000000000
11569  -13.586  -78.184  5.557 0.6000000238
12970  -14.561  -75.234  4.922 0.5000000000
11562  -4.267  -76.307  6.875 0.6999999881
11563  -4.412  -77.013  6.723 0.6000000238
12940  -5.177  -76.028  6.224 0.6999999881
11581  -5.665  -77.158  4.716 0.8000000119
12966  -6.448  -76.178  3.782 0.6000000238
13574  -5.240  -74.998  7.621 0.6000000238
113434  -9.163  -74.827  5.232 0.5000000000
13605  -8.256  -75.309  4.844 0.5000000000
15690  -11.961  -72.327  2.230 0.5000000000
13561  -5.708  -74.908  8.844 0.5000000000
15673  -10.796  -71.398  3.647 0.5000000000
11616  -8.458  -76.639  2.831 0.6000000238
112364  -9.174  -76.252  2.604 0.6000000238
13665  -12.775  -74.127  1.351 0.5000000000
14225  -6.437  -73.513  9.897 0.5000000000
15657  -10.347  -71.364  5.457 0.5000000000
15633  -6.955  -71.240  10.331 0.4000000060
15643  -7.363  -71.079  9.544 0.4000000060
15647  -7.766  -71.662  7.971 0.4000000060
16384  -6.891  -70.058  8.142 0.3000000119
16385  -7.561  -70.761  7.571 0.4000000060
17133  -10.157  -70.075  6.311 0.5000000000
17888  -9.136  -69.132  7.217 0.4000000060
17889  -9.904  -69.502  6.904 0.4000000060
17892  -12.346  -68.614  5.799 0.4000000060
17893  -12.986  -68.216  5.665 0.4000000060
17886  -7.198  -68.513  7.511 0.3000000119
17887  -7.542  -68.568  7.164 0.5000000000
106363  -8.186  -68.654  7.091 0.4000000060
113632  -10.523  -68.045  7.175 0.5000000000
110226  -10.012  -68.817  7.152 0.4000000060
18609  -13.423  -68.026  6.178 0.4000000060
19360  -11.816  -67.028  7.011 0.4000000060
112461  -12.765  -66.984  6.950 0.4000000060
19355  -7.346  -67.399  6.707 0.5000000000
20093  -7.889  -66.063  6.279 0.5000000000
20094  -8.829  -66.323  6.502 0.4000000060
122359  -12.462  -65.237  6.763 0.4000000060
119914  -8.410  -65.460  6.338 0.4000000060
20833  -7.853  -64.120  6.825 0.3000000119
20846  -8.476  -64.657  6.386 0.3000000119
2138  -18.839  -94.467  -10.448 0.5000000000
1696  -19.103  -95.379  -10.221 0.5000000000
1254  -19.470  -96.011  -9.210 0.5000000000
1691  -19.305  -95.602  -9.376 0.5000000000
1245  -19.929  -96.084  -8.660 0.5000000000
1692  -19.860  -95.801  -8.713 0.5000000000
1683  -20.732  -96.057  -7.654 0.6000000238
2612  -18.571  -93.771  -10.709 0.5000000000
2613  -19.046  -94.019  -9.810 0.5000000000
103348  -19.092  -94.832  -9.576 0.5000000000
2131  -19.520  -95.023  -8.573 0.5000000000
124961  -21.072  -95.980  -6.979 0.6000000238
107735  -20.446  -95.343  -8.184 0.6000000238
1687  -20.382  -95.865  -8.205 0.6000000238
123488  -18.334  -93.186  -10.929 0.4000000060
4167  -15.848  -90.515  -10.206 0.4000000060
4168  -16.481  -91.152  -10.682 0.4000000060
3632  -16.871  -91.419  -11.145 0.5000000000
3623  -17.212  -91.844  -10.822 0.5000000000
3130  -17.344  -92.082  -11.445 0.5000000000
123671  -17.798  -92.267  -10.963 0.5000000000
3121  -17.579  -92.447  -10.353 0.5000000000
3131  -18.061  -92.718  -11.478 0.5000000000
3122  -18.132  -92.769  -10.641 0.5000000000
1678  -21.270  -95.340  -6.600 0.6000000238
1679  -21.703  -94.824  -6.051 0.6000000238
2609  -18.485  -93.427  -9.926 0.5000000000
113625  -18.362  -93.452  -8.607 0.5000000000
121183  -21.262  -95.475  -7.314 0.6000000238
2610  -19.153  -94.373  -8.960 0.5000000000
108030  -20.556  -94.500  -8.138 0.6000000238
2132  -21.326  -94.686  -7.963 0.6000000238
1684  -21.792  -95.016  -6.904 0.6000000238
2605  -21.814  -93.982  -8.003 0.6000000238
2125  -22.210  -94.436  -7.293 0.6000000238
2121  -22.816  -93.958  -6.972 0.6999999881
2133  -22.012  -94.238  -7.787 0.6000000238
2126  -22.636  -93.810  -7.691 0.6999999881
4772  -14.043  -89.664  -8.621 0.6000000238
4159  -14.605  -90.334  -9.050 0.6000000238
4166  -15.214  -89.945  -9.808 0.5000000000
3614  -15.105  -91.150  -9.497 0.5000000000
3606  -15.154  -92.286  -8.909 0.6000000238
3616  -16.893  -91.996  -10.020 0.5000000000
3615  -16.034  -91.583  -9.777 0.5000000000
3116  -16.158  -92.804  -9.005 0.5000000000
3118  -18.017  -92.922  -9.635 0.5000000000
3117  -17.161  -92.876  -9.419 0.5000000000
2110  -21.823  -94.725  -4.860 0.6999999881
2115  -22.219  -94.647  -5.517 0.6000000238
2111  -22.318  -94.503  -5.164 0.8000000119
2603  -18.983  -93.769  -8.742 0.5000000000
2130  -19.751  -94.040  -8.327 0.5000000000
2604  -20.871  -93.535  -7.985 0.6000000238
2120  -22.273  -94.504  -6.483 0.6999999881
2116  -22.697  -93.982  -5.983 0.6999999881
123202  -21.301  -93.971  -8.023 0.6000000238
2600  -23.368  -93.325  -7.369 0.6999999881
114926  -21.826  -93.227  -8.168 0.6000000238
2134  -22.318  -93.502  -8.065 0.6000000238
3110  -22.437  -92.601  -8.722 0.6999999881
3097  -23.418  -92.791  -7.972 0.6999999881
4764  -13.464  -89.016  -8.108 0.5000000000
4149  -13.169  -90.367  -7.664 0.6000000238
121691  -14.698  -92.506  -8.204 0.6000000238
124241  -16.862  -93.162  -8.567 0.6000000238
106194  -17.756  -93.163  -8.583 0.5000000000
3106  -18.242  -92.936  -7.669 0.6000000238
2583  -22.218  -93.713  -4.849 0.6999999881
3094  -18.784  -92.383  -7.006 0.5000000000
123894  -22.773  -93.352  -4.965 0.5000000000
103548  -22.553  -92.794  -4.763 0.6000000238
3107  -19.130  -93.152  -7.700 0.6000000238
2599  -19.968  -93.218  -7.727 0.5000000000
2594  -23.400  -93.364  -5.707 0.6000000238
2597  -23.460  -93.500  -6.506 0.6000000238
3108  -21.514  -92.595  -8.165 0.5000000000
2598  -24.077  -93.219  -6.752 0.6000000238
3098  -24.139  -92.663  -7.347 0.6000000238
3608  -21.766  -91.608  -9.051 0.5000000000
3617  -22.186  -91.696  -9.378 0.6000000238
3112  -23.740  -92.204  -8.160 0.5000000000
3619  -23.467  -91.147  -9.267 0.5000000000
119699  -24.348  -91.012  -7.943 0.5000000000
4763  -12.647  -89.573  -7.071 0.6000000238
5384  -12.461  -88.655  -6.754 0.4000000060
3095  -19.752  -92.407  -7.119 0.5000000000
2584  -23.395  -93.070  -4.983 0.5000000000
3096  -20.655  -92.560  -7.538 0.5000000000
2595  -24.125  -93.167  -6.006 0.5000000000
3068  -24.565  -92.436  -5.584 0.5000000000
113486  -24.061  -92.413  -4.938 0.5000000000
3607  -21.200  -91.771  -7.869 0.5000000000
3083  -24.513  -92.619  -6.487 0.5000000000
3590  -24.804  -92.135  -6.861 0.5000000000
4170  -21.981  -90.238  -9.571 0.6000000238
3601  -24.412  -91.720  -7.544 0.5000000000
4171  -22.352  -90.270  -9.651 0.6000000238
4172  -23.094  -90.238  -9.515 0.5000000000
3600  -20.368  -91.519  -6.993 0.5000000000
3057  -24.711  -91.768  -4.970 0.5000000000
4777  -21.002  -90.115  -7.959 0.5000000000
3069  -25.084  -91.967  -6.202 0.5000000000
3058  -25.081  -91.725  -5.533 0.5000000000
3577  -25.234  -91.016  -5.065 0.5000000000
109112  -25.684  -90.331  -4.942 0.5000000000
4121  -27.661  -89.819  -4.386 0.5000000000
4786  -21.055  -89.263  -9.050 0.6000000238
4787  -21.727  -89.372  -9.689 0.6000000238
3591  -25.017  -91.450  -6.663 0.5000000000
4179  -22.106  -89.525  -10.008 0.6000000238
4767  -24.229  -89.215  -6.730 0.5000000000
4796  -22.606  -89.073  -10.088 0.5000000000
4798  -23.854  -88.748  -9.670 0.5000000000
5399  -19.309  -88.535  -8.880 0.5000000000
3581  -25.213  -91.172  -5.769 0.5000000000
3578  -25.497  -90.495  -5.058 0.5000000000
4120  -26.552  -90.069  -4.924 0.5000000000
4776  -20.101  -89.232  -8.421 0.5000000000
4785  -20.266  -88.682  -9.086 0.6000000238
4146  -24.931  -90.697  -6.216 0.5000000000
4131  -25.170  -90.396  -5.441 0.5000000000
4133  -27.034  -89.867  -5.015 0.5000000000
4122  -28.548  -90.057  -4.303 0.5000000000
5418  -21.862  -89.033  -10.032 0.5000000000
4145  -24.146  -89.971  -6.392 0.5000000000
4745  -24.596  -88.558  -5.687 0.5000000000
5408  -18.822  -87.669  -9.113 0.5000000000
4747  -26.266  -89.221  -5.204 0.5000000000
4748  -27.343  -89.216  -5.126 0.5000000000
4749  -28.447  -89.142  -4.618 0.4000000060
6449  -8.299  -85.911  -0.013 0.4000000060
119340  -7.225  -83.713  7.004 0.5000000000
8754  -6.539  -82.719  8.615 0.5000000000
8764  -7.088  -83.220  8.155 0.5000000000
9311  -6.299  -81.359  9.463 0.5000000000
8134  -7.552  -83.544  7.626 0.5000000000
12202  -3.897  -75.918  7.451 0.5000000000
13559  -3.877  -74.563  8.210 0.5000000000
4161  -19.868  -90.037  -7.494 0.5000000000
4154  -20.428  -90.654  -7.122 0.5000000000
1688  -21.018  -95.436  -7.882 0.6000000238
1689  -21.631  -94.917  -7.578 0.6000000238
2606  -22.892  -93.156  -8.190 0.6999999881
121351  -14.276  -91.721  -8.546 0.6000000238
3109  -21.975  -92.378  -8.860 0.6000000238
3111  -23.095  -92.468  -8.627 0.6000000238
3119  -22.788  -91.859  -9.254 0.6000000238
109602  -21.908  -91.061  -9.787 0.6000000238
3618  -22.451  -91.139  -9.792 0.6000000238
3609  -23.426  -91.880  -8.842 0.5000000000
3602  -24.507  -90.746  -7.090 0.5000000000
4169  -21.836  -90.061  -8.836 0.5000000000
4180  -22.803  -89.529  -9.966 0.5000000000
109340  -21.148  -88.878  -9.401 0.5000000000
4132  -26.035  -90.093  -5.200 0.5000000000
4758  -24.424  -89.949  -5.719 0.5000000000
4746  -25.033  -89.386  -5.318 0.5000000000
4134  -27.896  -89.545  -4.539 0.5000000000
5372  -25.406  -88.171  -5.496 0.4000000060
119078  -28.055  -89.250  -4.787 0.4000000060
4086  -22.419  -90.096  -2.007 0.5000000000
4102  -22.510  -90.252  -3.053 0.6000000238
4103  -23.358  -90.020  -3.400 0.6000000238
116020  -21.927  -90.980  -3.376 0.6000000238
3570  -21.328  -91.081  -2.737 0.4000000060
4104  -24.367  -89.952  -3.674 0.4000000060
3576  -24.568  -90.816  -4.531 0.4000000060
3572  -23.903  -90.736  -3.903 0.5000000000
3571  -22.977  -91.020  -3.905 0.6000000238
3575  -23.925  -91.472  -4.521 0.5000000000
3047  -23.154  -92.072  -4.655 0.5000000000
3056  -21.676  -92.726  -4.414 0.6000000238
2582  -21.272  -93.663  -4.612 0.6000000238
108651  -20.770  -94.482  -4.702 0.6000000238
118742  -20.475  -95.123  -4.927 0.6000000238
121922  -21.193  -95.300  -4.983 0.6000000238
1223  -20.417  -95.477  -5.363 0.6000000238
1230  -20.693  -95.453  -5.563 0.5000000000
1231  -20.840  -95.752  -6.312 0.5000000000
1241  -20.222  -96.535  -7.617 0.4000000060
884  -19.628  -96.825  -7.938 0.5000000000
117129  -28.723  -89.620  -4.555 0.3000000119
1264  -19.340  -96.022  -10.001 0.4000000060
8821  -16.139  -83.161  2.946 0.4000000060
8197  -16.709  -83.621  2.456 0.4000000060
8213  -17.456  -83.858  1.734 0.5000000000
112761  -14.504  -73.961  3.745 0.5000000000
13640  -13.612  -74.388  3.214 0.5000000000
13642  -15.079  -73.269  2.982 0.5000000000
13655  -14.780  -73.647  1.849 0.4000000060
13666  -13.684  -73.832  0.986 0.4000000060
15012  -17.817  -72.294  0.060 0.4000000060
14311  -13.240  -73.418  1.024 0.4000000060
123987  -14.040  -72.663  0.726 0.4000000060
14312  -14.385  -73.502  0.873 0.4000000060
15008  -12.810  -73.089  1.260 0.4000000060
15009  -13.535  -72.633  0.937 0.4000000060
15700  -16.219  -71.870  0.331 0.4000000060
113249  -13.364  -72.048  1.540 0.4000000060
15692  -14.018  -71.600  1.501 0.4000000060
16429  -16.052  -70.335  0.814 0.4000000060
15691  -12.700  -71.946  2.092 0.4000000060
16426  -13.950  -71.100  2.504 0.4000000060
108973  -12.225  -71.538  2.700 0.4000000060
16419  -13.462  -70.740  3.306 0.4000000060
17917  -11.031  -68.367  3.796 0.3000000119
17156  -11.819  -68.974  3.665 0.4000000060
18618  -11.879  -67.618  4.656 0.3000000119
18635  -11.977  -67.092  4.081 0.3000000119
17919  -12.590  -67.912  3.513 0.3000000119
18652  -12.106  -67.272  3.782 0.3000000119
14987  -16.693  -72.611  1.397 0.4000000060
15011  -16.509  -72.468  0.790 0.4000000060
14313  -15.130  -73.182  0.831 0.4000000060
14302  -15.406  -73.276  1.634 0.4000000060
15010  -15.651  -72.520  0.673 0.4000000060
108368  -15.223  -71.885  0.561 0.4000000060
16436  -17.203  -70.828  0.005 0.4000000060
16434  -15.652  -71.157  0.541 0.4000000060
15693  -14.835  -71.365  0.875 0.4000000060
3549  -28.998  -91.817  0.926 0.3000000119
108469  -28.738  -90.972  0.930 0.3000000119
121583  -28.038  -91.897  1.149 0.4000000060
112110  -28.162  -91.394  1.009 0.3000000119
3548  -27.508  -91.085  1.047 0.4000000060
3560  -26.352  -91.959  0.033 0.3000000119
3561  -26.845  -91.397  0.909 0.3000000119
4054  -26.986  -90.367  1.116 0.4000000060
120738  -25.847  -92.859  -0.044 0.3000000119
3547  -26.238  -90.619  0.666 0.3000000119
110951  -25.251  -91.952  -0.059 0.3000000119
3559  -25.448  -90.846  0.108 0.3000000119
3017  -24.362  -92.087  -0.161 0.3000000119
3558  -24.474  -90.824  -0.211 0.3000000119
3557  -23.844  -91.331  -0.362 0.3000000119
4066  -23.559  -90.477  -0.489 0.3000000119
2546  -23.411  -94.256  -0.468 0.3000000119
2527  -23.372  -93.095  -0.360 0.3000000119
3016  -23.619  -92.140  -0.324 0.3000000119
3556  -23.119  -91.225  -0.464 0.3000000119
4064  -22.769  -90.561  -0.701 0.3000000119
2526  -22.516  -93.332  -0.241 0.4000000060
4055  -27.924  -90.272  1.315 0.3000000119
2532  -26.940  -92.304  1.016 0.4000000060
3018  -26.663  -92.830  -0.013 0.3000000119
4068  -25.658  -89.801  0.237 0.4000000060
2529  -24.897  -93.024  -0.091 0.3000000119
4067  -24.934  -89.939  -0.163 0.4000000060
4660  -24.099  -89.568  -0.573 0.4000000060
2548  -24.585  -94.168  -0.392 0.3000000119
4065  -23.143  -89.801  -0.792 0.4000000060
2081  -23.242  -95.248  -0.733 0.3000000119
2082  -23.958  -94.928  -1.061 0.4000000060
4076  -22.519  -90.201  -1.170 0.4000000060
3565  -22.098  -90.834  -0.835 0.3000000119
1640  -23.815  -95.624  -1.092 0.3000000119
4056  -28.881  -89.987  1.140 0.3000000119
115163  -28.209  -89.057  0.874 0.3000000119
113237  -29.163  -88.901  0.895 0.3000000119
4645  -27.237  -89.494  0.970 0.3000000119
4663  -27.416  -88.734  0.214 0.3000000119
2497  -27.314  -92.954  1.458 0.4000000060
4053  -26.423  -89.674  0.702 0.3000000119
119266  -26.729  -89.115  0.405 0.3000000119
2530  -26.158  -93.485  0.312 0.3000000119
2531  -26.759  -93.102  0.458 0.4000000060
4662  -25.975  -89.100  -0.054 0.4000000060
4661  -25.080  -89.317  -0.341 0.4000000060
4679  -25.307  -88.906  -0.820 0.4000000060
2085  -25.269  -93.719  0.147 0.3000000119
122501  -25.782  -94.684  0.423 0.3000000119
4678  -24.058  -88.940  -1.312 0.4000000060
2084  -24.734  -94.489  -0.403 0.3000000119
1619  -24.623  -94.800  0.218 0.3000000119
4698  -23.483  -89.088  -1.962 0.4000000060
4699  -24.253  -88.986  -2.275 0.5000000000
1632  -25.080  -94.330  0.206 0.3000000119
4077  -22.922  -89.531  -1.537 0.4000000060
4087  -22.989  -89.561  -2.549 0.4000000060
4088  -23.764  -89.352  -2.882 0.5000000000
124055  -23.088  -95.731  -0.310 0.3000000119
2496  -26.980  -93.481  1.405 0.4000000060
4680  -26.163  -88.800  -1.037 0.4000000060
4700  -25.647  -88.911  -1.870 0.4000000060
2065  -26.239  -94.571  0.718 0.4000000060
106303  -24.787  -88.789  -1.568 0.4000000060
4089  -25.063  -89.066  -2.600 0.5000000000
4105  -25.194  -89.492  -3.631 0.4000000060
2064  -26.201  -94.972  0.919 0.3000000119
4721  -24.507  -89.285  -3.044 0.4000000060
1612  -24.637  -95.227  0.992 0.3000000119
4119  -25.133  -90.129  -4.531 0.4000000060
1631  -24.368  -95.296  -0.766 0.3000000119
1630  -23.985  -95.952  -1.028 0.3000000119
1199  -23.204  -95.557  -0.493 0.3000000119
113877  -26.780  -88.760  -0.437 0.3000000119
4701  -26.577  -89.022  -2.189 0.3000000119
2061  -26.467  -94.403  1.023 0.4000000060
4090  -26.108  -89.236  -3.137 0.5000000000
107072  -26.037  -89.817  -4.405 0.4000000060
2060  -26.013  -94.935  1.125 0.4000000060
2059  -24.284  -95.150  1.144 0.3000000119
107479  -25.300  -94.827  1.167 0.3000000119
1611  -23.722  -95.709  0.987 0.3000000119
110191  -23.238  -96.046  0.864 0.3000000119
843  -22.130  -96.691  0.856 0.3000000119
838  -22.621  -96.276  0.830 0.3000000119
115503  -26.923  -88.754  -1.471 0.3000000119
4106  -27.100  -89.501  -3.927 0.4000000060
2054  -23.214  -94.741  1.471 0.3000000119
1605  -22.551  -95.321  1.915 0.3000000119
113518  -23.069  -96.071  1.233 0.3000000119
1176  -22.576  -96.172  1.785 0.3000000119
1184  -22.660  -96.405  1.325 0.3000000119
1604  -21.964  -95.108  2.316 0.3000000119
1595  -21.240  -95.496  2.782 0.3000000119
1596  -22.022  -95.924  2.324 0.3000000119
1171  -22.210  -96.823  2.276 0.3000000119
1183  -22.444  -96.827  1.852 0.3000000119
4092  -28.426  -90.070  -3.112 0.3000000119
117045  -27.700  -89.969  -3.326 0.4000000060
1169  -20.668  -96.313  3.262 0.3000000119
4703  -29.118  -89.098  -2.535 0.3000000119
4093  -29.267  -90.003  -3.356 0.3000000119
4108  -29.050  -90.180  -4.011 0.3000000119
4704  -30.037  -89.546  -3.340 0.3000000119
4109  -29.861  -90.160  -4.080 0.3000000119
121745  -13.676  -74.246  2.168 0.5000000000
16412  -12.764  -69.786  3.592 0.5000000000
16418  -12.489  -70.807  3.224 0.4000000060
13654  -14.218  -73.993  1.427 0.4000000060
3046  -22.259  -91.913  -4.078 0.5000000000
4107  -28.205  -90.053  -3.808 0.4000000060
14280  -16.029  -73.075  3.810 0.5000000000
14291  -15.945  -72.870  2.647 0.4000000060
15701  -17.275  -71.895  -0.054 0.4000000060
3020  -27.358  -91.859  1.136 0.3000000119
2528  -24.199  -93.216  -0.347 0.3000000119
2547  -23.950  -94.205  -0.760 0.3000000119
2509  -26.949  -92.834  1.134 0.4000000060
4659  -23.452  -89.254  -1.137 0.4000000060
2066  -26.765  -93.700  0.924 0.4000000060
2075  -26.406  -93.870  0.617 0.3000000119
2074  -25.564  -93.900  0.274 0.3000000119
1191  -23.824  -95.345  0.427 0.3000000119
1190  -23.013  -95.199  0.293 0.3000000119
4091  -27.062  -89.369  -3.065 0.4000000060
2055  -23.979  -94.053  1.420 0.3000000119
837  -22.360  -96.920  1.405 0.3000000119
4702  -27.522  -89.101  -2.455 0.3000000119
1170  -21.506  -96.533  2.773 0.3000000119
111460  -20.225  -96.085  -5.968 0.5000000000
1222  -19.666  -95.802  -5.409 0.5000000000
1664  -19.778  -95.270  -4.973 0.5000000000
2109  -20.073  -94.127  -4.392 0.5000000000
2573  -20.797  -92.780  -3.947 0.4000000060
5982  -19.579  -87.459  -9.227 0.4000000060
3568  -21.827  -90.588  -2.417 0.5000000000
3567  -21.255  -91.004  -1.807 0.3000000119
121212  -21.135  -91.748  -0.423 0.3000000119
4075  -21.897  -90.632  -1.475 0.4000000060
121459  -22.409  -92.446  -0.314 0.3000000119
3555  -21.897  -91.606  -0.479 0.3000000119
2494  -25.216  -94.348  1.306 0.3000000119
2481  -25.544  -93.394  1.634 0.3000000119
2495  -26.192  -94.145  1.296 0.3000000119
3001  -27.811  -92.410  1.438 0.3000000119
2482  -26.492  -93.428  1.781 0.3000000119
123784  -26.707  -93.759  1.393 0.3000000119
2498  -28.216  -92.787  1.738 0.3000000119
2973  -27.965  -92.808  2.156 0.3000000119
2971  -25.914  -92.652  2.159 0.3000000119
2972  -26.728  -92.817  2.220 0.3000000119
106687  -27.228  -93.290  1.977 0.3000000119
2950  -27.303  -92.454  2.407 0.3000000119
2510  -28.855  -92.529  1.475 0.3000000119
3503  -26.388  -91.899  2.563 0.3000000119
2485  -29.049  -92.797  1.911 0.3000000119
2484  -28.266  -92.886  2.052 0.3000000119
1244  -19.427  -96.371  -8.734 0.3000000119
121848  -21.209  -91.759  -3.534 0.5000000000
2581  -20.410  -93.586  -4.259 0.4000000060
105324  -19.943  -94.653  -4.695 0.5000000000
3564  -21.327  -91.223  -0.924 0.3000000119
17189  -17.642  -69.742  0.285 0.3000000119
17188  -16.753  -70.122  0.489 0.3000000119
16420  -14.431  -70.579  3.170 0.3000000119
1238  -19.761  -96.662  -6.715 0.4000000060
1221  -18.917  -95.910  -5.474 0.4000000060
2090  -15.455  -94.440  -2.141 0.4000000060
2106  -16.491  -94.144  -4.043 0.4000000060
2100  -17.912  -93.915  -3.358 0.4000000060
2101  -18.872  -93.974  -3.700 0.4000000060
2102  -19.679  -93.683  -3.912 0.4000000060
116316  -18.145  -95.041  -4.411 0.4000000060
2108  -19.034  -94.784  -4.449 0.4000000060
106527  -19.522  -94.243  -4.260 0.4000000060
1649  -15.905  -95.452  -1.603 0.3000000119
2080  -15.829  -94.025  -1.435 0.4000000060
2569  -17.326  -93.296  -2.614 0.4000000060
1663  -18.951  -95.450  -4.972 0.4000000060
2098  -15.996  -93.948  -3.184 0.4000000060
2107  -17.505  -94.251  -4.012 0.4000000060
1637  -15.509  -94.682  -1.671 0.3000000119
115069  -16.182  -93.534  -1.793 0.4000000060
2099  -16.927  -93.726  -3.356 0.4000000060
116947  -18.313  -94.480  -3.942 0.4000000060
2571  -19.197  -93.209  -3.106 0.4000000060
1639  -16.868  -95.305  -0.717 0.3000000119
1638  -16.080  -94.590  -1.006 0.3000000119
2558  -16.808  -93.133  -1.734 0.3000000119
2068  -16.326  -93.915  -0.572 0.3000000119
106114  -18.714  -92.724  -1.984 0.3000000119
2559  -19.494  -92.404  -2.473 0.3000000119
2570  -18.327  -93.334  -2.768 0.3000000119
110918  -20.041  -91.749  -1.787 0.3000000119
3035  -20.719  -91.395  -2.386 0.3000000119
3045  -20.300  -92.085  -3.051 0.3000000119
2572  -19.942  -92.919  -3.568 0.3000000119
2455  -15.110  -93.350  6.065 0.3000000119
2448  -15.335  -93.105  6.913 0.3000000119
108666  -21.529  -92.935  2.133 0.3000000119
2931  -17.375  -92.638  6.101 0.3000000119
2932  -17.785  -92.644  5.683 0.3000000119
2939  -18.438  -92.653  4.439 0.3000000119
2947  -19.157  -92.455  3.811 0.3000000119
2948  -19.849  -92.121  3.189 0.3000000119
2949  -20.517  -92.744  2.632 0.3000000119
2967  -21.359  -91.969  2.137 0.3000000119
3474  -18.220  -91.115  5.794 0.3000000119
3482  -18.656  -91.081  4.815 0.3000000119
120482  -18.845  -91.799  4.300 0.3000000119
123991  -19.383  -91.695  3.671 0.3000000119
3499  -19.929  -91.215  3.302 0.3000000119
113906  -17.744  -92.901  -1.755 0.3000000119
2456  -16.073  -93.034  6.093 0.3000000119
2459  -18.266  -93.548  4.729 0.3000000119
2450  -16.534  -92.527  6.478 0.3000000119
2458  -17.697  -93.279  5.178 0.3000000119
2938  -18.129  -91.971  5.116 0.3000000119
844  -22.343  -95.737  0.278 0.3000000119
1200  -24.040  -95.854  -0.597 0.3000000119
1206  -23.484  -95.504  -0.774 0.3000000119
1239  -20.484  -96.373  -6.940 0.4000000060
1606  -23.159  -95.601  1.337 0.3000000119
1613  -25.640  -95.012  1.006 0.3000000119
1620  -25.832  -94.780  0.533 0.3000000119
1642  -24.887  -94.881  -1.025 0.3000000119
1665  -21.951  -95.146  -5.033 0.6000000238
1673  -21.183  -95.148  -5.750 0.5000000000
2083  -24.647  -94.770  -1.044 0.4000000060
2091  -15.756  -93.938  -2.313 0.4000000060
2112  -22.785  -93.658  -5.300 0.6000000238
2483  -27.703  -93.024  1.926 0.3000000119
2543  -16.386  -93.366  -0.986 0.3000000119
2557  -16.461  -93.514  -2.534 0.4000000060
2585  -24.029  -93.022  -5.269 0.5000000000
2617  -18.261  -93.440  -11.505 0.4000000060
2933  -18.041  -92.870  5.055 0.3000000119
3015  -22.769  -91.910  -0.388 0.3000000119
3019  -26.853  -92.411  0.338 0.3000000119
3081  -15.185  -92.546  -6.985 0.6999999881
3090  -14.918  -92.664  -7.590 0.6999999881
3104  -16.250  -93.181  -7.984 0.6000000238
3587  -15.708  -91.729  -6.533 0.6999999881
3595  -14.225  -92.282  -7.635 0.6000000238
4158  -13.738  -90.838  -8.357 0.6000000238
4162  -21.455  -90.969  -8.546 0.5000000000
4639  -8.726  -89.090  1.134 0.5000000000
4641  -16.337  -88.941  0.359 0.6000000238
4644  -18.449  -89.123  -0.171 0.6000000238
4657  -17.862  -89.381  -0.578 0.5000000000
4691  -9.150  -89.678  -2.405 0.5000000000
4692  -9.805  -89.293  -2.305 0.6000000238
4757  -24.210  -89.250  -5.862 0.5000000000
4797  -23.204  -89.043  -10.039 0.5000000000
5259  -16.268  -87.897  1.113 0.5000000000
5277  -18.293  -88.726  0.011 0.6000000238
5294  -15.075  -88.882  -0.264 0.6000000238
5387  -24.328  -88.508  -6.194 0.5000000000
5409  -19.610  -88.142  -9.186 0.4000000060
5842  -10.864  -86.740  2.714 0.6000000238
5844  -13.411  -86.661  2.521 0.6000000238
5851  -9.479  -87.401  2.074 0.6000000238
5853  -11.089  -87.573  2.309 0.6999999881
5856  -14.837  -87.345  1.745 0.6000000238
5894  -11.719  -87.780  -1.200 0.6999999881
5910  -10.821  -87.713  -2.653 0.6000000238
5911  -11.350  -87.679  -2.627 0.6999999881
6426  -11.136  -85.769  2.801 0.6000000238
6428  -13.024  -86.096  2.822 0.6000000238
6434  -14.803  -86.484  1.863 0.6000000238
6488  -9.677  -87.542  -4.649 0.5000000000
6507  -11.070  -86.967  -6.500 0.5000000000
6992  -11.800  -85.158  2.442 0.6000000238
6995  -14.394  -85.828  2.041 0.6000000238
7030  -14.824  -85.581  -0.709 0.5000000000
7065  -15.125  -85.113  -3.343 0.6000000238
7066  -15.801  -85.452  -2.960 0.6000000238
7079  -15.224  -84.983  -3.570 0.6000000238
7096  -14.600  -84.467  -3.626 0.6000000238
7097  -14.911  -84.733  -3.766 0.6000000238
7619  -13.569  -84.677  -1.764 0.6000000238
7629  -12.833  -83.705  -2.735 0.6999999881
7643  -13.757  -84.318  -3.029 0.6000000238
7644  -15.162  -84.524  -3.560 0.6000000238
7651  -13.458  -83.375  -3.285 0.5000000000
7652  -13.971  -84.037  -3.412 0.6000000238
8146  -7.894  -83.658  7.014 0.5000000000
8157  -8.109  -83.536  6.346 0.6000000238
8246  -11.392  -83.403  -0.725 0.6000000238
8248  -16.294  -83.993  -0.323 0.6000000238
8276  -11.191  -83.117  -2.538 0.6000000238
8286  -11.586  -83.091  -3.041 0.6000000238
8297  -12.777  -82.943  -3.192 0.5000000000
8298  -13.216  -82.875  -3.313 0.5000000000
8299  -14.022  -83.654  -3.510 0.5000000000
8300  -14.656  -84.190  -3.641 0.6000000238
8755  -7.330  -82.592  8.525 0.5000000000
8756  -8.104  -82.436  8.395 0.6000000238
8766  -8.678  -82.941  8.124 0.6000000238
8768  -10.212  -82.673  7.320 0.8000000119
8774  -10.403  -82.791  6.724 0.8000000119
8775  -11.017  -82.439  6.502 0.8000000119
8781  -9.062  -82.749  5.397 0.6000000238
8828  -15.892  -83.314  2.104 0.4000000060
8862  -7.418  -81.900  -1.031 0.6999999881
8863  -8.428  -81.592  -1.151 0.6999999881
8866  -14.339  -82.790  -1.424 0.5000000000
8872  -9.618  -81.883  -2.458 0.6000000238
8874  -13.933  -82.387  -2.104 0.5000000000
8875  -14.495  -83.163  -2.850 0.5000000000
8882  -10.717  -82.306  -3.374 0.6000000238
8891  -13.086  -82.230  -3.395 0.6000000238
9319  -6.849  -81.883  8.883 0.5000000000
9336  -12.327  -81.329  6.446 0.5000000000
9342  -12.216  -81.900  5.791 0.6999999881
9351  -11.307  -82.151  4.322 0.6999999881
9363  -9.820  -82.029  3.419 0.6000000238
9375  -8.428  -81.691  2.372 0.6000000238
9389  -6.253  -81.479  1.364 0.6000000238
9401  -14.238  -81.223  0.237 0.5000000000
9412  -6.621  -81.115  -0.147 0.5000000000
9424  -7.011  -81.602  -0.632 0.6000000238
9427  -13.428  -80.938  -2.423 0.5000000000
9444  -12.319  -81.278  -3.673 0.6000000238
9445  -13.213  -81.270  -3.615 0.6000000238
9446  -13.309  -81.638  -3.309 0.6000000238
9451  -12.728  -81.902  -3.566 0.5000000000
9906  -11.071  -80.618  7.197 0.6999999881
9907  -11.778  -81.026  6.925 0.6000000238
9914  -13.886  -80.072  5.428 0.6000000238
9918  -13.116  -81.141  4.564 0.6000000238
9928  -11.790  -81.559  2.748 0.6000000238
9938  -8.040  -81.222  1.555 0.5000000000
9956  -10.571  -80.981  1.205 0.6999999881
9959  -14.984  -81.352  1.714 0.5000000000
9975  -9.078  -80.293  0.370 0.6999999881
9976  -10.051  -80.061  0.103 0.6000000238
10004  -9.548  -80.446  -1.546 0.6000000238
10016  -10.896  -81.249  -2.600 0.5000000000
10019  -14.551  -79.712  -2.306 0.5000000000
10029  -13.979  -80.135  -3.521 0.6000000238
10434  -7.052  -80.098  7.351 0.6000000238
10437  -6.122  -78.923  6.085 0.6999999881
10447  -7.713  -78.990  5.666 0.6999999881
10462  -14.522  -79.205  5.014 0.6999999881
10475  -14.545  -79.150  4.356 0.6999999881
10481  -13.419  -79.909  2.492 0.8000000119
10495  -13.189  -79.576  1.591 0.8000000119
10506  -7.557  -79.880  0.141 0.6000000238
10525  -11.486  -80.007  -0.667 0.6999999881
10537  -7.995  -79.965  -0.826 0.6999999881
10542  -15.966  -78.790  -1.418 0.5000000000
10552  -10.255  -80.294  -1.618 0.6000000238
10553  -12.974  -79.936  -3.068 0.6000000238
10567  -15.324  -78.806  -3.046 0.5000000000
10976  -4.781  -78.284  7.896 0.6000000238
10980  -4.990  -78.039  6.153 0.6000000238
10984  -5.235  -77.544  5.432 0.6999999881
10990  -13.926  -78.857  5.597 0.6000000238
10991  -14.394  -78.890  5.306 0.6000000238
10998  -5.778  -77.570  4.210 0.8000000119
11018  -9.183  -77.836  3.961 0.6999999881
11019  -10.023  -77.885  4.178 0.6000000238
11021  -14.499  -78.584  3.181 0.6999999881
11079  -12.203  -78.931  -1.418 0.6999999881
11087  -12.140  -79.578  -1.453 0.6999999881
11089  -13.681  -78.774  -2.809 0.8000000119
11098  -14.879  -78.871  -3.251 0.6000000238
11100  -15.881  -78.466  -2.784 0.5000000000
11568  -5.143  -77.059  5.485 0.6999999881
11583  -12.994  -77.351  5.111 0.6000000238
11584  -14.119  -77.541  5.402 0.5000000000
11596  -5.755  -77.087  3.866 0.8000000119
11597  -6.270  -76.934  3.439 0.8000000119
11600  -8.767  -77.282  3.300 0.6000000238
11602  -11.288  -77.119  4.093 0.6000000238
11614  -6.911  -76.761  3.273 0.6999999881
11615  -7.525  -76.766  2.981 0.6999999881
11618  -10.002  -76.785  3.007 0.5000000000
11633  -13.997  -78.598  1.001 0.8000000119
11676  -14.733  -77.901  -2.735 0.6000000238
12217  -4.989  -76.166  6.177 0.6999999881
12218  -4.962  -76.646  6.055 0.6999999881
12235  -16.564  -75.857  4.602 0.5000000000
12242  -5.970  -76.510  3.717 0.6999999881
12245  -12.315  -76.105  3.991 0.6000000238
12257  -7.291  -76.439  3.281 0.6000000238
12260  -9.734  -76.270  2.464 0.6000000238
12264  -15.585  -77.020  2.344 0.6000000238
12276  -9.487  -75.552  2.474 0.5000000000
12277  -9.622  -75.929  2.260 0.6000000238
12278  -10.177  -75.910  1.955 0.5000000000
12300  -15.740  -76.844  -0.608 0.6000000238
12309  -15.873  -76.851  -1.591 0.6999999881
12317  -16.075  -77.198  -2.421 0.6000000238
12929  -6.645  -75.872  5.982 0.5000000000
12941  -5.716  -76.327  5.808 0.6999999881
12944  -8.265  -75.588  6.538 0.5000000000
12953  -5.522  -76.621  5.699 0.6999999881
12954  -6.088  -76.793  4.927 0.6999999881
12955  -6.372  -75.946  4.143 0.6000000238
12956  -7.281  -75.689  4.477 0.5000000000
12965  -5.903  -76.227  4.116 0.6999999881
12983  -7.057  -76.281  3.549 0.6000000238
12986  -11.537  -75.381  2.284 0.5000000000
13004  -13.026  -74.793  2.229 0.6000000238
13015  -12.048  -74.745  1.304 0.5000000000
13562  -6.656  -74.797  9.217 0.5000000000
13572  -4.106  -75.120  7.463 0.6999999881
13573  -4.373  -74.903  7.682 0.6000000238
13576  -8.032  -75.187  8.313 0.6000000238
13578  -9.602  -74.459  7.433 0.5000000000
13582  -4.502  -75.461  6.892 0.6999999881
13585  -6.071  -75.508  7.183 0.6000000238
13597  -10.026  -74.420  5.723 0.4000000060
13598  -10.535  -73.935  6.172 0.5000000000
13606  -8.903  -74.797  4.193 0.4000000060
13623  -8.910  -74.796  3.496 0.4000000060
13638  -9.032  -74.872  3.165 0.5000000000
13641  -14.293  -73.946  2.454 0.5000000000
13648  -9.347  -75.058  2.759 0.5000000000
13651  -11.447  -74.798  1.323 0.5000000000
13652  -12.616  -74.562  1.715 0.6000000238
14242  -8.708  -73.778  8.681 0.4000000060
14260  -10.690  -73.196  5.567 0.5000000000
14292  -16.743  -72.614  2.419 0.4000000060
14300  -11.409  -73.486  1.764 0.5000000000
14301  -14.814  -73.642  1.197 0.4000000060
14303  -16.128  -72.914  1.645 0.4000000060
14309  -11.918  -73.818  1.451 0.5000000000
14310  -12.497  -73.687  1.356 0.4000000060
14314  -15.974  -73.025  1.009 0.4000000060
14942  -8.390  -73.200  8.847 0.4000000060
14961  -10.709  -72.721  5.775 0.5000000000
14976  -10.402  -72.272  4.060 0.5000000000
14985  -10.601  -72.619  2.858 0.4000000060
14986  -11.206  -72.434  2.596 0.4000000060
14995  -10.891  -73.067  2.230 0.5000000000
14996  -11.470  -72.879  2.035 0.5000000000
14998  -12.756  -72.561  1.628 0.4000000060
15674  -11.100  -71.043  3.405 0.5000000000
15683  -13.201  -71.480  2.491 0.4000000060
15699  -14.326  -72.183  0.758 0.4000000060
16402  -10.110  -70.749  5.088 0.5000000000
16408  -10.375  -70.611  4.531 0.4000000060
16435  -16.475  -71.024  0.212 0.3000000119
17136  -10.143  -70.472  5.656 0.4000000060
17155  -11.235  -69.213  3.645 0.5000000000
17168  -15.091  -70.085  3.372 0.3000000119
17182  -17.780  -69.096  0.635 0.3000000119
17879  -6.109  -68.192  9.035 0.4000000060
17903  -10.509  -68.733  4.220 0.4000000060
17904  -10.788  -68.137  4.386 0.4000000060
17918  -11.801  -68.007  3.679 0.3000000119
18599  -6.875  -67.988  7.658 0.4000000060
18608  -12.939  -68.553  6.160 0.4000000060
19348  -7.324  -66.628  6.646 0.4000000060
19362  -14.529  -66.846  5.873 0.3000000119
20085  -7.374  -65.701  6.868 0.3000000119
104020  -13.624  -79.491  5.740 0.6000000238
104811  -5.788  -77.785  4.929 0.8000000119
105972  -9.333  -69.905  6.918 0.4000000060
106509  -15.237  -83.687  -2.554 0.6000000238
106893  -12.873  -85.116  1.807 0.6000000238
107073  -14.141  -85.474  1.512 0.6000000238
107388  -5.753  -75.701  6.324 0.6999999881
107473  -14.216  -79.446  -3.381 0.6999999881
107860  -20.942  -91.006  -7.558 0.5000000000
108497  -20.126  -96.331  -8.172 0.5000000000
109030  -13.711  -81.313  -1.047 0.5000000000
109205  -13.046  -79.479  6.020 0.6000000238
110088  -14.427  -85.033  -3.190 0.6000000238
110901  -13.872  -73.122  0.758 0.4000000060
111585  -14.442  -72.867  0.687 0.4000000060
111829  -7.534  -69.033  7.422 0.3000000119
112340  -6.517  -79.844  7.441 0.6000000238
112382  -7.988  -80.160  0.465 0.6999999881
113229  -15.661  -89.513  -1.751 0.6000000238
113478  -10.840  -75.119  1.573 0.5000000000
115194  -8.348  -72.224  7.811 0.4000000060
115204  -24.624  -89.021  -0.820 0.4000000060
115273  -13.742  -82.317  -2.934 0.5000000000
116100  -10.675  -75.451  1.808 0.5000000000
116387  -17.069  -72.144  0.397 0.4000000060
116479  -15.117  -85.355  -2.692 0.6000000238
117199  -12.851  -80.965  6.036 0.5000000000
117282  -9.949  -73.587  4.401 0.4000000060
117300  -7.716  -80.706  0.880 0.5000000000
118241  -8.562  -81.147  7.836 0.6000000238
118319  -13.631  -80.195  3.251 0.8000000119
118644  -16.501  -77.514  -2.594 0.6000000238
118867  -14.671  -83.745  -3.425 0.5000000000
119055  -12.486  -85.981  2.940 0.6000000238
119315  -21.765  -90.932  -9.475 0.6000000238
119319  -11.612  -86.944  2.645 0.6999999881
119615  -7.731  -79.874  -0.329 0.6000000238
119674  -10.795  -80.696  -1.944 0.6999999881
119785  -13.890  -78.047  -0.432 0.8000000119
120170  -13.553  -88.387  -0.282 0.6000000238
120200  -7.597  -77.723  3.690 0.6999999881
120219  -12.404  -81.716  -3.645 0.6000000238
120642  -15.464  -89.923  -10.325 0.4000000060
120873  -9.037  -81.086  -1.956 0.6000000238
120974  -11.381  -82.657  -3.334 0.6000000238
121302  -10.358  -80.244  7.185 0.6999999881
121428  -14.680  -93.674  6.074 0.3000000119
121919  -10.802  -69.086  3.821 0.4000000060
122167  -17.281  -70.041  0.224 0.3000000119
122561  -28.808  -92.055  1.046 0.3000000119
122694  -13.215  -88.678  -2.261 0.6999999881
122732  -13.786  -72.076  0.984 0.4000000060
122986  -12.951  -84.219  -1.596 0.4000000060
123949  -9.467  -84.847  0.513 0.5000000000
124086  -19.469  -93.574  -8.102 0.5000000000
124125  -10.346  -74.979  1.786 0.5000000000
124172  -12.897  -79.564  0.992 0.8000000119
124187  -17.228  -89.323  -0.110 0.6000000238
124276  -10.636  -69.600  5.962 0.4000000060
124282  -27.734  -90.033  -3.873 0.4000000060
124319  -9.393  -80.866  -1.973 0.6000000238
124338  -17.070  -87.209  -0.076 0.6000000238
124345  -22.485  -91.187  -0.574 0.3000000119
124732  -14.924  -72.514  0.636 0.4000000060
124985  -7.135  -70.425  7.847 0.4000000060
