#!ascii label  , from subject Paciente_3 vox2ras=TkReg
1106
106438  -24.210  -90.139  -7.511 0.5000000000
4163  -24.171  -90.717  -8.678 0.6000000238
4136  -30.109  -89.939  -5.106 0.3000000119
3610  -24.016  -91.491  -8.492 0.5000000000
5374  -27.713  -88.554  -5.009 0.4000000060
117614  -29.148  -88.868  -4.210 0.4000000060
4135  -29.446  -89.694  -4.797 0.3000000119
5375  -28.285  -87.844  -4.509 0.4000000060
5987  -25.481  -87.917  -9.233 0.5000000000
5414  -25.229  -88.527  -9.117 0.5000000000
4768  -24.526  -89.241  -7.954 0.5000000000
5990  -24.025  -88.058  -9.581 0.6000000238
4789  -24.425  -88.958  -9.315 0.5000000000
4778  -24.274  -89.930  -8.662 0.6000000238
4110  -30.869  -90.057  -4.069 0.3000000119
4173  -23.894  -90.209  -9.290 0.5000000000
5951  -27.484  -87.403  -5.267 0.5000000000
5373  -26.670  -88.088  -5.244 0.5000000000
4124  -30.426  -90.143  -4.675 0.3000000119
4788  -23.623  -89.408  -9.635 0.6000000238
6511  -28.390  -86.719  -5.197 0.5000000000
5359  -29.291  -87.664  -4.095 0.4000000060
5360  -30.722  -88.844  -4.147 0.3000000119
4137  -30.651  -89.951  -5.005 0.3000000119
5938  -28.870  -86.975  -4.530 0.4000000060
6493  -29.524  -86.701  -4.286 0.4000000060
6503  -29.155  -86.508  -4.921 0.4000000060
7708  -25.750  -85.357  -8.392 0.6999999881
114293  -25.580  -86.178  -9.037 0.6999999881
6531  -26.214  -86.807  -9.000 0.6999999881
7699  -24.474  -84.853  -8.161 0.6999999881
106463  -24.595  -85.316  -8.347 0.6999999881
114294  -24.968  -86.674  -9.258 0.8000000119
113228  -24.732  -87.460  -9.427 0.5000000000
105001  -23.987  -87.421  -9.315 0.6999999881
5388  -24.620  -88.144  -6.997 0.5000000000
7135  -24.063  -85.930  -8.343 0.6999999881
5958  -25.328  -87.529  -6.309 0.4000000060
5950  -26.205  -87.507  -5.757 0.5000000000
5986  -23.283  -87.862  -9.115 0.6000000238
5970  -26.538  -87.286  -6.763 0.5000000000
5959  -27.004  -87.232  -5.901 0.5000000000
4125  -31.166  -90.071  -4.698 0.3000000119
5419  -23.281  -88.630  -9.710 0.5000000000
120136  -27.834  -86.934  -6.027 0.5000000000
6520  -29.492  -86.301  -6.931 0.4000000060
116010  -28.685  -86.598  -6.492 0.4000000060
5939  -30.255  -87.398  -3.784 0.4000000060
122456  -29.834  -88.455  -3.946 0.4000000060
6513  -30.185  -86.165  -6.306 0.3000000119
6512  -29.319  -86.429  -5.825 0.4000000060
7667  -25.106  -85.523  -5.860 0.5000000000
7679  -25.652  -84.988  -6.697 0.6000000238
8341  -25.404  -84.433  -8.062 0.6000000238
7701  -25.912  -84.548  -8.181 0.6000000238
7114  -24.530  -85.988  -5.137 0.5000000000
7666  -24.215  -85.649  -5.692 0.5000000000
7690  -25.148  -84.791  -7.365 0.6000000238
8330  -24.834  -84.630  -7.858 0.6999999881
5415  -25.969  -88.151  -8.978 0.6000000238
5298  -29.943  -87.492  0.008 0.3000000119
7654  -23.021  -85.475  -4.859 0.6999999881
7113  -23.573  -85.881  -5.162 0.6000000238
115060  -23.563  -85.172  -5.863 0.6000000238
7678  -24.503  -85.122  -6.469 0.6000000238
7689  -24.150  -84.922  -7.291 0.6999999881
8343  -23.835  -84.806  -7.990 0.6999999881
5989  -26.487  -87.185  -8.689 0.6000000238
5978  -26.331  -87.567  -8.565 0.6000000238
7646  -23.073  -84.814  -3.922 0.6999999881
7665  -22.842  -85.255  -5.286 0.6000000238
8317  -22.031  -84.325  -6.263 0.6000000238
8318  -22.593  -84.492  -6.970 0.6000000238
8339  -22.543  -84.060  -8.179 0.6999999881
119910  -22.666  -85.189  -8.464 0.6999999881
4705  -31.062  -89.428  -3.116 0.3000000119
7645  -22.125  -83.931  -4.155 0.6999999881
8303  -21.856  -84.171  -4.690 0.6000000238
8309  -21.920  -84.574  -5.582 0.6999999881
107171  -22.026  -84.134  -7.123 0.6000000238
8338  -21.916  -83.996  -8.223 0.6000000238
6528  -22.975  -87.206  -8.472 0.6999999881
5979  -27.116  -87.035  -8.188 0.5000000000
114973  -27.436  -87.075  -7.616 0.5000000000
8315  -21.247  -84.428  -7.283 0.6000000238
7705  -22.196  -84.609  -8.438 0.6000000238
114947  -22.204  -87.122  -8.479 0.6000000238
5985  -22.414  -87.847  -8.832 0.6000000238
5971  -27.988  -86.568  -7.797 0.5000000000
4734  -31.159  -89.725  -4.729 0.3000000119
8302  -21.825  -84.518  -4.787 0.6999999881
8308  -21.778  -84.643  -5.780 0.6000000238
8316  -21.611  -84.496  -6.622 0.6000000238
8326  -21.399  -84.220  -7.867 0.6000000238
7695  -21.087  -84.774  -7.896 0.5000000000
7127  -20.460  -85.408  -8.274 0.5000000000
5984  -21.595  -87.731  -8.813 0.5000000000
5412  -22.538  -88.538  -9.359 0.5000000000
6519  -28.735  -86.347  -7.481 0.5000000000
7121  -31.201  -84.560  -6.541 0.3000000119
7120  -30.679  -85.293  -6.482 0.3000000119
7115  -30.807  -85.865  -5.865 0.3000000119
7104  -30.732  -85.895  -4.759 0.4000000060
6495  -30.853  -86.422  -3.970 0.4000000060
5411  -21.757  -88.492  -9.233 0.5000000000
7125  -30.453  -84.559  -6.708 0.3000000119
6504  -29.950  -86.239  -5.109 0.4000000060
7102  -25.033  -86.155  -4.447 0.5000000000
125278  -25.670  -85.821  -5.188 0.5000000000
122600  -26.378  -85.604  -5.541 0.5000000000
7069  -24.435  -86.426  -2.702 0.5000000000
7084  -24.357  -86.113  -3.557 0.5000000000
111181  -24.731  -86.184  -4.008 0.5000000000
114334  -26.113  -85.340  -6.026 0.5000000000
8319  -26.956  -84.019  -7.939 0.6000000238
8332  -26.258  -84.215  -8.100 0.6000000238
7083  -23.609  -85.610  -3.777 0.5000000000
113725  -26.606  -84.361  -8.159 0.6000000238
7137  -26.347  -85.997  -8.483 0.8000000119
5871  -30.657  -87.402  0.135 0.3000000119
123144  -23.442  -85.478  -2.220 0.6000000238
7068  -23.785  -85.810  -2.881 0.6000000238
7100  -23.433  -85.713  -4.579 0.6000000238
7702  -27.241  -84.665  -8.162 0.4000000060
105976  -23.139  -84.862  -3.003 0.6999999881
7138  -27.129  -85.683  -8.172 0.5000000000
6532  -26.858  -86.637  -8.399 0.6000000238
114792  -30.889  -88.727  -2.050 0.3000000119
4684  -31.528  -88.950  -2.419 0.3000000119
112727  -21.737  -83.892  -3.477 0.6999999881
7129  -27.924  -85.216  -8.114 0.4000000060
4706  -31.925  -89.318  -3.164 0.3000000119
8290  -21.553  -83.951  -4.077 0.6000000238
6524  -28.457  -85.860  -7.990 0.4000000060
5361  -31.587  -88.845  -4.136 0.3000000119
120437  -21.349  -83.993  -3.492 0.6000000238
8301  -21.429  -84.335  -4.241 0.6999999881
104786  -21.385  -84.571  -6.608 0.6000000238
7124  -20.195  -85.354  -7.700 0.5000000000
7687  -20.257  -85.336  -8.001 0.5000000000
111245  -21.316  -86.883  -8.640 0.6000000238
7130  -28.619  -84.812  -7.962 0.4000000060
6525  -29.132  -85.528  -7.619 0.4000000060
8337  -30.974  -83.961  -6.489 0.3000000119
7694  -30.737  -84.169  -6.655 0.3000000119
7122  -32.012  -84.605  -6.471 0.3000000119
7116  -31.411  -85.421  -5.398 0.4000000060
123803  -31.110  -88.004  -3.866 0.3000000119
7111  -21.076  -85.529  -5.984 0.6000000238
7118  -19.866  -85.790  -7.315 0.5000000000
6518  -19.014  -85.786  -7.920 0.5000000000
7126  -19.512  -85.725  -8.611 0.5000000000
6527  -19.666  -86.567  -9.141 0.5000000000
5983  -20.572  -87.421  -9.022 0.6000000238
109338  -21.077  -88.266  -9.106 0.5000000000
7692  -29.260  -84.450  -7.560 0.3000000119
7693  -29.959  -84.176  -7.083 0.3000000119
7119  -20.606  -85.359  -6.928 0.5000000000
7123  -18.963  -85.795  -8.679 0.5000000000
6526  -18.985  -86.674  -9.228 0.5000000000
107941  -18.536  -86.901  -8.799 0.5000000000
118108  -25.159  -86.640  -2.439 0.5000000000
7070  -26.070  -86.622  -2.623 0.5000000000
7103  -26.009  -86.006  -4.273 0.5000000000
7656  -27.001  -85.845  -4.206 0.5000000000
7655  -26.638  -85.736  -5.036 0.5000000000
7055  -23.846  -86.212  -1.971 0.5000000000
7085  -25.295  -86.414  -3.466 0.5000000000
111815  -28.064  -84.820  -5.837 0.4000000060
7681  -27.730  -84.448  -6.729 0.4000000060
5280  -30.361  -87.856  0.529 0.3000000119
5281  -31.147  -87.622  0.372 0.3000000119
8320  -27.546  -84.092  -7.534 0.4000000060
8333  -27.771  -83.938  -7.957 0.4000000060
7636  -23.024  -84.798  -1.916 0.6000000238
5299  -30.836  -87.580  -0.329 0.3000000119
5316  -31.392  -88.253  -1.413 0.3000000119
7635  -22.182  -84.226  -2.594 0.6000000238
7703  -28.031  -84.187  -8.107 0.4000000060
8269  -21.545  -84.071  -1.991 0.6000000238
8334  -28.564  -83.867  -7.737 0.4000000060
121826  -28.751  -84.081  -7.902 0.4000000060
4722  -32.166  -89.320  -3.627 0.3000000119
8280  -21.310  -84.068  -2.805 0.6999999881
8336  -30.186  -83.883  -6.801 0.3000000119
7086  -26.493  -86.301  -3.456 0.5000000000
7087  -27.391  -85.979  -3.379 0.5000000000
7647  -27.862  -85.457  -4.081 0.4000000060
7056  -24.434  -86.710  -1.733 0.5000000000
113927  -27.588  -85.565  -5.059 0.4000000060
7668  -27.048  -85.197  -5.888 0.4000000060
6453  -24.713  -86.765  -0.847 0.6000000238
7682  -28.487  -84.085  -6.555 0.4000000060
5300  -31.759  -87.677  -0.541 0.3000000119
5872  -31.344  -87.312  0.019 0.3000000119
7623  -22.194  -84.384  -1.416 0.6000000238
8321  -28.349  -83.859  -7.304 0.4000000060
115628  -29.034  -83.661  -7.276 0.4000000060
8322  -29.763  -83.699  -6.893 0.4000000060
8335  -29.315  -83.846  -7.362 0.3000000119
8323  -30.672  -83.839  -6.514 0.3000000119
6478  -26.674  -86.664  -1.923 0.5000000000
7071  -27.000  -86.454  -2.701 0.5000000000
7072  -27.733  -86.043  -2.575 0.4000000060
7088  -28.239  -85.634  -3.185 0.4000000060
6467  -25.607  -86.736  -1.610 0.5000000000
6468  -26.506  -86.683  -1.038 0.5000000000
115681  -28.671  -84.936  -3.850 0.4000000060
107975  -23.921  -86.479  -1.071 0.6000000238
6454  -25.715  -86.711  -0.570 0.6000000238
7657  -28.408  -84.981  -4.886 0.4000000060
120065  -23.521  -85.628  -1.389 0.6000000238
7036  -24.371  -86.400  -0.288 0.6000000238
7669  -29.031  -84.402  -5.811 0.4000000060
7624  -23.142  -84.896  -0.898 0.6000000238
8310  -29.091  -83.660  -6.812 0.4000000060
8311  -29.784  -83.923  -6.257 0.4000000060
106592  -30.414  -83.886  -5.578 0.4000000060
4685  -32.285  -88.755  -2.271 0.3000000119
115052  -32.854  -88.347  -1.707 0.3000000119
111926  -30.396  -83.841  -6.399 0.4000000060
110029  -32.434  -89.131  -3.738 0.3000000119
124730  -32.620  -89.186  -3.030 0.3000000119
8279  -20.955  -84.192  -2.329 0.6000000238
8252  -21.676  -84.113  -0.694 0.6999999881
104916  -21.954  -84.231  0.221 0.6999999881
104412  -21.395  -84.010  -1.419 0.6000000238
105376  -21.256  -83.980  -0.171 0.6999999881
8230  -21.375  -84.078  0.643 0.6999999881
8251  -20.893  -83.961  -0.969 0.6000000238
8231  -22.135  -84.391  1.177 0.6999999881
7557  -23.249  -84.563  2.557 0.6000000238
125224  -21.584  -84.330  1.505 0.6999999881
106851  -27.342  -86.425  -2.075 0.5000000000
108707  -27.153  -86.554  -0.479 0.5000000000
7057  -27.263  -86.487  -1.344 0.5000000000
7073  -28.526  -85.781  -2.262 0.5000000000
7037  -25.064  -86.612  0.065 0.6000000238
6444  -25.994  -86.599  0.286 0.6000000238
7038  -26.889  -86.506  0.301 0.6000000238
7039  -27.676  -86.218  0.092 0.6000000238
7035  -23.771  -85.701  -0.308 0.6000000238
7015  -26.401  -86.228  1.008 0.6000000238
7016  -27.326  -85.890  0.912 0.6000000238
7658  -29.260  -84.614  -4.720 0.4000000060
7607  -23.265  -84.974  -0.010 0.6000000238
7013  -24.470  -86.078  0.636 0.6000000238
6998  -25.955  -85.811  1.657 0.6000000238
6999  -26.743  -85.706  1.552 0.6000000238
7670  -29.710  -84.184  -5.397 0.4000000060
105721  -31.166  -83.517  -4.496 0.4000000060
7587  -23.648  -85.441  0.740 0.6000000238
7588  -24.218  -85.533  1.376 0.6000000238
6997  -25.021  -85.756  1.561 0.6000000238
7573  -25.597  -85.148  2.153 0.6000000238
8219  -27.264  -84.287  1.869 0.6000000238
8305  -30.610  -83.862  -4.611 0.4000000060
116654  -31.202  -83.560  -5.374 0.4000000060
7606  -22.497  -84.578  -0.344 0.6000000238
7561  -26.656  -84.036  2.487 0.6000000238
8830  -27.224  -83.297  2.073 0.6999999881
7586  -22.805  -84.783  0.761 0.6000000238
7571  -23.620  -84.920  1.696 0.6000000238
7572  -24.660  -84.976  2.164 0.6000000238
8824  -26.636  -83.092  2.838 0.6000000238
8840  -27.312  -82.494  1.070 0.6000000238
9414  -27.004  -81.380  -0.356 0.6000000238
8205  -24.799  -84.142  2.989 0.6000000238
8829  -26.925  -82.334  2.318 0.6000000238
9404  -26.897  -81.318  0.520 0.6000000238
7570  -22.815  -84.656  1.720 0.6000000238
7558  -24.029  -84.635  2.585 0.6000000238
8188  -25.298  -83.309  3.486 0.5000000000
8823  -26.346  -82.234  3.113 0.6000000238
9392  -26.848  -81.629  1.622 0.6000000238
8218  -22.255  -84.491  2.323 0.6999999881
8203  -22.785  -84.307  3.365 0.5000000000
8204  -23.775  -84.145  3.218 0.6000000238
8187  -24.394  -83.510  3.635 0.5000000000
8815  -25.590  -82.408  3.561 0.5000000000
8813  -24.100  -82.772  3.931 0.6000000238
10496  -16.054  -79.855  2.073 0.6000000238
115088  -15.395  -80.814  2.447 0.6000000238
7058  -27.872  -85.995  -1.696 0.5000000000
116415  -27.834  -86.056  -0.795 0.5000000000
7059  -28.734  -85.829  -1.155 0.5000000000
7637  -29.087  -85.128  -2.873 0.5000000000
7589  -27.933  -85.241  1.055 0.5000000000
122857  -29.710  -84.834  -2.993 0.4000000060
7639  -30.272  -84.522  -3.131 0.4000000060
8233  -28.226  -84.584  0.973 0.5000000000
8304  -29.938  -84.157  -4.634 0.4000000060
8291  -30.222  -84.203  -3.950 0.4000000060
8292  -30.750  -83.866  -3.744 0.4000000060
8220  -27.795  -84.506  1.339 0.5000000000
8232  -27.634  -83.567  1.286 0.6000000238
8841  -27.617  -82.935  0.446 0.6000000238
8851  -27.111  -82.133  -0.109 0.5000000000
10007  -27.500  -80.591  -0.836 0.4000000060
117648  -26.502  -80.228  0.823 0.6000000238
9979  -26.907  -80.422  0.058 0.6000000238
10528  -27.100  -79.613  -0.621 0.5000000000
9993  -27.164  -80.511  -0.714 0.4000000060
10543  -27.561  -79.969  -1.105 0.4000000060
10544  -27.885  -79.612  -1.836 0.4000000060
110408  -20.527  -84.025  0.093 0.6999999881
9391  -26.387  -81.420  2.516 0.6000000238
9992  -26.960  -79.765  -0.127 0.5000000000
10529  -27.378  -79.300  -1.189 0.4000000060
8202  -21.765  -84.308  3.286 0.6000000238
8814  -24.878  -82.795  3.774 0.5000000000
9382  -25.723  -81.467  3.258 0.5000000000
9978  -26.441  -79.479  0.710 0.5000000000
11071  -26.920  -79.259  -0.260 0.5000000000
11073  -28.016  -78.521  -1.331 0.4000000060
8186  -23.319  -83.568  3.854 0.6000000238
9945  -25.657  -80.324  2.564 0.5000000000
11056  -16.970  -78.441  0.853 0.6999999881
11042  -17.122  -78.426  1.771 0.6000000238
11043  -17.794  -77.934  2.085 0.6999999881
10483  -16.712  -79.073  2.368 0.6000000238
11622  -19.216  -77.341  3.473 0.6000000238
10482  -16.064  -80.431  2.989 0.6000000238
11022  -17.647  -78.492  3.585 0.6000000238
11031  -18.363  -77.910  3.584 0.6000000238
105042  -19.966  -77.089  3.740 0.6000000238
11608  -21.000  -76.656  4.464 0.6000000238
9379  -15.332  -81.843  2.541 0.5000000000
107328  -17.056  -80.065  4.025 0.6000000238
10463  -17.571  -79.233  4.202 0.6000000238
11023  -18.164  -78.517  4.386 0.6000000238
11586  -19.641  -77.426  4.355 0.6000000238
7074  -29.261  -85.605  -1.916 0.5000000000
9380  -15.837  -82.358  3.169 0.5000000000
9930  -16.466  -80.876  3.788 0.5000000000
11006  -18.893  -78.792  5.108 0.5000000000
11007  -19.596  -78.056  4.950 0.5000000000
7040  -28.435  -85.856  -0.180 0.4000000060
7638  -29.878  -85.043  -2.248 0.5000000000
124113  -16.859  -81.549  4.150 0.5000000000
9931  -17.201  -80.955  4.438 0.5000000000
10465  -19.511  -79.709  5.424 0.5000000000
107549  -19.928  -78.881  5.459 0.5000000000
7018  -28.804  -85.537  0.299 0.5000000000
121472  -30.644  -84.705  -2.343 0.4000000060
7640  -31.243  -84.454  -1.992 0.4000000060
107212  -31.861  -83.974  -1.659 0.4000000060
8808  -16.511  -82.796  3.591 0.5000000000
112221  -17.955  -81.254  4.749 0.5000000000
9921  -18.577  -80.767  4.989 0.6000000238
10466  -20.547  -79.808  5.421 0.6000000238
8281  -30.972  -84.028  -2.882 0.4000000060
8810  -18.198  -83.270  4.240 0.6000000238
9354  -18.738  -81.740  4.918 0.6000000238
120715  -19.292  -81.083  5.185 0.6999999881
120340  -27.923  -83.838  0.862 0.4000000060
8852  -27.577  -82.346  -0.272 0.5000000000
8228  -18.063  -84.341  1.012 0.6000000238
9430  -27.477  -81.272  -0.777 0.4000000060
8229  -19.033  -84.277  1.086 0.6000000238
9415  -27.262  -81.756  -0.693 0.4000000060
105500  -19.953  -84.144  1.059 0.6000000238
8216  -20.348  -84.260  2.078 0.6000000238
10008  -27.939  -80.073  -1.604 0.4000000060
121722  -20.826  -84.144  1.247 0.6999999881
9369  -23.713  -81.866  3.994 0.6000000238
9370  -24.806  -81.815  3.793 0.5000000000
9381  -24.982  -80.779  3.213 0.5000000000
111053  -17.616  -77.922  1.107 0.6999999881
108484  -18.553  -77.482  2.534 0.6999999881
11623  -19.934  -76.898  2.957 0.6000000238
12249  -20.540  -76.467  3.563 0.6000000238
12237  -22.256  -75.852  5.023 0.6999999881
12219  -22.761  -76.385  5.499 0.6000000238
11588  -20.870  -77.498  4.996 0.6000000238
7041  -29.267  -85.640  -0.245 0.5000000000
7060  -29.727  -85.622  -1.135 0.5000000000
124417  -21.464  -77.705  5.299 0.6000000238
11571  -22.719  -77.226  5.575 0.5000000000
7608  -30.053  -85.207  -0.198 0.5000000000
7625  -30.544  -84.929  -1.291 0.5000000000
7626  -31.315  -84.466  -0.977 0.4000000060
10467  -21.402  -79.337  5.447 0.6000000238
114250  -20.729  -78.940  5.535 0.6000000238
120632  -23.441  -77.131  5.736 0.5000000000
7590  -28.608  -85.230  0.738 0.5000000000
8214  -18.454  -83.947  1.849 0.6000000238
8198  -17.802  -83.706  2.782 0.4000000060
8181  -17.724  -83.488  3.634 0.6000000238
9355  -19.703  -81.739  4.950 0.6000000238
9922  -19.913  -80.719  5.283 0.6000000238
119818  -22.724  -78.578  5.451 0.6000000238
8253  -28.069  -83.393  0.579 0.4000000060
8234  -28.760  -84.536  0.942 0.4000000060
8199  -18.922  -83.932  2.728 0.5000000000
116132  -18.590  -83.723  3.660 0.5000000000
8169  -18.995  -83.256  4.538 0.6000000238
8797  -19.279  -82.542  4.818 0.6999999881
9356  -20.494  -81.586  4.849 0.6000000238
111899  -20.802  -80.789  4.968 0.6000000238
105692  -22.114  -79.628  5.085 0.6000000238
8853  -28.008  -82.544  -0.275 0.5000000000
8182  -19.439  -83.687  4.132 0.6000000238
8798  -20.189  -82.468  4.736 0.6000000238
9357  -21.320  -81.409  4.737 0.6000000238
9924  -22.781  -80.215  4.535 0.6000000238
10468  -22.786  -79.263  4.988 0.6000000238
8867  -27.685  -81.972  -0.808 0.4000000060
8200  -19.848  -84.076  2.806 0.5000000000
115148  -19.404  -83.894  3.418 0.6000000238
8171  -20.708  -83.243  4.485 0.6000000238
9932  -22.295  -81.260  4.522 0.6000000238
8215  -19.421  -84.141  1.915 0.6000000238
8201  -20.754  -84.281  3.103 0.6000000238
8183  -20.158  -83.931  3.655 0.6000000238
8811  -21.656  -83.182  4.382 0.6000000238
8800  -22.001  -82.262  4.501 0.6000000238
8812  -22.579  -82.995  4.251 0.6000000238
8185  -22.212  -83.806  3.932 0.6000000238
9934  -24.124  -80.689  3.558 0.5000000000
9961  -24.792  -79.253  2.050 0.5000000000
11636  -18.330  -77.475  1.412 0.6999999881
11637  -19.193  -77.083  1.585 0.6999999881
11662  -18.377  -77.133  -1.026 0.6999999881
12293  -19.410  -76.676  0.559 0.6999999881
106503  -18.838  -77.170  0.748 0.6999999881
11638  -19.838  -76.678  2.049 0.6999999881
12267  -21.112  -75.831  2.876 0.6000000238
12975  -22.078  -75.268  3.737 0.6000000238
12961  -22.575  -75.067  4.521 0.5000000000
12251  -21.950  -75.626  4.421 0.6999999881
12238  -22.906  -75.466  5.306 0.5000000000
12945  -23.653  -75.422  5.650 0.5000000000
12220  -23.322  -76.115  5.680 0.5000000000
7592  -30.274  -84.678  0.520 0.4000000060
7609  -30.811  -84.735  -0.195 0.5000000000
7593  -31.056  -84.304  0.485 0.5000000000
7610  -31.418  -84.388  -0.159 0.5000000000
8270  -31.877  -83.993  -0.674 0.4000000060
106093  -23.064  -77.987  5.621 0.6000000238
11010  -23.491  -78.814  5.032 0.6000000238
10994  -24.772  -78.213  5.238 0.6000000238
11024  -23.943  -79.086  4.035 0.6000000238
105739  -24.327  -78.744  4.706 0.6000000238
115026  -23.193  -81.058  4.021 0.6000000238
9933  -23.730  -80.099  3.949 0.6000000238
11011  -25.147  -78.537  4.468 0.6000000238
9368  -22.859  -82.076  4.333 0.6000000238
10478  -23.936  -79.250  3.354 0.5000000000
9943  -24.045  -79.684  3.208 0.5000000000
9944  -24.811  -79.922  2.972 0.5000000000
11671  -18.699  -76.671  -1.886 0.6999999881
12302  -19.579  -76.287  -0.640 0.6999999881
12294  -20.230  -76.206  0.370 0.6999999881
12282  -20.400  -76.225  1.474 0.6999999881
12295  -21.039  -75.856  0.819 0.6000000238
12283  -21.081  -75.815  1.845 0.6999999881
12974  -21.676  -75.404  3.144 0.4000000060
12321  -19.001  -76.193  -2.265 0.6999999881
114211  -20.133  -75.919  -1.662 0.6999999881
12304  -20.968  -75.750  -0.205 0.6000000238
121057  -21.564  -75.501  0.274 0.6000000238
12976  -22.908  -74.193  4.129 0.5000000000
12311  -17.345  -76.412  -2.142 0.6999999881
13043  -18.780  -75.842  -2.317 0.6999999881
13613  -24.146  -74.347  4.903 0.5000000000
13033  -17.074  -76.167  -1.420 0.6999999881
12946  -24.297  -74.809  5.645 0.5000000000
13023  -16.904  -76.140  -0.264 0.6000000238
13016  -17.195  -75.948  0.832 0.6000000238
13005  -16.781  -76.270  1.741 0.6000000238
12248  -16.531  -76.277  3.734 0.5000000000
12991  -18.398  -74.743  3.236 0.5000000000
8254  -31.745  -83.942  0.268 0.4000000060
104515  -24.521  -78.817  3.661 0.6000000238
13009  -22.467  -75.029  1.749 0.5000000000
12993  -22.297  -75.057  2.809 0.5000000000
12322  -19.871  -75.754  -2.200 0.6000000238
13026  -20.778  -75.375  -1.307 0.6000000238
13019  -22.254  -75.157  0.229 0.6000000238
13658  -22.682  -74.777  0.880 0.6000000238
13645  -22.794  -73.923  3.210 0.5000000000
12994  -22.612  -74.741  3.453 0.5000000000
13628  -23.813  -74.186  4.226 0.5000000000
13035  -18.547  -75.516  -2.076 0.6999999881
13044  -19.586  -75.496  -2.238 0.6000000238
109061  -20.830  -75.007  -2.214 0.6000000238
13028  -22.075  -74.753  -0.682 0.6000000238
14324  -22.919  -73.813  -0.172 0.6000000238
13614  -24.739  -74.120  5.245 0.5000000000
13025  -18.320  -75.295  -1.367 0.6999999881
13682  -19.327  -75.214  -2.205 0.6000000238
111739  -20.572  -74.497  -2.066 0.6000000238
13691  -21.594  -73.715  -1.882 0.6000000238
14329  -22.535  -73.248  -1.090 0.6000000238
113212  -18.166  -75.410  -0.288 0.6000000238
13675  -19.078  -74.896  -1.696 0.6000000238
13684  -20.575  -74.180  -1.593 0.6000000238
14335  -21.248  -73.811  -1.928 0.6000000238
13017  -17.947  -75.496  0.740 0.6000000238
104407  -19.181  -74.581  0.680 0.6000000238
13677  -20.552  -73.810  -0.405 0.6000000238
14328  -21.596  -73.004  -1.572 0.6000000238
13007  -18.492  -74.902  1.480 0.5000000000
114428  -18.244  -75.075  2.472 0.5000000000
13656  -19.462  -74.357  1.729 0.5000000000
13669  -20.400  -73.600  0.708 0.6000000238
14327  -21.060  -73.339  -0.919 0.6000000238
8237  -31.324  -83.694  1.081 0.4000000060
111396  -16.413  -75.325  4.990 0.5000000000
107845  -18.905  -74.568  2.484 0.5000000000
13657  -20.036  -73.625  1.645 0.6000000238
14322  -20.896  -73.108  0.232 0.6000000238
13610  -16.854  -74.608  4.823 0.5000000000
13612  -18.163  -73.736  4.077 0.5000000000
13643  -19.006  -74.264  3.170 0.4000000060
122274  -19.877  -73.425  2.144 0.5000000000
15024  -20.667  -72.704  0.442 0.6000000238
105106  -22.955  -73.903  2.407 0.6000000238
14285  -23.843  -73.299  3.349 0.5000000000
120497  -23.988  -73.798  3.821 0.5000000000
13660  -23.241  -73.530  1.658 0.6000000238
13646  -23.184  -73.274  2.762 0.5000000000
14271  -24.850  -73.349  4.783 0.5000000000
14316  -23.116  -73.268  0.558 0.6999999881
14317  -23.452  -72.606  1.226 0.6999999881
14337  -22.113  -73.097  -2.042 0.6000000238
15016  -23.004  -72.408  0.121 0.6999999881
15035  -22.287  -72.484  -1.874 0.6000000238
15714  -23.257  -71.578  -0.711 0.6999999881
15030  -22.076  -72.341  -1.834 0.6000000238
110371  -23.531  -71.087  -1.294 0.6999999881
15025  -21.741  -72.012  -1.370 0.6000000238
106616  -23.257  -70.997  -1.662 0.6999999881
13625  -15.418  -73.684  4.357 0.5000000000
117157  -17.663  -73.303  4.037 0.5000000000
14284  -19.351  -73.474  2.963 0.4000000060
15015  -20.263  -72.674  1.208 0.6000000238
15718  -21.914  -70.948  -1.429 0.6000000238
14281  -16.944  -73.169  4.081 0.5000000000
14978  -19.101  -73.129  3.128 0.4000000060
15001  -19.762  -72.586  1.851 0.5000000000
14286  -24.266  -73.338  3.946 0.5000000000
14979  -24.109  -72.806  3.370 0.5000000000
14305  -23.689  -72.989  2.059 0.6000000238
14991  -24.027  -72.282  2.735 0.5000000000
15676  -24.308  -71.131  3.837 0.5000000000
15002  -23.889  -71.809  1.392 0.6999999881
15017  -23.226  -71.692  0.485 0.6999999881
15715  -23.037  -70.962  -0.134 0.6000000238
15719  -22.745  -70.835  -1.748 0.6999999881
16448  -23.620  -70.385  -0.789 0.6000000238
15713  -20.972  -71.931  -0.629 0.6000000238
16456  -22.285  -70.154  -1.755 0.6000000238
14292  -16.743  -72.614  2.419 0.5000000000
15000  -18.954  -72.344  2.124 0.4000000060
15704  -20.313  -72.298  0.328 0.6000000238
14999  -17.357  -72.364  0.875 0.4000000060
107810  -18.384  -72.200  1.086 0.4000000060
15013  -18.811  -72.138  0.089 0.5000000000
15703  -19.687  -71.953  -0.062 0.5000000000
125028  -24.014  -71.859  2.104 0.6000000238
15684  -23.745  -71.349  2.842 0.5000000000
15694  -23.954  -71.186  1.707 0.6000000238
16422  -23.952  -70.386  3.303 0.5000000000
16439  -23.795  -70.510  1.189 0.6000000238
105958  -23.124  -70.494  0.272 0.6000000238
103804  -23.288  -69.763  1.891 0.5000000000
17206  -23.038  -69.934  -0.204 0.6000000238
17213  -22.538  -69.625  -1.484 0.6999999881
17195  -23.133  -69.147  0.190 0.5000000000
115710  -20.976  -70.980  -1.268 0.6000000238
16446  -20.309  -70.410  -1.289 0.5000000000
15711  -18.161  -71.930  -0.224 0.4000000060
16445  -19.355  -70.608  -0.784 0.5000000000
111534  -12.478  -68.729  3.620 0.4000000060
17920  -13.468  -67.876  3.498 0.3000000119
120626  -14.300  -67.810  3.579 0.4000000060
112423  -24.377  -69.685  3.538 0.5000000000
17158  -14.453  -69.771  3.825 0.3000000119
115856  -14.404  -68.772  3.758 0.4000000060
17173  -23.723  -69.997  3.154 0.5000000000
16421  -15.228  -70.379  2.462 0.3000000119
17159  -15.251  -69.418  3.752 0.4000000060
17185  -23.259  -69.208  1.164 0.5000000000
16428  -15.375  -70.676  1.279 0.3000000119
17194  -22.875  -68.889  -0.228 0.6000000238
17203  -20.803  -69.888  -1.318 0.6999999881
17950  -22.175  -68.931  0.520 0.6000000238
15702  -19.065  -71.497  -0.388 0.5000000000
106281  -20.467  -69.700  -0.705 0.5000000000
17191  -19.342  -70.066  -0.382 0.4000000060
17192  -20.191  -69.610  0.461 0.4000000060
19393  -12.547  -66.723  3.867 0.3000000119
18653  -12.817  -67.055  3.463 0.3000000119
19406  -13.835  -66.138  3.146 0.3000000119
18655  -14.734  -67.082  3.443 0.3000000119
107095  -23.318  -69.437  2.851 0.5000000000
17169  -15.681  -69.735  2.957 0.4000000060
116452  -15.944  -67.773  3.650 0.4000000060
17935  -23.582  -69.171  3.257 0.5000000000
17179  -15.851  -69.932  1.792 0.4000000060
120164  -16.896  -68.431  2.471 0.4000000060
115735  -23.172  -68.987  1.648 0.5000000000
17934  -23.053  -69.073  2.370 0.5000000000
17180  -16.494  -69.539  1.197 0.4000000060
17944  -22.611  -68.933  1.471 0.5000000000
17193  -21.288  -69.213  -0.079 0.5000000000
124416  -21.808  -69.213  1.500 0.5000000000
16443  -17.795  -71.372  -0.202 0.3000000119
17190  -18.343  -69.851  0.156 0.4000000060
17184  -20.224  -69.515  1.584 0.4000000060
113524  -21.068  -69.437  2.044 0.4000000060
112603  -12.636  -66.949  4.502 0.3000000119
20134  -13.593  -65.771  3.657 0.3000000119
20148  -14.946  -65.232  3.248 0.4000000060
19407  -14.684  -65.974  3.162 0.4000000060
107865  -25.193  -68.267  5.044 0.4000000060
18656  -15.887  -66.885  3.495 0.4000000060
17922  -16.397  -68.542  3.372 0.4000000060
18657  -16.900  -66.821  3.327 0.4000000060
17926  -24.125  -68.689  4.002 0.4000000060
18670  -17.522  -66.925  2.509 0.4000000060
17933  -22.854  -68.944  2.486 0.5000000000
17939  -16.936  -68.704  1.416 0.4000000060
17181  -17.157  -69.309  0.668 0.3000000119
17924  -22.782  -68.968  3.568 0.5000000000
105135  -18.331  -69.178  0.687 0.3000000119
20118  -13.497  -65.798  4.230 0.3000000119
121778  -14.024  -65.176  3.755 0.3000000119
20147  -14.192  -65.514  3.272 0.3000000119
110309  -15.430  -64.370  3.357 0.4000000060
116687  -16.714  -64.433  3.378 0.3000000119
20149  -16.291  -65.218  3.405 0.4000000060
18642  -26.264  -67.613  5.226 0.4000000060
18643  -27.260  -67.084  5.187 0.4000000060
19409  -17.277  -66.134  3.269 0.4000000060
18660  -24.470  -68.408  4.590 0.4000000060
17925  -23.874  -68.607  3.969 0.4000000060
17930  -17.362  -67.785  1.711 0.3000000119
110167  -23.451  -68.935  3.254 0.4000000060
18674  -17.750  -67.446  0.994 0.3000000119
17941  -18.041  -68.176  0.789 0.3000000119
17171  -20.333  -69.424  2.541 0.4000000060
20869  -14.390  -65.330  4.897 0.3000000119
20896  -14.708  -64.604  3.628 0.4000000060
21729  -15.711  -62.956  3.576 0.4000000060
20898  -15.930  -63.693  3.350 0.4000000060
19382  -27.892  -66.403  5.419 0.4000000060
120297  -26.473  -66.997  5.182 0.4000000060
20899  -17.918  -64.419  3.044 0.4000000060
19398  -25.622  -67.447  5.328 0.4000000060
19416  -18.092  -66.089  2.272 0.4000000060
18659  -24.196  -68.220  4.538 0.4000000060
19397  -25.022  -67.632  5.456 0.4000000060
18639  -23.844  -68.021  4.715 0.4000000060
18675  -18.189  -67.178  0.910 0.3000000119
17909  -23.398  -68.671  4.134 0.5000000000
17940  -17.478  -68.322  0.912 0.3000000119
17908  -22.647  -68.836  4.392 0.5000000000
103623  -19.682  -69.284  1.942 0.3000000119
17163  -21.186  -69.323  3.676 0.4000000060
103222  -19.245  -69.560  0.775 0.4000000060
118051  -14.969  -64.144  4.702 0.3000000119
21730  -17.138  -62.634  3.323 0.3000000119
21739  -17.870  -63.464  3.045 0.3000000119
105402  -26.971  -66.471  5.361 0.4000000060
20158  -18.705  -65.252  2.157 0.3000000119
19381  -26.157  -66.696  5.440 0.4000000060
18640  -24.429  -67.868  5.182 0.4000000060
19426  -19.165  -66.064  1.455 0.3000000119
18676  -18.863  -66.936  1.287 0.3000000119
18638  -22.958  -68.482  5.057 0.4000000060
17942  -18.751  -67.875  1.158 0.3000000119
18658  -19.491  -68.189  3.175 0.3000000119
17162  -19.819  -69.003  3.502 0.3000000119
17907  -21.134  -68.937  4.349 0.3000000119
20905  -18.848  -64.212  2.391 0.3000000119
104662  -19.068  -62.820  2.722 0.3000000119
20906  -19.538  -63.975  2.038 0.3000000119
20124  -26.515  -65.939  5.842 0.3000000119
19380  -25.446  -67.029  5.595 0.4000000060
20123  -25.743  -66.349  5.987 0.4000000060
20159  -19.897  -65.827  1.713 0.3000000119
18622  -24.050  -67.672  5.510 0.4000000060
20122  -25.105  -66.739  6.144 0.4000000060
18671  -19.334  -67.632  1.957 0.3000000119
18620  -22.298  -67.980  5.709 0.3000000119
17906  -20.309  -68.674  4.275 0.3000000119
20908  -20.371  -64.389  2.409 0.3000000119
19411  -20.129  -65.996  2.489 0.3000000119
19366  -24.367  -66.663  6.503 0.3000000119
20105  -25.041  -66.045  6.550 0.3000000119
19410  -19.584  -67.107  2.836 0.3000000119
19377  -22.661  -67.171  6.315 0.3000000119
17905  -19.759  -68.319  3.980 0.3000000119
18619  -21.261  -67.886  5.504 0.3000000119
20884  -20.711  -64.224  3.158 0.3000000119
22572  -21.124  -62.503  4.202 0.3000000119
110852  -20.101  -65.576  3.892 0.3000000119
108728  -24.122  -65.734  7.025 0.3000000119
20136  -20.434  -64.710  3.990 0.3000000119
21719  -21.212  -63.204  4.589 0.3000000119
17161  -19.854  -69.244  2.845 0.4000000060
17183  -18.915  -68.814  0.996 0.3000000119
5988  -26.086  -87.535  -9.055 0.6000000238
5400  -25.360  -88.431  -8.495 0.5000000000
4779  -24.800  -89.188  -8.926 0.5000000000
118613  -24.215  -89.562  -9.203 0.5000000000
7136  -24.730  -85.945  -8.976 0.6999999881
7128  -26.477  -85.073  -8.204 0.6999999881
7707  -23.827  -85.024  -8.185 0.6999999881
110252  -24.216  -86.703  -9.083 0.6999999881
5380  -24.622  -87.941  -6.004 0.4000000060
116087  -22.711  -86.289  -8.295 0.6999999881
124769  -27.434  -87.096  -6.707 0.5000000000
4112  -31.636  -89.595  -4.225 0.3000000119
5960  -28.100  -86.817  -7.158 0.5000000000
6521  -29.847  -85.136  -6.959 0.3000000119
7680  -26.773  -84.715  -6.985 0.6000000238
7691  -26.112  -84.662  -7.599 0.6000000238
119371  -23.955  -84.814  -7.846 0.6999999881
5315  -30.353  -88.225  -1.049 0.3000000119
8328  -22.623  -84.069  -7.735 0.6000000238
7698  -23.089  -84.410  -8.246 0.6999999881
6523  -27.689  -86.262  -8.074 0.5000000000
111981  -26.621  -87.476  -7.943 0.6000000238
5389  -25.874  -87.793  -7.684 0.5000000000
7696  -21.673  -84.254  -8.217 0.6000000238
124651  -21.865  -86.325  -8.500 0.6999999881
7675  -20.956  -84.713  -7.183 0.5000000000
7132  -21.003  -85.856  -8.557 0.5000000000
4735  -31.951  -89.188  -4.106 0.3000000119
7098  -21.764  -85.015  -4.810 0.6000000238
7131  -19.922  -85.912  -8.913 0.5000000000
121334  -31.971  -85.053  -6.028 0.3000000119
5362  -32.266  -88.545  -3.917 0.3000000119
123757  -18.846  -86.165  -9.023 0.5000000000
7014  -25.452  -86.312  0.940 0.6000000238
7017  -28.143  -85.688  0.506 0.5000000000
7648  -29.614  -84.655  -3.735 0.4000000060
7574  -26.509  -84.993  2.019 0.6000000238
7000  -27.351  -85.211  1.621 0.5000000000
7559  -25.418  -84.562  2.639 0.6000000238
8217  -21.279  -84.387  2.290 0.6999999881
10476  -16.552  -80.034  3.441 0.6000000238
107994  -27.796  -80.580  -0.936 0.4000000060
9962  -25.870  -79.604  1.522 0.4000000060
8250  -19.632  -84.396  0.258 0.6000000238
11030  -17.310  -78.462  2.705 0.6000000238
9920  -17.831  -80.148  4.627 0.6000000238
8795  -17.727  -82.522  4.430 0.5000000000
11009  -21.304  -78.358  5.443 0.6000000238
8809  -17.318  -83.045  3.897 0.4000000060
8184  -21.085  -83.884  3.982 0.5000000000
8854  -28.433  -82.361  -0.053 0.5000000000
8799  -21.079  -82.408  4.607 0.6000000238
121386  -20.261  -83.655  4.220 0.5000000000
12292  -16.480  -76.485  0.715 0.6000000238
12972  -17.820  -74.906  4.044 0.5000000000
13671  -23.041  -74.138  0.739 0.5000000000
13046  -21.032  -74.442  -2.117 0.6000000238
13037  -21.798  -74.245  -1.284 0.6000000238
13667  -18.942  -74.773  -0.611 0.6000000238
14268  -16.454  -73.766  4.601 0.5000000000
15675  -24.185  -72.049  3.561 0.5000000000
124607  -23.705  -69.900  -0.986 0.6000000238
14293  -17.503  -72.814  3.320 0.5000000000
17212  -21.698  -69.829  -1.494 0.6000000238
17157  -13.430  -69.011  3.679 0.3000000119
16430  -23.589  -70.497  2.310 0.5000000000
16444  -18.458  -71.101  -0.418 0.3000000119
17927  -24.617  -68.784  4.281 0.4000000060
17174  -24.109  -69.234  3.538 0.4000000060
16438  -18.655  -70.467  -0.348 0.4000000060
16437  -17.863  -70.476  -0.134 0.3000000119
17164  -21.986  -69.245  3.180 0.5000000000
20883  -14.366  -64.482  4.151 0.3000000119
19425  -17.964  -66.706  1.248 0.3000000119
110179  -20.413  -69.330  3.299 0.3000000119
19417  -18.625  -66.123  1.518 0.3000000119
117146  -21.894  -68.581  4.926 0.4000000060
22558  -15.620  -62.932  4.856 0.3000000119
20168  -19.625  -65.341  1.706 0.3000000119
19378  -23.764  -67.303  6.257 0.4000000060
20151  -20.418  -65.012  2.877 0.3000000119
5378  -17.371  -88.716  -6.860 0.5000000000
5956  -17.787  -88.172  -7.345 0.5000000000
5968  -17.867  -87.841  -7.911 0.5000000000
5977  -18.086  -87.643  -8.490 0.4000000060
5369  -17.136  -88.945  -5.955 0.5000000000
122258  -17.616  -88.635  -6.371 0.5000000000
5379  -17.965  -88.114  -6.711 0.5000000000
5957  -17.978  -87.486  -7.584 0.5000000000
5969  -18.058  -87.080  -8.194 0.5000000000
6517  -18.622  -86.353  -8.426 0.4000000060
5356  -17.757  -89.197  -4.944 0.4000000060
5370  -18.150  -88.652  -5.712 0.5000000000
5948  -18.851  -87.384  -6.833 0.5000000000
6508  -18.521  -86.694  -7.772 0.4000000060
5357  -18.734  -89.028  -4.688 0.5000000000
5371  -19.217  -88.535  -5.245 0.5000000000
110084  -18.793  -87.976  -6.010 0.5000000000
108989  -20.073  -88.246  -4.817 0.5000000000
125111  -19.325  -87.614  -6.158 0.5000000000
5949  -19.709  -87.916  -5.641 0.5000000000
6500  -19.882  -87.133  -6.183 0.5000000000
6510  -20.286  -86.169  -6.576 0.4000000060
118289  -19.564  -88.820  -4.492 0.5000000000
5935  -20.583  -87.573  -5.299 0.5000000000
6501  -20.906  -86.679  -5.703 0.5000000000
5297  -20.408  -88.306  -0.864 0.5000000000
5358  -20.326  -88.655  -3.913 0.5000000000
5346  -19.966  -88.964  -2.981 0.5000000000
125096  -21.012  -88.063  -3.634 0.5000000000
5922  -21.306  -87.737  -2.944 0.5000000000
5936  -20.898  -87.898  -4.409 0.5000000000
5937  -21.452  -87.349  -3.839 0.5000000000
6491  -21.338  -87.110  -4.828 0.5000000000
5332  -21.062  -88.037  -2.101 0.5000000000
5899  -20.974  -87.666  -1.296 0.5000000000
6465  -20.480  -86.446  -0.988 0.5000000000
6477  -21.257  -86.199  -2.059 0.5000000000
7054  -20.766  -85.619  -1.593 0.5000000000
116761  -21.602  -86.602  -3.514 0.5000000000
6481  -21.484  -86.317  -2.825 0.5000000000
112613  -21.034  -85.223  -2.779 0.5000000000
6492  -21.677  -86.469  -4.275 0.5000000000
7082  -21.561  -85.734  -3.623 0.5000000000
6502  -21.567  -86.178  -5.147 0.5000000000
7663  -21.677  -84.782  -5.783 0.5000000000
7604  -19.376  -84.946  -0.344 0.5000000000
7621  -20.217  -85.072  -1.254 0.5000000000
116587  -20.778  -84.714  -2.084 0.5000000000
7622  -20.578  -84.401  -1.471 0.5000000000
7081  -21.209  -84.626  -3.813 0.5000000000
8289  -21.219  -84.164  -3.446 0.5000000000
7099  -21.675  -85.537  -4.516 0.5000000000
7585  -18.664  -84.720  0.310 0.5000000000
7605  -20.225  -84.249  -0.781 0.6000000238
10006  -14.493  -80.159  -1.077 0.5000000000
10511  -15.226  -80.126  0.521 0.6000000238
10512  -15.724  -79.323  0.091 0.5000000000
10497  -16.469  -78.992  1.455 0.6000000238
10513  -16.357  -78.914  0.513 0.6000000238
10527  -15.662  -79.128  -0.756 0.5000000000
11055  -16.288  -78.666  -0.564 0.6000000238
110956  -17.141  -78.070  -0.918 0.5000000000
11069  -17.525  -78.129  0.111 0.6000000238
11082  -17.304  -77.947  -2.060 0.5000000000
11083  -17.844  -77.618  -1.621 0.6000000238
11651  -18.255  -77.563  0.233 0.6000000238
11093  -17.172  -77.618  -2.431 0.5000000000
11670  -18.256  -77.204  -2.003 0.5000000000
12310  -16.603  -76.666  -1.911 0.5000000000
12301  -16.362  -76.484  -1.018 0.6000000238
11635  -15.306  -77.256  1.373 0.6000000238
12291  -15.678  -76.922  0.453 0.5000000000
12319  -17.604  -76.747  -2.449 0.6000000238
11680  -18.268  -76.854  -2.304 0.5000000000
113759  -16.199  -76.540  -0.128 0.5000000000
12265  -16.312  -76.573  2.608 0.6000000238
12280  -16.011  -76.765  1.528 0.6000000238
12989  -17.012  -75.969  2.861 0.6000000238
5924  -31.944  -87.084  -3.434 0.3000000119
124939  -33.324  -85.678  -3.043 0.3000000119
7105  -31.501  -85.647  -4.283 0.3000000119
7108  -34.496  -84.310  -3.697 0.3000000119
6482  -31.533  -86.316  -3.545 0.3000000119
5940  -31.208  -87.153  -3.696 0.3000000119
6509  -19.354  -86.451  -7.163 0.4000000060
7634  -20.983  -84.445  -2.969 0.5000000000
8267  -20.766  -84.193  -1.513 0.5000000000
9960  -15.284  -80.407  1.490 0.5000000000
5313  -20.123  -88.869  -1.315 0.5000000000
5331  -20.436  -88.662  -2.152 0.5000000000
6466  -21.064  -86.761  -1.293 0.5000000000
5914  -21.379  -87.135  -2.134 0.5000000000
6483  -32.268  -86.359  -3.219 0.3000000119
7117  -32.918  -84.679  -5.060 0.3000000119
116262  -33.083  -85.110  -3.774 0.3000000119
7089  -31.967  -85.733  -3.543 0.3000000119
7106  -32.355  -85.305  -4.128 0.3000000119
7107  -33.586  -84.365  -4.197 0.3000000119
20106  -25.852  -65.504  6.656 0.3000000119
4111  -31.673  -90.013  -3.983 0.3000000119
4123  -29.513  -90.062  -4.636 0.3000000119
4733  -30.156  -89.573  -4.926 0.3000000119
5317  -32.198  -88.145  -1.319 0.3000000119
5347  -20.778  -88.414  -2.963 0.5000000000
5401  -26.110  -87.978  -8.435 0.6000000238
5410  -20.328  -88.246  -9.149 0.6000000238
5413  -24.662  -88.278  -9.427 0.6000000238
5923  -21.529  -87.060  -3.032 0.5000000000
5941  -31.787  -87.947  -3.818 0.3000000119
6455  -26.474  -86.661  -0.282 0.6000000238
6494  -30.175  -86.389  -4.263 0.4000000060
6522  -19.140  -85.975  -9.105 0.5000000000
6529  -23.591  -87.124  -8.939 0.6000000238
6530  -25.549  -87.130  -9.231 0.5000000000
7090  -32.612  -85.665  -3.261 0.3000000119
7101  -24.162  -86.059  -4.424 0.5000000000
7112  -21.707  -85.379  -5.254 0.5000000000
7133  -21.984  -85.440  -8.459 0.6000000238
7134  -23.367  -85.660  -8.224 0.6999999881
7560  -26.033  -84.550  2.538 0.6000000238
7653  -22.684  -84.963  -4.670 0.6999999881
7664  -22.112  -84.615  -5.419 0.6000000238
7676  -22.696  -84.726  -6.058 0.6000000238
7677  -23.424  -84.905  -6.712 0.6000000238
7688  -20.993  -84.762  -7.648 0.6000000238
7697  -22.380  -84.248  -8.364 0.6999999881
7700  -25.115  -84.817  -8.297 0.6000000238
7704  -21.396  -84.930  -8.208 0.5000000000
7706  -22.937  -84.677  -8.444 0.6999999881
8170  -19.837  -83.268  4.528 0.6000000238
8206  -25.867  -83.829  2.973 0.6000000238
8268  -21.003  -83.980  -1.897 0.6000000238
8327  -21.932  -83.955  -7.839 0.6000000238
8329  -23.269  -84.609  -7.559 0.6000000238
8331  -25.542  -84.393  -7.954 0.6000000238
8340  -24.627  -84.650  -8.091 0.6999999881
8342  -27.168  -84.134  -8.089 0.4000000060
8796  -18.465  -82.589  4.676 0.6000000238
8822  -16.945  -83.403  3.296 0.4000000060
8842  -28.575  -83.297  0.764 0.4000000060
9353  -17.450  -81.755  4.508 0.5000000000
9366  -16.311  -81.894  3.753 0.5000000000
9367  -17.017  -82.279  4.088 0.5000000000
9403  -26.427  -80.655  1.594 0.6000000238
9429  -27.203  -81.191  -0.739 0.4000000060
9923  -21.544  -80.379  4.916 0.6000000238
9942  -15.778  -81.350  3.199 0.5000000000
10454  -22.087  -78.860  5.530 0.6000000238
10464  -18.678  -79.810  5.091 0.5000000000
10469  -23.551  -79.530  4.409 0.6000000238
10477  -17.022  -79.264  3.316 0.6000000238
10515  -26.711  -79.188  0.154 0.5000000000
10526  -15.153  -79.770  -0.441 0.5000000000
10992  -22.134  -77.835  5.483 0.6000000238
10993  -23.906  -78.157  5.463 0.6000000238
11008  -20.413  -78.197  5.250 0.5000000000
11026  -25.432  -78.603  3.480 0.6000000238
11070  -17.870  -77.755  -0.659 0.6000000238
11081  -16.557  -78.337  -1.697 0.5000000000
11587  -20.117  -77.570  4.848 0.6000000238
11589  -22.143  -76.750  5.300 0.6000000238
11606  -18.911  -77.918  4.383 0.6000000238
11607  -20.336  -77.081  4.361 0.6000000238
11650  -14.951  -77.512  0.463 0.5000000000
11652  -18.935  -76.954  -0.169 0.6999999881
11663  -18.921  -76.541  -1.093 0.6999999881
11669  -17.809  -77.406  -2.264 0.5000000000
11679  -17.759  -77.103  -2.517 0.5000000000
12236  -21.636  -76.235  4.762 0.6999999881
12250  -21.372  -75.858  3.885 0.6999999881
12266  -20.455  -76.289  2.470 0.6000000238
12281  -19.789  -76.543  1.231 0.6999999881
12303  -20.347  -75.919  -0.707 0.6000000238
12312  -19.439  -76.239  -1.850 0.6999999881
12320  -18.232  -76.482  -2.383 0.6000000238
12960  -17.139  -75.221  4.681 0.5000000000
12962  -23.363  -74.664  5.045 0.5000000000
12973  -18.567  -74.201  3.760 0.4000000060
12990  -17.811  -75.433  3.182 0.5000000000
12992  -21.702  -75.344  2.278 0.5000000000
13006  -17.696  -75.680  1.935 0.5000000000
13008  -21.763  -75.358  1.175 0.6000000238
13010  -22.710  -74.608  2.512 0.5000000000
13018  -18.559  -74.981  0.359 0.6000000238
13024  -17.667  -75.817  -0.904 0.6000000238
13027  -21.549  -75.233  -0.572 0.6000000238
13034  -17.813  -75.844  -1.882 0.6999999881
13036  -21.330  -74.693  -1.590 0.6000000238
13042  -18.000  -76.068  -2.375 0.6999999881
13045  -20.338  -75.060  -2.260 0.6000000238
13608  -14.987  -74.473  4.803 0.5000000000
13609  -15.998  -74.544  4.982 0.5000000000
13611  -17.436  -74.606  4.522 0.5000000000
13626  -17.924  -74.232  4.240 0.5000000000
13627  -19.173  -73.935  3.279 0.4000000060
13644  -19.610  -73.928  2.594 0.5000000000
13659  -22.931  -74.443  1.651 0.6000000238
13668  -19.904  -74.270  0.070 0.6000000238
13670  -22.706  -74.563  -0.000 0.5000000000
13676  -19.888  -74.501  -1.157 0.6000000238
13678  -22.273  -74.031  -0.756 0.6000000238
13683  -19.907  -74.726  -2.041 0.6000000238
13685  -21.536  -74.131  -1.938 0.6000000238
13686  -22.072  -73.701  -1.656 0.6000000238
13690  -19.962  -74.983  -2.300 0.6000000238
14269  -17.396  -73.876  4.475 0.5000000000
14270  -24.357  -73.922  4.407 0.5000000000
14282  -18.188  -73.216  3.682 0.5000000000
14283  -18.815  -73.550  3.485 0.5000000000
14294  -19.736  -73.217  2.381 0.4000000060
14295  -23.963  -72.950  2.651 0.5000000000
14304  -20.125  -73.026  1.796 0.6000000238
14315  -20.532  -73.059  1.138 0.6000000238
14323  -21.172  -72.573  -0.577 0.6000000238
14336  -21.857  -73.082  -2.005 0.6000000238
14338  -22.746  -72.593  -1.734 0.6000000238
14980  -24.555  -72.709  4.116 0.5000000000
14988  -17.776  -72.420  2.085 0.4000000060
14989  -18.594  -72.780  3.055 0.4000000060
14990  -19.343  -72.852  2.686 0.4000000060
15014  -19.880  -72.203  0.942 0.5000000000
15026  -23.086  -72.482  -0.970 0.6999999881
15031  -22.692  -71.776  -1.843 0.6000000238
15705  -23.875  -71.082  0.789 0.6000000238
15712  -20.074  -71.383  -0.778 0.5000000000
15720  -23.175  -71.849  -1.570 0.6999999881
15721  -23.795  -70.824  -0.923 0.6000000238
16413  -13.746  -70.110  3.769 0.3000000119
16427  -14.630  -70.931  1.841 0.3000000119
16447  -23.722  -70.360  -1.280 0.6000000238
16455  -21.291  -70.252  -1.510 0.6000000238
16457  -23.133  -70.176  -1.761 0.6999999881
17146  -20.512  -69.171  3.899 0.3000000119
17160  -15.953  -69.164  3.469 0.4000000060
17170  -16.413  -69.203  2.486 0.4000000060
17172  -21.140  -69.428  2.887 0.4000000060
17196  -23.299  -69.764  0.778 0.6000000238
17202  -19.953  -70.109  -1.123 0.5000000000
17204  -21.694  -69.389  -1.024 0.6000000238
17205  -22.751  -69.018  -1.035 0.6999999881
17214  -23.302  -69.653  -1.255 0.6000000238
17921  -15.356  -68.420  3.753 0.4000000060
17923  -21.963  -69.123  4.078 0.4000000060
17931  -19.457  -68.784  2.292 0.3000000119
17932  -21.934  -69.254  2.272 0.5000000000
17943  -21.091  -69.423  1.090 0.5000000000
17945  -23.187  -69.319  2.169 0.5000000000
17951  -23.023  -68.896  0.702 0.5000000000
18621  -23.289  -67.865  5.715 0.4000000060
18636  -20.123  -67.952  4.600 0.3000000119
18637  -20.860  -68.303  4.872 0.3000000119
18641  -24.759  -68.053  5.124 0.4000000060
18654  -13.585  -66.919  3.268 0.3000000119
18669  -16.939  -67.691  3.169 0.4000000060
19379  -24.675  -67.377  5.872 0.4000000060
19394  -12.916  -66.092  4.025 0.3000000119
19395  -19.651  -67.536  3.951 0.3000000119
19405  -13.148  -66.377  3.524 0.3000000119
19408  -15.986  -66.041  3.377 0.4000000060
19418  -19.539  -66.528  1.830 0.3000000119
20135  -13.828  -65.296  4.140 0.3000000119
20150  -17.655  -65.311  3.152 0.4000000060
20160  -20.173  -65.216  2.025 0.3000000119
20870  -15.702  -65.446  5.803 0.3000000119
20885  -20.795  -63.883  4.131 0.3000000119
20897  -15.164  -63.680  3.526 0.4000000060
21705  -15.357  -63.598  4.840 0.3000000119
21718  -14.722  -63.498  4.059 0.3000000119
21732  -20.847  -63.198  3.568 0.3000000119
21740  -18.960  -63.394  2.538 0.3000000119
103353  -23.208  -84.326  -8.056 0.6999999881
103576  -16.575  -63.146  3.363 0.4000000060
104826  -17.082  -77.332  -2.484 0.5000000000
105288  -22.234  -68.959  -0.452 0.6000000238
105347  -22.958  -73.063  -0.306 0.6000000238
106042  -23.197  -73.527  3.691 0.5000000000
106662  -19.363  -77.119  2.522 0.6000000238
108625  -20.027  -67.149  4.825 0.3000000119
109007  -23.951  -72.485  2.009 0.6999999881
109113  -22.308  -71.537  -1.647 0.6000000238
110435  -23.314  -82.716  4.092 0.6000000238
110716  -15.787  -79.542  1.069 0.6000000238
112621  -22.387  -84.258  -3.480 0.6999999881
113999  -23.501  -86.544  -8.377 0.6999999881
114024  -19.277  -72.172  1.271 0.4000000060
114642  -21.516  -77.093  5.117 0.6000000238
116385  -26.010  -82.947  3.266 0.5000000000
116616  -31.379  -85.122  -6.208 0.3000000119
117633  -18.170  -79.238  4.780 0.5000000000
118073  -20.386  -75.396  -2.065 0.6000000238
118173  -19.430  -85.641  -8.218 0.5000000000
118279  -26.820  -87.536  -5.540 0.5000000000
118388  -20.674  -88.321  -1.466 0.5000000000
118663  -19.114  -65.520  1.643 0.3000000119
119270  -20.540  -67.693  5.173 0.3000000119
119466  -17.613  -75.822  0.044 0.6000000238
119490  -24.265  -77.549  5.722 0.6000000238
119707  -16.992  -63.793  3.326 0.3000000119
119783  -20.447  -86.471  -8.899 0.5000000000
119851  -20.937  -73.862  -1.744 0.6000000238
120038  -18.460  -66.565  1.196 0.3000000119
120290  -21.165  -84.866  -6.547 0.6000000238
120374  -31.775  -87.448  0.271 0.3000000119
121426  -25.134  -85.502  -8.576 0.6999999881
121439  -18.061  -81.972  4.692 0.6000000238
121470  -19.863  -74.112  1.019 0.6000000238
122234  -32.377  -87.836  -3.666 0.3000000119
122574  -19.199  -80.418  5.312 0.6000000238
122614  -16.616  -72.809  3.332 0.5000000000
123097  -21.899  -84.595  -5.062 0.6999999881
123157  -16.906  -78.508  0.018 0.6000000238
123828  -20.808  -63.738  3.318 0.3000000119
123855  -16.434  -79.695  2.864 0.6000000238
123897  -22.775  -72.194  -1.899 0.6000000238
124335  -17.947  -78.067  2.901 0.6000000238
124667  -18.797  -83.557  4.192 0.6000000238
124786  -22.342  -75.091  0.974 0.6000000238
125053  -17.663  -67.184  1.467 0.3000000119
125195  -21.520  -84.240  -7.422 0.6000000238
125269  -23.157  -69.295  -0.714 0.5000000000
