#!ascii label  , from subject Paciente_3 vox2ras=TkReg
407
7503  -39.043  -84.841  11.025 0.0000000000
9909  -33.155  -80.831  6.599 0.0000000000
10426  -38.716  -79.495  11.150 0.0000000000
8119  -35.075  -83.745  9.143 0.0000000000
110427  -35.434  -77.722  11.653 0.0000000000
8709  -41.543  -81.849  14.043 0.0000000000
12829  -39.568  -75.656  13.672 0.0000000000
12127  -44.785  -76.845  15.389 0.0000000000
113295  -38.634  -76.041  10.246 0.0000000000
10423  -36.612  -79.306  10.889 0.0000000000
12892  -37.942  -75.859  10.700 0.0000000000
10375  -39.723  -79.411  14.527 0.0000000000
10915  -40.195  -78.269  16.646 0.0000000000
12832  -46.074  -75.457  14.005 0.0000000000
12179  -45.018  -75.916  11.783 0.0000000000
106040  -36.800  -85.561  7.888 0.0000000000
8758  -33.708  -82.800  7.984 0.0000000000
8161  -36.248  -84.216  5.572 0.0000000000
8173  -34.776  -83.811  4.565 0.0000000000
8737  -38.629  -82.451  12.431 0.0000000000
8108  -37.359  -84.151  10.794 0.0000000000
118013  -34.226  -81.249  11.411 0.0000000000
10412  -32.685  -79.946  10.310 0.0000000000
108489  -40.832  -80.835  12.205 0.0000000000
106987  -39.294  -77.562  11.710 0.0000000000
12895  -40.235  -75.385  9.870 0.0000000000
11490  -42.191  -77.350  18.006 0.0000000000
12135  -42.557  -76.133  14.686 0.0000000000
12883  -42.591  -75.233  11.345 0.0000000000
120333  -42.853  -73.852  9.867 0.0000000000
7526  -38.149  -84.802  7.112 0.0000000000
12918  -33.619  -75.033  8.078 0.0000000000
10444  -34.188  -78.923  6.380 0.0000000000
9927  -36.028  -79.441  4.174 0.0000000000
13550  -39.421  -75.041  9.599 0.0000000000
12906  -38.155  -76.015  10.368 0.0000000000
6936  -38.699  -85.057  9.356 0.0000000000
8770  -33.341  -82.423  6.990 0.0000000000
8776  -33.760  -82.975  6.400 0.0000000000
8801  -33.494  -82.523  5.073 0.0000000000
8802  -33.794  -82.569  4.298 0.0000000000
9358  -33.572  -81.811  4.572 0.0000000000
9859  -38.798  -80.421  11.621 0.0000000000
9872  -37.459  -79.995  10.368 0.0000000000
10967  -36.356  -78.046  11.020 0.0000000000
9870  -35.279  -79.927  11.433 0.0000000000
10414  -34.268  -79.859  11.410 0.0000000000
115771  -32.956  -80.568  10.599 0.0000000000
113686  -33.903  -78.445  11.400 0.0000000000
8726  -40.794  -82.235  12.465 0.0000000000
9290  -41.846  -81.442  12.948 0.0000000000
11513  -38.998  -77.252  14.869 0.0000000000
10932  -39.225  -78.267  13.089 0.0000000000
12145  -39.168  -76.171  13.313 0.0000000000
12862  -39.736  -75.773  11.576 0.0000000000
12863  -40.358  -75.380  12.078 0.0000000000
11502  -43.396  -76.533  17.346 0.0000000000
12114  -41.832  -76.460  16.642 0.0000000000
12126  -43.339  -76.659  15.342 0.0000000000
12899  -44.755  -74.943  10.897 0.0000000000
12177  -44.127  -75.974  11.608 0.0000000000
12913  -44.994  -74.872  9.915 0.0000000000
12911  -43.226  -75.091  9.209 0.0000000000
8121  -36.934  -84.178  9.757 0.0000000000
8131  -37.642  -84.521  8.853 0.0000000000
104829  -37.419  -84.302  7.755 0.0000000000
121892  -37.649  -84.971  4.616 0.0000000000
13566  -34.688  -73.927  8.040 0.0000000000
12204  -34.232  -76.577  6.835 0.0000000000
123301  -36.113  -78.287  5.154 0.0000000000
11554  -38.825  -77.674  10.658 0.0000000000
10968  -37.393  -78.980  10.944 0.0000000000
12200  -37.811  -77.157  10.770 0.0000000000
12192  -36.712  -77.306  11.243 0.0000000000
12185  -36.588  -77.166  11.345 0.0000000000
9833  -41.335  -80.753  14.354 0.0000000000
10921  -39.650  -78.707  15.979 0.0000000000
12122  -39.486  -76.531  15.357 0.0000000000
12138  -45.114  -76.695  14.640 0.0000000000
12149  -44.513  -76.690  13.788 0.0000000000
12847  -45.629  -75.911  13.176 0.0000000000
125126  -44.722  -74.545  12.257 0.0000000000
14235  -43.616  -72.703  12.181 0.0000000000
8128  -34.601  -83.536  8.132 0.0000000000
8141  -36.565  -83.974  7.079 0.0000000000
8149  -35.671  -83.896  6.597 0.0000000000
124097  -35.353  -83.933  5.234 0.0000000000
8191  -35.782  -84.371  3.797 0.0000000000
7549  -35.416  -84.272  2.952 0.0000000000
117309  -34.822  -83.397  2.147 0.0000000000
9397  -35.310  -81.919  1.643 0.0000000000
8110  -38.931  -84.074  11.856 0.0000000000
7502  -38.601  -84.739  10.385 0.0000000000
8097  -36.214  -83.563  11.587 0.0000000000
8747  -35.227  -83.401  11.082 0.0000000000
9871  -36.077  -79.980  10.840 0.0000000000
9294  -34.957  -81.677  11.915 0.0000000000
117889  -34.530  -83.220  10.558 0.0000000000
8750  -33.604  -82.612  9.513 0.0000000000
9312  -32.689  -81.354  9.498 0.0000000000
9891  -32.505  -80.568  8.242 0.0000000000
8738  -40.072  -82.635  12.455 0.0000000000
116592  -40.381  -80.938  11.869 0.0000000000
10418  -39.679  -79.620  11.535 0.0000000000
10398  -40.442  -79.897  12.596 0.0000000000
112714  -39.603  -79.069  11.567 0.0000000000
105408  -39.053  -78.333  10.841 0.0000000000
12187  -39.121  -76.564  10.436 0.0000000000
119378  -39.698  -75.553  9.871 0.0000000000
12909  -40.834  -74.905  9.654 0.0000000000
11500  -41.321  -77.056  17.221 0.0000000000
12124  -41.246  -76.195  15.869 0.0000000000
12134  -41.415  -75.516  14.519 0.0000000000
12148  -43.893  -76.476  13.279 0.0000000000
118197  -42.484  -75.518  13.192 0.0000000000
111493  -40.945  -75.221  12.869 0.0000000000
111683  -41.858  -75.093  10.570 0.0000000000
12910  -42.162  -74.838  9.390 0.0000000000
6935  -38.455  -84.920  9.023 0.0000000000
123245  -38.101  -85.329  7.364 0.0000000000
7534  -38.044  -84.775  6.277 0.0000000000
121538  -37.919  -85.719  5.442 0.0000000000
11543  -32.965  -77.789  11.115 0.0000000000
10966  -32.375  -78.838  9.631 0.0000000000
109276  -32.603  -78.943  7.832 0.0000000000
10978  -33.176  -78.196  7.488 0.0000000000
9910  -33.665  -80.221  6.191 0.0000000000
121724  -34.308  -80.439  4.747 0.0000000000
9935  -35.040  -80.715  3.330 0.0000000000
14229  -40.306  -74.197  10.018 0.0000000000
13534  -39.514  -74.530  9.947 0.0000000000
6923  -38.725  -85.178  10.140 0.0000000000
6937  -39.057  -85.028  10.101 0.0000000000
9331  -33.017  -81.507  7.196 0.0000000000
8784  -33.439  -82.421  5.942 0.0000000000
9337  -33.226  -81.655  6.296 0.0000000000
9344  -33.372  -81.753  5.399 0.0000000000
9915  -33.428  -80.962  5.780 0.0000000000
9873  -38.766  -79.975  11.151 0.0000000000
106494  -38.075  -79.999  10.924 0.0000000000
9882  -38.163  -79.921  11.021 0.0000000000
123713  -35.979  -77.967  11.334 0.0000000000
10960  -35.827  -78.625  11.536 0.0000000000
123917  -34.828  -78.783  11.390 0.0000000000
10959  -34.025  -79.180  11.338 0.0000000000
8070  -40.277  -82.411  14.665 0.0000000000
8071  -40.820  -82.109  13.988 0.0000000000
8727  -41.654  -81.765  12.868 0.0000000000
8719  -41.891  -81.829  13.416 0.0000000000
12132  -39.214  -76.166  14.391 0.0000000000
11519  -38.878  -77.221  13.671 0.0000000000
12843  -39.648  -75.670  12.790 0.0000000000
12844  -40.209  -75.380  13.291 0.0000000000
12116  -44.648  -76.606  16.040 0.0000000000
11508  -44.231  -76.668  16.390 0.0000000000
11503  -43.831  -76.467  17.523 0.0000000000
12115  -43.281  -76.564  16.394 0.0000000000
11514  -44.236  -76.953  15.411 0.0000000000
12914  -44.731  -74.114  10.993 0.0000000000
13555  -44.489  -74.601  9.335 0.0000000000
14246  -43.735  -73.731  9.907 0.0000000000
8120  -35.873  -83.941  9.753 0.0000000000
8130  -36.468  -83.985  8.751 0.0000000000
12213  -35.024  -76.701  6.285 0.0000000000
11577  -36.175  -77.651  5.353 0.0000000000
12195  -38.820  -76.671  10.458 0.0000000000
114599  -38.471  -77.108  10.592 0.0000000000
12194  -38.269  -76.493  10.513 0.0000000000
12193  -37.494  -76.621  10.905 0.0000000000
12186  -37.491  -76.562  11.115 0.0000000000
12891  -37.139  -76.301  11.416 0.0000000000
10914  -39.334  -77.263  15.621 0.0000000000
11507  -39.927  -76.832  16.061 0.0000000000
12831  -45.455  -76.196  14.437 0.0000000000
108943  -45.681  -76.034  13.826 0.0000000000
122895  -45.335  -76.388  14.159 0.0000000000
12848  -46.029  -75.365  13.663 0.0000000000
12901  -44.461  -73.743  12.452 0.0000000000
6394  -37.560  -85.695  7.106 0.0000000000
8139  -34.142  -83.249  7.195 0.0000000000
8159  -34.580  -83.615  5.419 0.0000000000
124811  -35.273  -84.127  4.171 0.0000000000
8816  -34.151  -82.530  3.436 0.0000000000
8189  -34.325  -83.301  3.249 0.0000000000
8207  -34.520  -82.830  2.582 0.0000000000
8825  -35.022  -82.710  1.750 0.0000000000
9385  -34.469  -82.030  2.779 0.0000000000
8099  -38.389  -83.364  12.194 0.0000000000
8734  -35.447  -82.689  11.894 0.0000000000
10417  -36.867  -80.002  10.401 0.0000000000
9856  -35.222  -80.568  11.876 0.0000000000
8733  -34.499  -82.486  11.196 0.0000000000
9305  -33.820  -81.947  10.748 0.0000000000
8746  -33.922  -82.663  10.325 0.0000000000
9881  -32.810  -81.190  10.221 0.0000000000
9880  -32.519  -80.569  9.768 0.0000000000
9321  -32.673  -81.370  8.634 0.0000000000
9890  -32.377  -80.257  8.964 0.0000000000
115610  -40.960  -81.692  12.239 0.0000000000
114737  -40.347  -81.861  12.063 0.0000000000
9861  -40.083  -80.174  11.663 0.0000000000
10376  -40.771  -79.948  14.550 0.0000000000
107574  -41.151  -80.482  13.740 0.0000000000
10387  -40.526  -79.901  13.602 0.0000000000
118277  -39.145  -77.621  12.669 0.0000000000
109513  -39.856  -79.066  12.290 0.0000000000
115276  -39.390  -78.316  11.985 0.0000000000
10953  -39.278  -78.326  11.181 0.0000000000
11539  -39.199  -77.389  10.811 0.0000000000
12881  -40.172  -75.562  10.824 0.0000000000
12894  -39.599  -75.850  10.314 0.0000000000
12908  -39.768  -75.249  9.654 0.0000000000
12125  -42.327  -76.332  15.724 0.0000000000
109244  -41.661  -76.047  15.166 0.0000000000
104913  -40.787  -75.978  15.068 0.0000000000
12160  -44.644  -76.445  12.876 0.0000000000
12884  -43.687  -75.344  10.901 0.0000000000
12866  -43.401  -75.825  11.826 0.0000000000
12865  -42.489  -75.370  12.397 0.0000000000
12846  -41.766  -75.213  13.048 0.0000000000
12864  -41.512  -75.149  11.936 0.0000000000
13567  -43.277  -74.264  9.116 0.0000000000
114464  -43.001  -74.835  8.946 0.0000000000
13553  -42.509  -74.473  9.353 0.0000000000
13552  -41.513  -74.653  9.728 0.0000000000
7510  -38.868  -84.943  9.611 0.0000000000
8122  -38.103  -84.614  9.704 0.0000000000
107573  -38.172  -84.826  8.115 0.0000000000
6955  -38.122  -85.349  6.894 0.0000000000
6965  -38.092  -85.604  6.301 0.0000000000
8150  -36.534  -83.977  6.329 0.0000000000
8151  -37.212  -84.555  5.969 0.0000000000
6977  -37.650  -85.542  4.840 0.0000000000
6972  -38.013  -85.167  5.391 0.0000000000
11538  -33.388  -77.016  11.530 0.0000000000
116574  -32.301  -78.212  9.193 0.0000000000
117292  -32.324  -78.886  8.736 0.0000000000
10973  -32.543  -78.181  8.281 0.0000000000
11565  -34.467  -77.410  6.497 0.0000000000
11561  -33.724  -77.398  7.170 0.0000000000
10979  -33.948  -78.200  6.803 0.0000000000
10436  -33.346  -79.077  7.026 0.0000000000
125140  -33.776  -79.562  6.462 0.0000000000
9916  -34.035  -80.360  5.461 0.0000000000
10455  -34.450  -79.600  5.891 0.0000000000
9926  -35.083  -80.087  4.208 0.0000000000
9936  -36.058  -80.134  3.534 0.0000000000
12907  -38.870  -75.495  9.863 0.0000000000
13541  -38.757  -75.045  9.831 0.0000000000
13540  -38.209  -75.261  10.469 0.0000000000
124432  -46.319  -74.767  13.558 0.0000000000
6381  -37.580  -85.270  8.714 0.0000000000
8769  -33.079  -81.990  8.062 0.0000000000
8785  -33.835  -83.098  5.643 0.0000000000
107533  -33.965  -83.200  4.813 0.0000000000
8172  -34.143  -83.296  3.976 0.0000000000
123675  -33.945  -81.903  3.917 0.0000000000
9297  -38.422  -81.353  12.241 0.0000000000
116727  -37.898  -80.489  11.822 0.0000000000
9858  -37.070  -80.048  11.002 0.0000000000
10416  -36.190  -79.988  10.932 0.0000000000
10422  -36.258  -79.209  11.354 0.0000000000
10415  -35.301  -79.394  11.402 0.0000000000
119194  -33.376  -81.263  10.741 0.0000000000
9869  -33.729  -80.517  11.102 0.0000000000
10413  -33.235  -79.740  10.925 0.0000000000
10958  -33.035  -78.783  10.962 0.0000000000
119459  -41.254  -81.826  12.557 0.0000000000
122733  -41.285  -81.012  12.499 0.0000000000
10926  -39.107  -78.406  14.358 0.0000000000
10933  -39.794  -79.144  13.396 0.0000000000
11526  -39.125  -76.874  12.615 0.0000000000
118641  -39.300  -76.845  11.620 0.0000000000
12157  -39.357  -76.161  12.233 0.0000000000
11501  -42.380  -76.718  17.480 0.0000000000
12886  -44.702  -75.155  11.748 0.0000000000
12178  -44.729  -76.132  11.941 0.0000000000
12885  -44.393  -75.462  11.394 0.0000000000
12898  -44.420  -75.120  10.265 0.0000000000
109354  -43.748  -75.195  9.858 0.0000000000
12897  -42.889  -75.254  10.160 0.0000000000
12912  -44.260  -75.032  9.376 0.0000000000
13554  -43.826  -74.860  8.941 0.0000000000
14232  -43.433  -73.831  9.760 0.0000000000
8162  -37.066  -84.660  5.077 0.0000000000
12925  -35.012  -75.224  7.077 0.0000000000
12924  -33.988  -75.620  7.231 0.0000000000
10982  -34.697  -78.202  6.167 0.0000000000
10445  -34.849  -78.877  5.910 0.0000000000
103410  -36.025  -78.783  5.011 0.0000000000
10471  -36.076  -78.879  4.583 0.0000000000
10970  -38.760  -78.750  11.064 0.0000000000
10425  -38.243  -79.423  11.002 0.0000000000
10969  -38.082  -78.692  10.898 0.0000000000
10974  -37.466  -78.054  10.959 0.0000000000
114404  -36.452  -78.276  11.096 0.0000000000
11551  -36.067  -77.590  10.203 0.0000000000
11545  -36.269  -77.622  10.499 0.0000000000
12184  -35.770  -77.252  11.731 0.0000000000
8710  -41.713  -81.677  14.076 0.0000000000
107669  -40.050  -79.537  15.593 0.0000000000
10367  -39.372  -78.930  15.219 0.0000000000
10920  -39.178  -78.114  15.414 0.0000000000
12133  -39.950  -76.076  14.978 0.0000000000
12128  -45.122  -76.630  15.227 0.0000000000
12137  -44.731  -76.888  14.602 0.0000000000
12150  -45.155  -76.437  13.717 0.0000000000
12161  -45.137  -76.133  12.560 0.0000000000
12868  -45.724  -75.074  13.160 0.0000000000
12867  -45.169  -75.443  12.469 0.0000000000
12900  -44.501  -74.255  11.824 0.0000000000
13542  -43.904  -73.399  12.053 0.0000000000
13557  -44.196  -73.305  11.290 0.0000000000
8129  -35.483  -83.924  8.235 0.0000000000
8140  -35.273  -83.881  7.347 0.0000000000
7544  -36.852  -84.714  4.128 0.0000000000
8208  -34.685  -83.712  2.763 0.0000000000
8223  -35.130  -83.549  1.562 0.0000000000
115826  -35.253  -83.034  1.120 0.0000000000
8109  -38.309  -84.280  11.388 0.0000000000
8098  -37.374  -83.483  11.905 0.0000000000
8107  -36.038  -83.875  10.631 0.0000000000
8106  -35.074  -83.710  10.227 0.0000000000
113882  -34.284  -83.311  9.826 0.0000000000
8751  -34.134  -83.049  8.884 0.0000000000
8757  -33.445  -82.502  8.706 0.0000000000
9304  -33.212  -81.919  10.066 0.0000000000
112635  -33.087  -81.965  9.083 0.0000000000
107179  -32.728  -81.249  7.888 0.0000000000
9899  -32.838  -80.668  7.376 0.0000000000
7496  -39.281  -84.307  12.041 0.0000000000
8100  -38.962  -83.247  12.415 0.0000000000
116484  -39.440  -82.129  12.301 0.0000000000
8739  -40.645  -82.278  12.321 0.0000000000
9298  -39.600  -81.136  11.880 0.0000000000
9874  -39.322  -79.751  11.311 0.0000000000
10961  -39.069  -79.267  11.236 0.0000000000
9840  -41.832  -81.009  13.379 0.0000000000
10388  -41.089  -80.611  12.955 0.0000000000
9862  -40.841  -80.648  12.275 0.0000000000
112584  -40.202  -79.797  11.859 0.0000000000
123455  -39.218  -78.902  11.337 0.0000000000
11546  -38.994  -77.338  10.550 0.0000000000
12176  -39.397  -76.419  11.006 0.0000000000
110260  -39.181  -75.832  10.120 0.0000000000
13551  -40.294  -74.769  9.634 0.0000000000
11499  -40.392  -77.285  16.672 0.0000000000
12123  -40.317  -76.253  15.700 0.0000000000
12830  -40.193  -75.496  14.305 0.0000000000
12136  -43.855  -76.756  14.406 0.0000000000
12147  -43.005  -76.120  13.697 0.0000000000
12159  -44.035  -76.258  12.315 0.0000000000
12158  -43.203  -76.069  12.723 0.0000000000
12146  -42.096  -75.386  13.878 0.0000000000
12845  -41.083  -75.253  13.697 0.0000000000
12882  -40.850  -75.237  10.777 0.0000000000
111093  -42.294  -75.100  9.625 0.0000000000
12896  -41.335  -75.079  9.774 0.0000000000
14230  -41.065  -74.214  10.134 0.0000000000
6946  -38.359  -85.015  8.392 0.0000000000
113799  -37.997  -85.295  7.818 0.0000000000
124971  -36.245  -84.083  7.826 0.0000000000
118624  -37.471  -84.347  6.779 0.0000000000
7538  -37.879  -84.894  5.537 0.0000000000
7539  -38.199  -85.007  5.888 0.0000000000
7535  -38.234  -85.099  6.375 0.0000000000
13533  -38.715  -74.692  10.638 0.0000000000
12890  -36.112  -76.505  11.906 0.0000000000
12183  -34.528  -77.125  11.885 0.0000000000
11544  -34.153  -77.767  11.619 0.0000000000
10957  -32.587  -79.211  10.374 0.0000000000
12182  -32.630  -76.799  10.921 0.0000000000
121301  -32.427  -78.270  10.263 0.0000000000
10429  -32.403  -79.624  9.452 0.0000000000
10430  -32.406  -79.666  8.408 0.0000000000
10435  -32.761  -79.811  7.573 0.0000000000
12203  -33.448  -76.579  7.545 0.0000000000
11558  -33.043  -77.437  7.950 0.0000000000
10443  -33.242  -80.021  6.866 0.0000000000
9345  -33.722  -81.054  4.972 0.0000000000
9925  -34.183  -81.010  4.092 0.0000000000
9371  -34.366  -81.534  3.310 0.0000000000
9372  -35.007  -81.334  2.665 0.0000000000
6954  -38.246  -85.061  7.625 0.0000000000
6973  -38.135  -85.427  5.886 0.0000000000
7550  -36.512  -84.652  3.244 0.0000000000
8718  -41.452  -82.037  13.328 0.0000000000
9284  -41.943  -81.466  13.558 0.0000000000
9289  -41.433  -81.356  12.620 0.0000000000
9386  -34.899  -81.996  2.194 0.0000000000
9834  -41.767  -81.267  14.150 0.0000000000
9847  -41.530  -81.108  12.669 0.0000000000
9860  -39.590  -80.270  11.516 0.0000000000
9883  -38.815  -79.672  11.180 0.0000000000
10409  -40.340  -80.216  11.868 0.0000000000
10424  -37.496  -79.905  10.359 0.0000000000
10456  -35.101  -79.059  5.225 0.0000000000
11552  -36.823  -77.371  11.099 0.0000000000
11553  -38.273  -77.920  10.723 0.0000000000
12113  -40.783  -76.517  16.464 0.0000000000
12893  -38.378  -75.480  10.143 0.0000000000
13568  -43.911  -74.217  9.363 0.0000000000
13569  -44.079  -74.049  9.677 0.0000000000
108475  -35.039  -78.253  11.497 0.0000000000
108571  -32.337  -77.305  10.298 0.0000000000
119916  -39.678  -77.737  16.125 0.0000000000
120145  -32.422  -80.851  9.028 0.0000000000
