#!ascii label  , from subject Paciente_3 vox2ras=TkReg
1608
5303  -35.236  -87.845  -0.113 0.1000000015
5320  -35.342  -87.978  -0.942 0.1000000015
5301  -32.769  -87.793  -0.726 0.1000000015
5319  -34.532  -88.203  -1.282 0.1000000015
5333  -34.310  -88.543  -2.247 0.1000000015
5335  -35.605  -88.041  -2.432 0.1000000015
4708  -33.928  -88.850  -2.959 0.1000000015
5350  -35.207  -88.046  -3.152 0.1000000015
5927  -34.682  -87.848  -3.448 0.1000000015
5943  -33.976  -88.103  -3.610 0.1000000015
5926  -33.870  -87.416  -3.322 0.1000000015
121772  -34.776  -87.166  -3.308 0.1000000015
6485  -34.128  -86.216  -2.970 0.1000000015
5925  -32.733  -87.178  -3.276 0.1000000015
7660  -34.254  -83.710  -4.826 0.1000000015
6484  -33.123  -86.392  -3.027 0.1000000015
116262  -33.083  -85.110  -3.774 0.1000000015
124939  -33.324  -85.678  -3.043 0.1000000015
5876  -37.181  -86.884  0.149 0.1000000015
5304  -35.809  -87.471  -0.351 0.1000000015
115504  -37.055  -87.209  0.156 0.1000000015
5888  -37.043  -87.035  -0.585 0.1000000015
5900  -36.247  -86.899  -1.158 0.1000000015
108853  -35.744  -87.849  -1.628 0.1000000015
5901  -36.471  -86.487  -1.025 0.1000000015
5929  -36.094  -86.936  -2.990 0.1000000015
5928  -35.417  -87.264  -3.200 0.1000000015
6486  -35.258  -86.437  -3.174 0.1000000015
10023  -36.442  -81.392  -2.231 0.1000000015
9448  -36.117  -81.728  -4.033 0.1000000015
8896  -35.987  -81.918  -4.870 0.1000000015
8897  -36.205  -82.237  -4.624 0.1000000015
120355  -35.844  -82.689  -5.000 0.1000000015
7661  -35.538  -83.097  -5.011 0.1000000015
104783  -35.127  -83.660  -4.455 0.1000000015
7109  -35.550  -84.438  -3.386 0.1000000015
7108  -34.496  -84.310  -3.697 0.1000000015
7091  -33.848  -85.095  -3.200 0.1000000015
6437  -37.030  -86.110  1.935 0.1000000015
7577  -36.753  -84.904  0.974 0.2000000030
6445  -37.159  -86.444  1.070 0.1000000015
7594  -35.985  -84.279  0.644 0.1000000015
7595  -36.468  -84.819  0.029 0.1000000015
123677  -37.159  -86.373  0.370 0.1000000015
7042  -37.010  -85.399  -0.528 0.1000000015
106774  -37.075  -86.177  -0.152 0.1000000015
110078  -36.658  -75.531  3.797 0.1000000015
115206  -36.550  -76.234  3.054 0.1000000015
7061  -37.030  -85.750  -1.098 0.1000000015
6470  -36.602  -86.167  -1.383 0.1000000015
6469  -36.347  -86.436  -1.584 0.1000000015
12287  -37.327  -77.001  1.944 0.1000000015
11063  -37.806  -78.672  0.512 0.1000000015
10534  -37.986  -79.893  -0.487 0.1000000015
7076  -37.104  -85.496  -2.029 0.1000000015
7075  -36.798  -85.643  -2.637 0.1000000015
6487  -35.945  -86.442  -3.154 0.1000000015
11657  -37.409  -77.976  0.981 0.1000000015
11062  -36.959  -78.415  0.331 0.1000000015
11076  -37.635  -79.099  -0.241 0.1000000015
10550  -37.932  -79.756  -0.933 0.1000000015
10564  -37.716  -80.350  -1.298 0.1000000015
9442  -38.171  -80.854  -1.771 0.1000000015
122017  -37.107  -82.408  -2.183 0.1000000015
7094  -36.343  -85.688  -3.024 0.1000000015
7093  -35.778  -85.603  -3.108 0.1000000015
10533  -37.127  -79.354  -0.741 0.1000000015
10013  -36.936  -80.798  -1.621 0.1000000015
10024  -36.786  -81.155  -1.982 0.1000000015
9450  -36.942  -81.821  -1.856 0.1000000015
110402  -37.131  -83.065  -3.590 0.1000000015
124785  -35.798  -83.614  -4.059 0.1000000015
10031  -36.395  -81.774  -2.722 0.1000000015
9454  -36.353  -81.941  -3.769 0.1000000015
9455  -36.753  -82.289  -2.706 0.1000000015
107157  -36.500  -82.848  -4.138 0.1000000015
7092  -34.848  -85.365  -3.026 0.1000000015
7575  -35.553  -84.185  1.435 0.1000000015
7576  -36.262  -84.598  1.376 0.2000000030
7564  -36.874  -84.905  1.901 0.1000000015
114669  -36.958  -84.891  2.811 0.2000000030
7551  -37.223  -84.941  3.662 0.2000000030
7611  -36.172  -84.170  -0.130 0.1000000015
13618  -35.775  -73.863  4.542 0.1000000015
13633  -36.152  -74.752  4.423 0.1000000015
7612  -36.707  -84.462  -0.887 0.1000000015
116295  -37.088  -85.063  -1.315 0.1000000015
107592  -37.277  -84.287  -1.884 0.1000000015
109501  -37.343  -76.686  2.581 0.1000000015
11646  -37.670  -77.605  1.595 0.1000000015
11647  -38.110  -77.807  1.811 0.1000000015
7627  -37.166  -85.089  -1.826 0.1000000015
11659  -37.896  -78.039  1.027 0.1000000015
11077  -37.875  -79.048  -0.099 0.1000000015
10551  -37.930  -80.022  -1.072 0.1000000015
9435  -37.247  -81.256  -1.715 0.1000000015
117145  -37.281  -82.686  -2.231 0.1000000015
7650  -37.282  -84.220  -3.308 0.1000000015
7095  -37.216  -84.811  -2.790 0.1000000015
7662  -36.548  -84.195  -3.620 0.1000000015
7110  -36.240  -84.979  -3.151 0.1000000015
8207  -34.520  -82.830  2.582 0.1000000015
8189  -34.325  -83.301  3.249 0.1000000015
8825  -35.022  -82.710  1.750 0.1000000015
117309  -34.822  -83.397  2.147 0.1000000015
8208  -34.685  -83.712  2.763 0.1000000015
7549  -35.416  -84.272  2.952 0.2000000030
7562  -35.153  -84.056  2.155 0.2000000030
8191  -35.782  -84.371  3.797 0.2000000030
7544  -36.852  -84.714  4.128 0.2000000030
8239  -35.450  -83.644  0.879 0.1000000015
115826  -35.253  -83.034  1.120 0.1000000015
8846  -35.618  -82.860  0.521 0.1000000015
8257  -36.333  -83.542  -0.642 0.1000000015
13619  -37.031  -74.092  4.712 0.1000000015
12980  -38.057  -75.704  3.754 0.1000000015
13000  -38.303  -76.408  3.405 0.1000000015
12275  -38.794  -76.487  3.647 0.1000000015
8240  -35.949  -83.554  0.217 0.1000000015
8258  -36.978  -83.534  -1.533 0.1000000015
14274  -35.229  -72.835  4.440 0.1000000015
14275  -36.483  -73.067  4.739 0.1000000015
12999  -37.551  -76.187  3.163 0.1000000015
11648  -38.200  -77.875  2.001 0.1000000015
115329  -37.999  -78.222  1.644 0.1000000015
10521  -38.213  -79.641  0.330 0.1000000015
9986  -38.458  -80.188  0.125 0.1000000015
8859  -37.277  -82.053  -0.885 0.1000000015
8273  -37.507  -83.449  -2.176 0.1000000015
123339  -35.135  -72.160  4.366 0.1000000015
10535  -38.173  -79.933  -0.293 0.1000000015
9999  -37.999  -80.269  -0.585 0.1000000015
8870  -37.075  -82.242  -1.671 0.1000000015
8879  -37.438  -82.897  -2.302 0.1000000015
105507  -37.687  -83.719  -2.566 0.1000000015
14983  -34.672  -72.191  4.140 0.1000000015
14994  -35.566  -71.307  2.875 0.1000000015
15005  -35.055  -71.816  2.165 0.1000000015
15686  -36.526  -71.144  2.543 0.1000000015
9935  -35.040  -80.715  3.330 0.1000000015
9385  -34.469  -82.030  2.779 0.1000000015
9936  -36.058  -80.134  3.534 0.1000000015
9949  -36.024  -80.658  2.530 0.1000000015
8816  -34.151  -82.530  3.436 0.1000000015
8190  -34.804  -83.912  3.631 0.2000000030
9387  -35.531  -81.401  2.051 0.1000000015
9397  -35.310  -81.919  1.643 0.1000000015
124811  -35.273  -84.127  4.171 0.2000000030
9937  -36.773  -79.945  2.921 0.1000000015
111351  -36.115  -81.154  1.979 0.1000000015
15670  -37.150  -71.290  4.710 0.1000000015
14974  -37.177  -72.168  4.870 0.1000000015
14276  -37.955  -73.266  4.809 0.1000000015
13620  -38.303  -74.467  4.699 0.1000000015
13635  -38.769  -75.208  4.028 0.1000000015
10479  -36.732  -79.179  3.453 0.1000000015
9950  -36.994  -79.867  2.002 0.1000000015
9398  -36.038  -81.491  1.388 0.1000000015
8835  -36.293  -81.937  0.432 0.1000000015
104204  -38.569  -76.733  3.544 0.1000000015
103246  -38.216  -77.933  2.204 0.1000000015
9985  -38.004  -80.482  0.399 0.1000000015
9399  -37.038  -81.037  0.872 0.1000000015
8847  -36.251  -82.750  -0.152 0.1000000015
15679  -37.045  -70.883  3.959 0.1000000015
12274  -38.422  -76.923  3.068 0.1000000015
12290  -38.329  -77.252  2.849 0.1000000015
11039  -38.164  -78.143  2.304 0.1000000015
10503  -37.994  -79.384  1.194 0.1000000015
9970  -38.151  -79.942  0.905 0.1000000015
9421  -37.517  -81.442  -0.751 0.1000000015
8848  -36.903  -82.016  -0.291 0.1000000015
15669  -36.511  -71.515  4.336 0.1000000015
14972  -35.383  -71.641  4.009 0.1000000015
15678  -36.417  -71.220  3.480 0.1000000015
15697  -36.928  -71.042  1.863 0.1000000015
15007  -36.682  -71.224  0.882 0.1000000015
9371  -34.366  -81.534  3.310 0.1000000015
9927  -36.028  -79.441  4.174 0.1000000015
9926  -35.083  -80.087  4.208 0.1000000015
8802  -33.794  -82.569  4.298 0.1000000015
105678  -36.422  -78.625  4.233 0.1000000015
10457  -36.548  -78.519  4.824 0.1000000015
123675  -33.945  -81.903  3.917 0.1000000015
8172  -34.143  -83.296  3.976 0.1000000015
11013  -37.443  -77.592  4.189 0.1000000015
10472  -36.892  -78.166  3.678 0.1000000015
8173  -34.776  -83.811  4.565 0.2000000030
10473  -37.786  -77.972  3.149 0.1000000015
10489  -37.414  -79.191  2.498 0.1000000015
107533  -33.965  -83.200  4.813 0.1000000015
8159  -34.580  -83.615  5.419 0.2000000030
108191  -37.681  -71.707  5.097 0.1000000015
12981  -39.005  -75.903  3.759 0.1000000015
12256  -39.380  -76.300  3.908 0.1000000015
110536  -38.404  -77.026  3.417 0.1000000015
10480  -38.090  -78.290  2.369 0.1000000015
10490  -37.897  -79.004  2.135 0.1000000015
15680  -37.686  -70.446  3.412 0.1000000015
15687  -37.298  -70.918  2.867 0.1000000015
15688  -37.886  -70.381  2.646 0.1000000015
16425  -38.194  -70.070  2.374 0.1000000015
15698  -37.495  -70.680  2.028 0.1000000015
15708  -36.968  -70.832  0.979 0.1000000015
10995  -36.877  -78.373  5.035 0.1000000015
123301  -36.113  -78.287  5.154 0.1000000015
103410  -36.025  -78.783  5.011 0.1000000015
11578  -37.295  -77.508  5.150 0.1000000015
10471  -36.076  -78.879  4.583 0.1000000015
10470  -35.517  -79.322  4.695 0.1000000015
9925  -34.183  -81.010  4.092 0.1000000015
10996  -37.643  -77.831  4.947 0.1000000015
9917  -34.833  -79.857  5.123 0.1000000015
9358  -33.572  -81.811  4.572 0.1000000015
11595  -38.872  -77.005  4.607 0.1000000015
9345  -33.722  -81.054  4.972 0.1000000015
15671  -37.143  -70.752  4.466 0.1000000015
14975  -38.265  -72.666  5.042 0.1000000015
14277  -38.748  -73.888  4.903 0.1000000015
108647  -39.328  -75.366  4.526 0.1000000015
12964  -39.690  -75.948  4.235 0.1000000015
12241  -39.453  -76.516  4.400 0.1000000015
10997  -38.136  -77.319  4.657 0.1000000015
8801  -33.494  -82.523  5.073 0.1000000015
116707  -39.008  -74.940  4.447 0.1000000015
12982  -39.472  -76.069  3.897 0.1000000015
11014  -38.073  -77.089  3.831 0.1000000015
8785  -33.835  -83.098  5.643 0.1000000015
16416  -37.760  -70.217  3.742 0.1000000015
17167  -38.097  -69.850  3.372 0.1000000015
16424  -38.124  -70.129  3.021 0.1000000015
17177  -38.318  -69.862  2.713 0.1000000015
17938  -38.631  -69.078  1.460 0.1000000015
17178  -38.319  -69.639  2.131 0.1000000015
112522  -39.014  -68.900  0.946 0.1000000015
12226  -36.661  -76.941  5.463 0.1000000015
11577  -36.175  -77.651  5.353 0.1000000015
12227  -37.565  -76.501  5.348 0.1000000015
10983  -35.414  -78.296  5.475 0.1000000015
12950  -38.160  -75.636  5.481 0.1000000015
10445  -34.849  -78.877  5.910 0.1000000015
121724  -34.308  -80.439  4.747 0.1000000015
11580  -39.228  -76.736  4.904 0.1000000015
12228  -38.896  -76.362  5.185 0.1000000015
10455  -34.450  -79.600  5.891 0.1000000015
17153  -37.728  -69.882  4.098 0.1000000015
12952  -39.536  -75.581  4.711 0.1000000015
12229  -39.587  -76.145  4.820 0.1000000015
12951  -39.161  -75.438  5.187 0.1000000015
9916  -34.035  -80.360  5.461 0.1000000015
9344  -33.372  -81.753  5.399 0.1000000015
17916  -38.029  -69.326  3.819 0.1000000015
16407  -37.156  -70.558  4.583 0.1000000015
15663  -37.493  -71.424  5.290 0.1000000015
14265  -38.623  -73.158  5.368 0.1000000015
13621  -39.065  -74.691  4.805 0.1000000015
9915  -33.428  -80.962  5.780 0.1000000015
109282  -38.179  -68.555  2.558 0.1000000015
105351  -38.191  -69.378  3.041 0.1000000015
18673  -38.211  -67.457  2.086 0.1000000015
17937  -38.353  -69.340  2.221 0.1000000015
17948  -38.561  -68.515  1.570 0.1000000015
17949  -39.372  -68.470  0.685 0.1000000015
18679  -39.018  -67.675  0.913 0.1000000015
13593  -37.911  -74.232  6.176 0.1000000015
12938  -37.588  -75.087  6.090 0.1000000015
12216  -37.209  -75.746  5.736 0.1000000015
11567  -35.886  -76.866  5.876 0.1000000015
14257  -38.210  -73.412  6.236 0.1000000015
11566  -35.265  -77.514  5.951 0.1000000015
112537  -38.553  -72.633  5.832 0.1000000015
14258  -38.796  -73.428  5.715 0.1000000015
13594  -38.752  -74.124  5.834 0.1000000015
12939  -38.547  -74.829  5.724 0.1000000015
10982  -34.697  -78.202  6.167 0.1000000015
17152  -37.590  -69.447  4.411 0.1000000015
14966  -38.212  -72.139  5.547 0.1000000015
14266  -39.052  -74.019  5.141 0.1000000015
13604  -39.270  -74.849  4.986 0.1000000015
125140  -33.776  -79.562  6.462 0.1000000015
9337  -33.226  -81.655  6.296 0.1000000015
17929  -38.046  -68.591  3.454 0.1000000015
18663  -38.008  -67.814  3.055 0.1000000015
19430  -38.656  -66.612  1.270 0.1000000015
20163  -38.423  -65.620  1.679 0.1000000015
118647  -39.192  -64.971  1.440 0.1000000015
19431  -39.947  -66.991  0.467 0.1000000015
12215  -36.541  -76.262  5.808 0.1000000015
12214  -35.681  -76.104  6.240 0.1000000015
12213  -35.024  -76.701  6.285 0.1000000015
17143  -37.104  -70.263  4.778 0.1000000015
121748  -37.932  -71.509  5.850 0.1000000015
14252  -38.282  -72.670  6.241 0.1000000015
18662  -37.747  -67.800  3.750 0.1000000015
17915  -37.794  -68.634  4.178 0.1000000015
16401  -37.292  -71.024  5.525 0.1000000015
10444  -34.188  -78.923  6.380 0.1000000015
121121  -37.656  -66.846  3.195 0.1000000015
19420  -37.591  -65.960  2.904 0.1000000015
19421  -38.017  -66.289  2.264 0.1000000015
20162  -37.781  -65.395  2.438 0.1000000015
20915  -38.282  -64.740  2.103 0.1000000015
118066  -39.008  -63.995  1.893 0.1000000015
14251  -37.685  -72.679  6.646 0.1000000015
13592  -36.784  -74.521  6.423 0.1000000015
12937  -36.418  -75.430  6.223 0.1000000015
12926  -35.973  -75.012  7.028 0.1000000015
118855  -37.376  -67.167  3.999 0.1000000015
20914  -37.642  -64.599  2.799 0.1000000015
22613  -39.723  -62.483  1.846 0.1000000015
13581  -37.123  -73.527  6.613 0.1000000015
13580  -36.103  -74.078  6.926 0.1000000015
18646  -37.297  -67.856  4.375 0.1000000015
17902  -37.104  -68.810  4.821 0.1000000015
16400  -37.083  -70.704  5.622 0.1000000015
14959  -38.120  -71.946  6.203 0.1000000015
109365  -37.318  -65.999  3.461 0.1000000015
20153  -37.311  -65.309  3.157 0.1000000015
106689  -38.207  -63.944  2.512 0.1000000015
123811  -38.575  -63.536  2.320 0.1000000015
21750  -39.006  -63.147  2.151 0.1000000015
124404  -37.134  -70.822  6.187 0.1000000015
15650  -37.473  -71.614  6.598 0.1000000015
14951  -37.753  -72.094  6.609 0.1000000015
19386  -36.890  -67.013  4.538 0.1000000015
17142  -36.960  -69.912  5.001 0.1000000015
16393  -37.532  -71.254  6.191 0.1000000015
19402  -37.172  -66.428  4.015 0.1000000015
21749  -38.370  -63.183  2.763 0.1000000015
22604  -38.902  -62.492  2.575 0.1000000015
23378  -39.283  -61.244  3.307 0.1000000015
23393  -39.639  -61.699  2.358 0.1000000015
18627  -36.588  -67.766  4.979 0.1000000015
17895  -36.610  -69.303  5.507 0.1000000015
17135  -36.818  -70.214  5.786 0.1000000015
20140  -36.972  -65.482  4.036 0.1000000015
21748  -37.743  -63.738  3.304 0.1000000015
23392  -38.768  -61.975  3.210 0.1000000015
24169  -39.174  -60.887  4.058 0.1000000015
19401  -36.649  -66.130  4.695 0.1000000015
20901  -37.207  -64.580  3.602 0.1000000015
104659  -37.286  -63.852  4.145 0.1000000015
21735  -37.696  -63.108  3.981 0.1000000015
21736  -38.067  -62.993  3.406 0.1000000015
23377  -38.565  -61.486  4.056 0.1000000015
22576  -38.048  -61.945  4.458 0.1000000015
20889  -36.893  -64.556  4.452 0.1000000015
22591  -38.140  -62.353  3.811 0.1000000015
112175  -33.738  -87.759  -0.563 0.1000000015
5318  -33.628  -88.268  -1.520 0.1000000015
109481  -35.138  -88.289  -1.939 0.1000000015
5334  -34.815  -88.439  -2.753 0.1000000015
5336  -36.150  -87.287  -1.824 0.1000000015
5349  -34.208  -88.377  -3.299 0.1000000015
5915  -35.899  -87.507  -2.763 0.1000000015
5887  -36.584  -87.209  -0.529 0.1000000015
5916  -36.274  -86.897  -2.337 0.1000000015
6480  -36.593  -86.090  -1.921 0.1000000015
6479  -36.380  -86.295  -2.530 0.1000000015
8903  -35.579  -82.396  -5.408 0.1000000015
7001  -37.078  -85.559  1.496 0.1000000015
7019  -37.064  -85.667  0.456 0.1000000015
13634  -37.548  -74.930  4.255 0.1000000015
12273  -38.057  -76.804  2.777 0.1000000015
10549  -37.019  -79.871  -1.182 0.1000000015
10025  -37.602  -80.621  -1.620 0.1000000015
10032  -36.883  -81.122  -1.840 0.1000000015
10014  -37.789  -80.208  -1.024 0.1000000015
8880  -37.274  -81.943  -1.873 0.1000000015
8898  -36.697  -82.528  -3.603 0.1000000015
8887  -37.412  -82.830  -2.987 0.1000000015
7649  -36.821  -84.977  -3.152 0.1000000015
8295  -37.600  -83.501  -3.310 0.1000000015
8223  -35.130  -83.549  1.562 0.1000000015
7563  -36.147  -84.521  2.224 0.2000000030
108094  -37.343  -84.542  -2.418 0.1000000015
12289  -38.178  -77.264  2.338 0.1000000015
11065  -38.108  -78.961  1.066 0.1000000015
10015  -38.195  -79.818  -0.776 0.1000000015
9422  -37.703  -80.795  -0.885 0.1000000015
8834  -35.495  -82.289  1.094 0.1000000015
8858  -36.779  -82.577  -0.917 0.1000000015
14973  -35.938  -72.211  4.499 0.1000000015
11052  -37.973  -78.547  1.779 0.1000000015
10504  -37.979  -79.236  1.063 0.1000000015
10000  -38.389  -80.123  -0.085 0.1000000015
9410  -38.109  -81.128  -0.032 0.1000000015
8869  -37.276  -82.905  -1.855 0.1000000015
14982  -34.522  -72.582  3.446 0.1000000015
9372  -35.007  -81.334  2.665 0.1000000015
9968  -36.620  -80.714  1.668 0.1000000015
109630  -37.397  -78.631  3.036 0.1000000015
9951  -37.832  -79.397  1.498 0.1000000015
9969  -37.480  -80.068  1.130 0.1000000015
11613  -38.896  -76.754  4.049 0.1000000015
10491  -37.903  -79.022  2.135 0.1000000015
114615  -37.794  -78.568  2.571 0.1000000015
15689  -37.906  -70.144  1.681 0.1000000015
11579  -38.407  -77.166  5.041 0.1000000015
17187  -38.485  -69.314  1.459 0.1000000015
13603  -39.004  -74.674  5.420 0.1000000015
20174  -39.314  -65.910  0.912 0.1000000015
119077  -40.123  -64.286  1.054 0.1000000015
10920  -39.178  -78.114  15.414 0.5000000000
6899  -39.381  -84.455  12.900 0.5000000000
6888  -38.961  -83.948  13.910 0.5000000000
11513  -38.998  -77.252  14.869 0.5000000000
10926  -39.107  -78.406  14.358 0.5000000000
10375  -39.723  -79.411  14.527 0.5000000000
7476  -39.599  -83.778  13.292 0.5000000000
12830  -40.193  -75.496  14.305 0.5000000000
12133  -39.950  -76.076  14.978 0.5000000000
8089  -40.404  -82.777  12.861 0.5000000000
12132  -39.214  -76.166  14.391 0.5000000000
12829  -39.568  -75.656  13.672 0.5000000000
11519  -38.878  -77.221  13.671 0.5000000000
12145  -39.168  -76.171  13.313 0.4000000060
118277  -39.145  -77.621  12.669 0.4000000060
7496  -39.281  -84.307  12.041 0.5000000000
7503  -39.043  -84.841  11.025 0.5000000000
8110  -38.931  -84.074  11.856 0.5000000000
8099  -38.389  -83.364  12.194 0.5000000000
8735  -36.542  -82.466  12.313 0.5000000000
8736  -37.716  -82.276  12.494 0.5000000000
9295  -35.851  -81.424  12.292 0.4000000060
9856  -35.222  -80.568  11.876 0.4000000060
6853  -37.278  -84.524  16.053 0.1000000015
12122  -39.486  -76.531  15.357 0.5000000000
10914  -39.334  -77.263  15.621 0.5000000000
10367  -39.372  -78.930  15.219 0.5000000000
10376  -40.771  -79.948  14.550 0.4000000060
7477  -39.956  -83.048  13.494 0.5000000000
12134  -41.415  -75.516  14.519 0.5000000000
12146  -42.096  -75.386  13.878 0.5000000000
12158  -43.203  -76.069  12.723 0.5000000000
118197  -42.484  -75.518  13.192 0.5000000000
12845  -41.083  -75.253  13.697 0.5000000000
12866  -43.401  -75.825  11.826 0.4000000060
12846  -41.766  -75.213  13.048 0.3000000119
12844  -40.209  -75.380  13.291 0.5000000000
111493  -40.945  -75.221  12.869 0.3000000119
109513  -39.856  -79.066  12.290 0.6999999881
12865  -42.489  -75.370  12.397 0.3000000119
12883  -42.591  -75.233  11.345 0.3000000119
12843  -39.648  -75.670  12.790 0.4000000060
112714  -39.603  -79.069  11.567 0.6000000238
108489  -40.832  -80.835  12.205 0.6000000238
119459  -41.254  -81.826  12.557 0.6000000238
120111  -40.013  -83.200  12.961 0.5000000000
12864  -41.512  -75.149  11.936 0.3000000119
12863  -40.358  -75.380  12.078 0.3000000119
118641  -39.300  -76.845  11.620 0.4000000060
9861  -40.083  -80.174  11.663 0.6000000238
116592  -40.381  -80.938  11.869 0.6000000238
8738  -40.072  -82.635  12.455 0.5000000000
8100  -38.962  -83.247  12.415 0.5000000000
12881  -40.172  -75.562  10.824 0.4000000060
12862  -39.736  -75.773  11.576 0.4000000060
10953  -39.278  -78.326  11.181 0.5000000000
123455  -39.218  -78.902  11.337 0.5000000000
9298  -39.600  -81.136  11.880 0.5000000000
8737  -38.629  -82.451  12.431 0.5000000000
12895  -40.235  -75.385  9.870 0.4000000060
12894  -39.599  -75.850  10.314 0.4000000060
12187  -39.121  -76.564  10.436 0.5000000000
10961  -39.069  -79.267  11.236 0.5000000000
9873  -38.766  -79.975  11.151 0.4000000060
9297  -38.422  -81.353  12.241 0.5000000000
11546  -38.994  -77.338  10.550 0.5000000000
10426  -38.716  -79.495  11.150 0.5000000000
9882  -38.163  -79.921  11.021 0.4000000060
116727  -37.898  -80.489  11.822 0.4000000060
114599  -38.471  -77.108  10.592 0.5000000000
10968  -37.393  -78.980  10.944 0.4000000060
9858  -37.070  -80.048  11.002 0.4000000060
9857  -36.203  -80.437  12.007 0.4000000060
10974  -37.466  -78.054  10.959 0.3000000119
10423  -36.612  -79.306  10.889 0.3000000119
10416  -36.190  -79.988  10.932 0.3000000119
9870  -35.279  -79.927  11.433 0.3000000119
7433  -37.326  -84.722  17.031 0.1000000015
7446  -36.835  -84.675  16.719 0.1000000015
106414  -38.328  -84.546  17.081 0.1000000015
7447  -38.135  -84.836  16.977 0.1000000015
7448  -38.996  -84.262  16.404 0.4000000060
6855  -38.415  -83.839  15.367 0.4000000060
6865  -37.992  -83.105  15.039 0.4000000060
6876  -38.340  -83.000  14.683 0.5000000000
7458  -38.608  -83.046  14.588 0.4000000060
7466  -39.526  -82.642  14.604 0.5000000000
7465  -39.205  -83.223  14.276 0.5000000000
11507  -39.927  -76.832  16.061 0.5000000000
119916  -39.678  -77.737  16.125 0.5000000000
10921  -39.650  -78.707  15.979 0.5000000000
8070  -40.277  -82.411  14.665 0.5000000000
8079  -40.227  -82.527  13.994 0.5000000000
104913  -40.787  -75.978  15.068 0.5000000000
12123  -40.317  -76.253  15.700 0.5000000000
12147  -43.005  -76.120  13.697 0.5000000000
8719  -41.891  -81.829  13.416 0.6000000238
12159  -44.035  -76.258  12.315 0.4000000060
12177  -44.127  -75.974  11.608 0.2000000030
12885  -44.393  -75.462  11.394 0.2000000030
12884  -43.687  -75.344  10.901 0.3000000119
111683  -41.858  -75.093  10.570 0.3000000119
12898  -44.420  -75.120  10.265 0.3000000119
12897  -42.889  -75.254  10.160 0.3000000119
12913  -44.994  -74.872  9.915 0.3000000119
12911  -43.226  -75.091  9.209 0.4000000060
111093  -42.294  -75.100  9.625 0.4000000060
114464  -43.001  -74.835  8.946 0.3000000119
12896  -41.335  -75.079  9.774 0.4000000060
119378  -39.698  -75.553  9.871 0.4000000060
110260  -39.181  -75.832  10.120 0.4000000060
12910  -42.162  -74.838  9.390 0.3000000119
12909  -40.834  -74.905  9.654 0.3000000119
12907  -38.870  -75.495  9.863 0.3000000119
12195  -38.820  -76.671  10.458 0.4000000060
12906  -38.155  -76.015  10.368 0.3000000119
114404  -36.452  -78.276  11.096 0.4000000060
13541  -38.757  -75.045  9.831 0.2000000030
12892  -37.942  -75.859  10.700 0.2000000030
12192  -36.712  -77.306  11.243 0.3000000119
10967  -36.356  -78.046  11.020 0.3000000119
13532  -38.036  -74.835  11.423 0.1000000015
12891  -37.139  -76.301  11.416 0.2000000030
11551  -36.067  -77.590  10.203 0.4000000060
14889  -37.735  -72.424  13.378 0.1000000015
7434  -38.773  -84.187  17.148 0.1000000015
105606  -38.634  -84.602  16.997 0.1000000015
7435  -39.008  -83.963  17.032 0.2000000030
7449  -39.552  -83.529  16.313 0.5000000000
7459  -38.959  -82.618  15.204 0.4000000060
8059  -39.589  -82.592  15.130 0.4000000060
10915  -40.195  -78.269  16.646 0.5000000000
10360  -40.296  -79.168  16.554 0.4000000060
10368  -40.912  -79.834  16.268 0.4000000060
9826  -41.472  -80.993  15.092 0.4000000060
107451  -41.405  -81.830  14.790 0.5000000000
110988  -41.002  -82.125  14.781 0.5000000000
109244  -41.661  -76.047  15.166 0.5000000000
12124  -41.246  -76.195  15.869 0.5000000000
11499  -40.392  -77.285  16.672 0.4000000060
8709  -41.543  -81.849  14.043 0.4000000060
12149  -44.513  -76.690  13.788 0.4000000060
12136  -43.855  -76.756  14.406 0.4000000060
12135  -42.557  -76.133  14.686 0.5000000000
12160  -44.644  -76.445  12.876 0.4000000060
12148  -43.893  -76.476  13.279 0.5000000000
12161  -45.137  -76.133  12.560 0.3000000119
12179  -45.018  -75.916  11.783 0.3000000119
12886  -44.702  -75.155  11.748 0.3000000119
12900  -44.501  -74.255  11.824 0.2000000030
12901  -44.461  -73.743  12.452 0.1000000015
12914  -44.731  -74.114  10.993 0.3000000119
13557  -44.196  -73.305  11.290 0.1000000015
13556  -44.452  -74.069  10.196 0.3000000119
13554  -43.826  -74.860  8.941 0.3000000119
13570  -44.001  -73.416  10.422 0.2000000030
14246  -43.735  -73.731  9.907 0.2000000030
14232  -43.433  -73.831  9.760 0.2000000030
13552  -41.513  -74.653  9.728 0.2000000030
13551  -40.294  -74.769  9.634 0.2000000030
14936  -42.070  -73.143  10.387 0.2000000030
14230  -41.065  -74.214  10.134 0.2000000030
14229  -40.306  -74.197  10.018 0.2000000030
14216  -40.692  -73.534  10.367 0.1000000015
13533  -38.715  -74.692  10.638 0.2000000030
13540  -38.209  -75.261  10.469 0.2000000030
14902  -40.633  -72.470  11.360 0.1000000015
14901  -39.822  -73.138  11.540 0.1000000015
120960  -38.603  -74.318  11.638 0.1000000015
15606  -40.059  -72.200  12.104 0.1000000015
110171  -39.319  -72.705  12.320 0.1000000015
14207  -37.854  -74.152  12.342 0.1000000015
15592  -39.399  -71.997  12.815 0.1000000015
14890  -38.594  -72.640  12.868 0.1000000015
15584  -38.389  -71.065  14.046 0.1000000015
110277  -38.332  -69.674  14.431 0.1000000015
7436  -39.617  -83.200  17.298 0.3000000119
110230  -40.147  -82.921  16.808 0.3000000119
8657  -41.133  -81.251  18.346 0.3000000119
8673  -40.969  -81.648  17.709 0.3000000119
124061  -40.854  -82.189  16.665 0.3000000119
8046  -40.724  -82.621  16.221 0.3000000119
8060  -40.507  -82.557  15.400 0.4000000060
9789  -41.510  -80.940  17.951 0.3000000119
9250  -41.111  -81.498  17.455 0.3000000119
122176  -41.067  -82.094  16.266 0.5000000000
8701  -41.078  -82.224  15.532 0.5000000000
10903  -41.468  -77.995  17.694 0.4000000060
10361  -41.106  -79.603  17.083 0.5000000000
9812  -41.261  -80.364  16.825 0.4000000060
111474  -41.200  -80.727  16.101 0.4000000060
8690  -41.256  -81.871  15.599 0.5000000000
11514  -44.236  -76.953  15.411 0.4000000060
12126  -43.339  -76.659  15.342 0.4000000060
12114  -41.832  -76.460  16.642 0.5000000000
11500  -41.321  -77.056  17.221 0.5000000000
12138  -45.114  -76.695  14.640 0.4000000060
12150  -45.155  -76.437  13.717 0.4000000060
122895  -45.335  -76.388  14.159 0.4000000060
108943  -45.681  -76.034  13.826 0.4000000060
12832  -46.074  -75.457  14.005 0.3000000119
12847  -45.629  -75.911  13.176 0.3000000119
12868  -45.724  -75.074  13.160 0.3000000119
12867  -45.169  -75.443  12.469 0.3000000119
13525  -45.872  -74.275  13.164 0.3000000119
12887  -45.136  -74.418  12.723 0.2000000030
14210  -45.227  -72.831  12.609 0.1000000015
13543  -44.229  -72.914  12.664 0.1000000015
14940  -43.834  -72.046  12.158 0.1000000015
14234  -43.960  -72.981  11.565 0.1000000015
115473  -43.464  -73.279  10.311 0.2000000030
14922  -44.282  -71.757  11.864 0.1000000015
14921  -43.531  -71.948  11.680 0.1000000015
14937  -43.018  -72.945  10.434 0.2000000030
14938  -43.353  -72.503  10.822 0.2000000030
14919  -42.560  -72.127  10.671 0.2000000030
15627  -41.872  -71.755  10.793 0.1000000015
15609  -42.057  -71.266  11.291 0.1000000015
15626  -41.328  -72.041  11.053 0.1000000015
15608  -41.618  -71.389  11.436 0.1000000015
15607  -40.917  -71.614  11.888 0.1000000015
16334  -40.630  -70.578  13.195 0.1000000015
105952  -40.313  -70.896  13.066 0.1000000015
17076  -39.278  -69.971  14.223 0.1000000015
17830  -39.548  -69.371  14.541 0.1000000015
17817  -38.975  -68.414  15.001 0.1000000015
18535  -38.528  -67.335  14.865 0.1000000015
19286  -38.239  -66.307  14.716 0.1000000015
20762  -38.759  -64.485  14.537 0.1000000015
8649  -40.605  -81.616  18.736 0.3000000119
8648  -40.093  -82.175  18.633 0.2000000030
9236  -41.752  -80.844  18.940 0.3000000119
10348  -42.176  -80.305  18.518 0.4000000060
114435  -42.678  -79.437  18.942 0.3000000119
11508  -44.231  -76.668  16.390 0.3000000119
12115  -43.281  -76.564  16.394 0.3000000119
11490  -42.191  -77.350  18.006 0.4000000060
10904  -42.369  -78.351  18.441 0.3000000119
12128  -45.122  -76.630  15.227 0.3000000119
12127  -44.785  -76.845  15.389 0.3000000119
10895  -43.001  -78.614  19.208 0.3000000119
13499  -45.764  -75.388  14.467 0.3000000119
12831  -45.455  -76.196  14.437 0.3000000119
14176  -46.154  -74.663  14.390 0.3000000119
13500  -46.528  -74.775  14.057 0.3000000119
12848  -46.029  -75.365  13.663 0.3000000119
124432  -46.319  -74.767  13.558 0.3000000119
13526  -45.940  -73.431  13.045 0.2000000030
14211  -45.995  -72.492  12.610 0.1000000015
14903  -46.178  -71.707  12.165 0.1000000015
14219  -45.530  -72.134  12.208 0.1000000015
15614  -46.321  -71.229  11.832 0.1000000015
14923  -45.133  -72.163  12.064 0.1000000015
15632  -45.479  -71.474  11.746 0.1000000015
15631  -44.548  -71.522  11.671 0.1000000015
15611  -43.508  -71.200  11.708 0.2000000030
16360  -43.170  -70.767  11.965 0.2000000030
16359  -42.303  -70.811  11.814 0.1000000015
16344  -41.975  -70.581  12.257 0.1000000015
107371  -41.469  -70.715  12.294 0.1000000015
17089  -42.350  -70.134  13.066 0.1000000015
17088  -41.555  -70.425  12.937 0.1000000015
17078  -40.930  -70.136  13.553 0.1000000015
17831  -40.380  -69.435  14.320 0.1000000015
17818  -39.867  -68.499  14.777 0.1000000015
19287  -39.153  -66.693  14.885 0.1000000015
19288  -40.017  -66.353  14.990 0.1000000015
115476  -39.144  -65.798  14.892 0.1000000015
20006  -38.493  -65.348  14.718 0.1000000015
119656  -39.157  -65.025  14.902 0.1000000015
21612  -38.675  -63.841  14.056 0.1000000015
9235  -39.646  -81.536  18.804 0.2000000030
104445  -40.509  -80.117  19.665 0.2000000030
9222  -41.879  -81.033  19.787 0.3000000119
10326  -41.310  -80.186  20.100 0.2000000030
9760  -42.360  -80.602  19.857 0.3000000119
9767  -42.332  -80.672  19.688 0.3000000119
11502  -43.396  -76.533  17.346 0.3000000119
120160  -43.073  -79.276  19.848 0.3000000119
12116  -44.648  -76.606  16.040 0.3000000119
11503  -43.831  -76.467  17.523 0.3000000119
11491  -43.167  -76.896  18.228 0.3000000119
11479  -42.998  -77.702  18.804 0.3000000119
13493  -45.323  -75.304  15.208 0.3000000119
13486  -45.127  -75.153  16.035 0.3000000119
11492  -44.058  -76.443  18.378 0.3000000119
11480  -43.659  -77.146  19.212 0.3000000119
10896  -43.289  -78.031  19.680 0.2000000030
111554  -45.470  -74.600  14.816 0.2000000030
13501  -46.963  -74.176  13.983 0.3000000119
13510  -46.555  -74.775  13.849 0.3000000119
14188  -47.066  -73.449  13.843 0.2000000030
104381  -46.729  -72.497  13.750 0.1000000015
14891  -46.570  -71.850  12.823 0.1000000015
119821  -47.600  -70.203  12.081 0.1000000015
16349  -48.371  -69.469  12.655 0.1000000015
17836  -48.380  -68.931  13.259 0.1000000015
123613  -47.274  -70.340  11.859 0.1000000015
15615  -47.727  -69.828  11.796 0.1000000015
17105  -48.268  -69.196  11.860 0.1000000015
18569  -47.537  -68.503  13.175 0.1000000015
18554  -47.674  -68.358  13.646 0.1000000015
19280  -47.499  -66.011  14.852 0.1000000015
15613  -46.384  -70.826  11.603 0.1000000015
16363  -47.246  -70.065  11.569 0.1000000015
17858  -47.917  -68.842  11.789 0.1000000015
111227  -47.711  -68.690  12.599 0.1000000015
19302  -47.270  -67.682  13.669 0.1000000015
19290  -47.860  -66.698  13.871 0.1000000015
116768  -45.558  -71.169  11.493 0.1000000015
111819  -46.264  -69.970  12.102 0.1000000015
15612  -44.439  -70.931  11.503 0.1000000015
16361  -44.317  -70.706  12.001 0.2000000030
16346  -43.655  -70.293  12.487 0.1000000015
17090  -43.231  -69.836  12.986 0.1000000015
17832  -42.441  -68.543  13.950 0.1000000015
17079  -41.811  -69.547  13.693 0.1000000015
17820  -41.563  -68.530  14.224 0.1000000015
17819  -40.727  -68.449  14.495 0.1000000015
18537  -40.267  -67.444  14.921 0.1000000015
124464  -39.697  -66.986  14.943 0.1000000015
20007  -39.922  -65.257  14.993 0.1000000015
20763  -39.603  -64.401  14.890 0.1000000015
11449  -42.045  -77.198  21.016 0.2000000030
103390  -42.484  -79.345  20.481 0.2000000030
10335  -42.830  -80.160  19.988 0.3000000119
114245  -42.582  -80.237  19.540 0.3000000119
120834  -42.531  -77.081  21.048 0.2000000030
104854  -41.932  -78.118  20.830 0.2000000030
10879  -42.806  -78.755  20.618 0.2000000030
10328  -42.740  -79.783  20.138 0.3000000119
109549  -44.543  -76.102  16.902 0.3000000119
12106  -44.369  -76.090  17.827 0.3000000119
12812  -44.693  -75.606  16.768 0.3000000119
113326  -44.270  -76.176  18.747 0.3000000119
11481  -44.077  -76.665  19.454 0.3000000119
14166  -44.198  -73.205  15.451 0.2000000030
13492  -44.766  -74.283  15.401 0.3000000119
11471  -43.858  -77.314  19.959 0.2000000030
10887  -43.229  -78.145  20.257 0.2000000030
14841  -45.058  -73.530  14.917 0.2000000030
14167  -45.865  -74.110  14.656 0.3000000119
14177  -46.785  -74.110  14.204 0.3000000119
14178  -46.901  -73.354  14.096 0.2000000030
14168  -46.753  -73.223  14.341 0.3000000119
14169  -47.046  -72.329  14.577 0.2000000030
14874  -47.120  -72.398  14.035 0.2000000030
15585  -47.588  -70.767  13.757 0.1000000015
17093  -46.677  -69.050  12.330 0.1000000015
17847  -47.466  -68.697  12.483 0.1000000015
19311  -46.608  -67.558  13.268 0.1000000015
19301  -46.967  -67.126  13.299 0.1000000015
18566  -46.279  -67.505  12.989 0.1000000015
19310  -46.421  -66.585  12.917 0.1000000015
17092  -45.640  -69.467  12.652 0.1000000015
17845  -45.829  -68.434  12.902 0.1000000015
17835  -45.435  -67.506  13.257 0.1000000015
19309  -45.997  -66.556  12.901 0.1000000015
125041  -44.859  -69.803  12.788 0.1000000015
17844  -44.793  -69.122  12.998 0.1000000015
18553  -44.462  -67.555  13.604 0.1000000015
103816  -43.990  -67.090  13.856 0.1000000015
17081  -43.795  -68.987  13.311 0.1000000015
119728  -43.215  -68.513  13.727 0.1000000015
18552  -43.176  -67.628  14.010 0.1000000015
18551  -42.112  -67.703  14.344 0.1000000015
111951  -41.035  -66.722  15.018 0.1000000015
12767  -41.675  -75.210  21.081 0.3000000119
105570  -43.102  -76.012  20.644 0.3000000119
12066  -43.504  -77.138  20.908 0.3000000119
11451  -43.500  -77.330  20.742 0.2000000030
10880  -43.136  -78.048  20.638 0.2000000030
12067  -43.643  -76.163  20.397 0.3000000119
12078  -43.852  -76.923  20.676 0.3000000119
11465  -43.709  -77.199  20.536 0.3000000119
10329  -42.916  -79.147  20.294 0.2000000030
13479  -44.139  -75.386  17.435 0.3000000119
13477  -44.024  -75.757  18.516 0.3000000119
12789  -43.961  -76.056  19.927 0.3000000119
11466  -44.076  -77.032  20.539 0.3000000119
14157  -43.523  -73.065  16.118 0.2000000030
14151  -43.755  -74.497  17.111 0.3000000119
13476  -43.181  -75.317  18.031 0.3000000119
14840  -44.452  -72.496  15.157 0.2000000030
14842  -45.883  -73.034  14.862 0.2000000030
120713  -46.312  -72.306  15.216 0.3000000119
14843  -47.115  -72.256  14.832 0.2000000030
123247  -43.544  -66.228  14.314 0.1000000015
18539  -42.589  -66.913  14.552 0.1000000015
112684  -41.779  -67.017  14.743 0.1000000015
18538  -41.244  -67.637  14.660 0.1000000015
108515  -40.258  -74.903  22.359 0.1000000015
13431  -40.404  -74.440  22.549 0.2000000030
12752  -41.049  -74.868  22.026 0.3000000119
12753  -41.445  -74.742  21.525 0.3000000119
13433  -41.603  -74.418  21.410 0.3000000119
13447  -42.151  -74.681  20.831 0.3000000119
13468  -43.267  -75.473  19.101 0.3000000119
111066  -43.017  -74.849  19.797 0.3000000119
14149  -42.605  -73.736  17.217 0.3000000119
13478  -42.831  -74.480  17.608 0.3000000119
14144  -42.609  -74.880  18.766 0.3000000119
14822  -42.386  -72.993  16.778 0.2000000030
14839  -43.613  -72.305  15.484 0.2000000030
122784  -43.464  -71.671  15.357 0.1000000015
112816  -45.466  -72.495  14.975 0.2000000030
16313  -44.052  -70.525  15.256 0.1000000015
121017  -44.940  -71.769  15.077 0.2000000030
107864  -45.971  -71.494  15.069 0.2000000030
15567  -47.189  -71.788  15.285 0.3000000119
14124  -41.465  -74.064  21.878 0.3000000119
14132  -41.797  -74.229  21.162 0.3000000119
14138  -42.264  -74.180  20.448 0.3000000119
14139  -42.765  -74.525  20.168 0.3000000119
14148  -41.833  -73.531  17.516 0.3000000119
14147  -42.108  -74.300  18.148 0.3000000119
14143  -42.376  -74.277  19.541 0.3000000119
14827  -42.222  -72.157  16.325 0.2000000030
15552  -42.178  -71.269  15.952 0.1000000015
112320  -43.376  -71.112  15.312 0.1000000015
107311  -44.842  -69.880  15.317 0.1000000015
17058  -45.848  -70.302  15.251 0.1000000015
14137  -41.624  -73.827  20.832 0.3000000119
14136  -40.913  -73.455  21.023 0.2000000030
14142  -41.711  -73.751  19.865 0.3000000119
113479  -41.309  -73.003  17.804 0.2000000030
14146  -41.561  -73.642  18.639 0.3000000119
15551  -41.358  -71.622  16.560 0.2000000030
15539  -40.872  -72.173  17.515 0.2000000030
16295  -41.021  -69.972  16.246 0.1000000015
15550  -40.843  -70.728  16.603 0.1000000015
17037  -40.725  -69.354  16.719 0.1000000015
16310  -41.874  -69.825  16.004 0.1000000015
16311  -42.360  -70.425  15.742 0.1000000015
16312  -43.201  -70.230  15.426 0.1000000015
17057  -42.670  -69.614  15.696 0.1000000015
113245  -43.960  -69.626  15.414 0.1000000015
17041  -44.556  -68.945  15.759 0.1000000015
14807  -40.504  -72.843  20.160 0.2000000030
14808  -41.105  -73.093  19.430 0.2000000030
15538  -40.461  -71.950  18.362 0.2000000030
112822  -40.358  -71.414  17.704 0.1000000015
16294  -40.372  -70.080  16.797 0.1000000015
17038  -41.461  -69.259  16.356 0.1000000015
17040  -43.042  -68.939  15.817 0.1000000015
17795  -43.651  -68.425  16.178 0.1000000015
17807  -43.700  -69.018  15.676 0.1000000015
17792  -41.168  -68.779  16.752 0.1000000015
17793  -41.851  -68.604  16.552 0.1000000015
17783  -42.206  -68.014  16.938 0.1000000015
17794  -42.679  -68.472  16.354 0.1000000015
17781  -40.530  -68.600  17.275 0.1000000015
18503  -41.749  -67.573  17.530 0.1000000015
10398  -40.442  -79.897  12.596 0.4000000060
10933  -39.794  -79.144  13.396 0.5000000000
10387  -40.526  -79.901  13.602 0.4000000060
10932  -39.225  -78.267  13.089 0.5000000000
9840  -41.832  -81.009  13.379 0.5000000000
9833  -41.335  -80.753  14.354 0.4000000060
113015  -39.510  -83.974  12.706 0.5000000000
9862  -40.841  -80.648  12.275 0.5000000000
8080  -40.667  -82.460  13.299 0.5000000000
10388  -41.089  -80.611  12.955 0.6000000238
8101  -40.305  -82.666  12.637 0.5000000000
6925  -39.122  -84.861  11.369 0.5000000000
8727  -41.654  -81.765  12.868 0.5000000000
6886  -37.879  -85.147  13.231 0.5000000000
8090  -41.069  -82.140  12.806 0.5000000000
11526  -39.125  -76.874  12.615 0.4000000060
113183  -39.690  -83.390  12.683 0.4000000060
9296  -37.062  -81.011  12.431 0.4000000060
9871  -36.077  -79.980  10.840 0.4000000060
110422  -38.396  -84.762  16.469 0.2000000030
107669  -40.050  -79.537  15.593 0.5000000000
107574  -41.151  -80.482  13.740 0.4000000060
12157  -39.357  -76.161  12.233 0.3000000119
115276  -39.390  -78.316  11.985 0.4000000060
112584  -40.202  -79.797  11.859 0.6000000238
106987  -39.294  -77.562  11.710 0.5000000000
10418  -39.679  -79.620  11.535 0.6000000238
115610  -40.960  -81.692  12.239 0.6000000238
122733  -41.285  -81.012  12.499 0.6000000238
9290  -41.846  -81.442  12.948 0.6000000238
8726  -40.794  -82.235  12.465 0.5000000000
12176  -39.397  -76.419  11.006 0.4000000060
11539  -39.199  -77.389  10.811 0.4000000060
105408  -39.053  -78.333  10.841 0.5000000000
114737  -40.347  -81.861  12.063 0.5000000000
116484  -39.440  -82.129  12.301 0.5000000000
8739  -40.645  -82.278  12.321 0.5000000000
12882  -40.850  -75.237  10.777 0.4000000060
9859  -38.798  -80.421  11.621 0.4000000060
9874  -39.322  -79.751  11.311 0.5000000000
10970  -38.760  -78.750  11.064 0.5000000000
106494  -38.075  -79.999  10.924 0.4000000060
11554  -38.825  -77.674  10.658 0.5000000000
10425  -38.243  -79.423  11.002 0.4000000060
9872  -37.459  -79.995  10.368 0.4000000060
12200  -37.811  -77.157  10.770 0.4000000060
12194  -38.269  -76.493  10.513 0.4000000060
10969  -38.082  -78.692  10.898 0.4000000060
10417  -36.867  -80.002  10.401 0.4000000060
9825  -41.060  -80.221  15.339 0.4000000060
8071  -40.820  -82.109  13.988 0.5000000000
8710  -41.713  -81.677  14.076 0.5000000000
12178  -44.729  -76.132  11.941 0.3000000119
12899  -44.755  -74.943  10.897 0.2000000030
109354  -43.748  -75.195  9.858 0.3000000119
12912  -44.260  -75.032  9.376 0.3000000119
13555  -44.489  -74.601  9.335 0.3000000119
13567  -43.277  -74.264  9.116 0.3000000119
13553  -42.509  -74.473  9.353 0.3000000119
12908  -39.768  -75.249  9.654 0.3000000119
113295  -38.634  -76.041  10.246 0.3000000119
13550  -39.421  -75.041  9.599 0.3000000119
13534  -39.514  -74.530  9.947 0.2000000030
12193  -37.494  -76.621  10.905 0.3000000119
12186  -37.491  -76.562  11.115 0.3000000119
12880  -37.475  -75.486  11.429 0.2000000030
15591  -38.543  -71.815  13.403 0.1000000015
10916  -40.844  -78.708  17.215 0.4000000060
115457  -40.773  -77.812  17.137 0.4000000060
9265  -41.245  -81.476  15.854 0.4000000060
9275  -41.469  -81.568  14.826 0.5000000000
12125  -42.327  -76.332  15.724 0.5000000000
125126  -44.722  -74.545  12.257 0.2000000030
13542  -43.904  -73.399  12.053 0.2000000030
14235  -43.616  -72.703  12.181 0.1000000015
13535  -45.112  -73.603  12.743 0.1000000015
14233  -43.621  -72.912  10.608 0.2000000030
120333  -42.853  -73.852  9.867 0.2000000030
120816  -42.520  -72.847  10.469 0.2000000030
14231  -42.015  -74.119  10.158 0.2000000030
124090  -42.071  -72.153  10.540 0.2000000030
14217  -41.342  -73.287  10.330 0.1000000015
115404  -41.597  -72.420  10.531 0.1000000015
14918  -40.991  -72.719  10.563 0.1000000015
14215  -40.058  -73.803  10.605 0.2000000030
14209  -39.328  -74.105  11.177 0.2000000030
14208  -38.795  -73.506  12.183 0.1000000015
15593  -40.232  -71.441  12.658 0.1000000015
14201  -37.852  -73.254  12.915 0.1000000015
16342  -39.467  -71.162  13.424 0.1000000015
16332  -38.962  -70.451  14.109 0.1000000015
17829  -38.637  -69.171  14.787 0.1000000015
123332  -39.863  -82.958  17.875 0.3000000119
8021  -40.251  -82.742  17.738 0.3000000119
123660  -41.508  -80.884  18.963 0.3000000119
114513  -40.644  -81.763  18.434 0.3000000119
104424  -41.353  -81.215  18.237 0.3000000119
8656  -40.647  -82.023  17.959 0.3000000119
8031  -40.637  -82.263  17.192 0.3000000119
8689  -40.944  -81.827  16.985 0.3000000119
9813  -41.268  -81.199  16.966 0.3000000119
9788  -41.580  -80.374  17.590 0.3000000119
10347  -41.781  -79.268  17.934 0.4000000060
12137  -44.731  -76.888  14.602 0.4000000060
14218  -44.466  -72.375  12.394 0.1000000015
14920  -42.919  -71.881  10.879 0.2000000030
15630  -43.621  -71.633  11.652 0.2000000030
15629  -42.871  -71.725  11.305 0.1000000015
15628  -42.236  -71.681  10.879 0.1000000015
16358  -41.815  -70.885  11.788 0.1000000015
16343  -40.919  -70.867  12.497 0.1000000015
17087  -41.094  -70.583  12.784 0.1000000015
16333  -39.904  -70.612  13.709 0.1000000015
17077  -40.164  -70.223  14.012 0.1000000015
18536  -39.379  -67.535  14.919 0.1000000015
9228  -40.500  -81.394  19.102 0.2000000030
9229  -41.139  -80.979  19.364 0.2000000030
107378  -39.396  -82.411  18.202 0.2000000030
11501  -42.380  -76.718  17.480 0.4000000060
12117  -45.050  -75.999  15.891 0.3000000119
12820  -45.427  -76.054  15.040 0.3000000119
13511  -46.684  -74.094  13.673 0.1000000015
15594  -47.096  -71.180  12.145 0.1000000015
14924  -45.768  -71.694  11.962 0.1000000015
105614  -47.017  -70.555  11.683 0.1000000015
124040  -45.891  -70.831  11.325 0.1000000015
15610  -42.629  -71.283  11.530 0.1000000015
16345  -42.727  -70.409  12.381 0.1000000015
110917  -41.073  -69.315  14.144 0.1000000015
9766  -40.955  -80.844  19.737 0.2000000030
9759  -41.790  -80.931  20.053 0.3000000119
10327  -42.173  -80.055  20.159 0.2000000030
103485  -44.241  -76.305  17.113 0.3000000119
14202  -46.394  -72.961  13.453 0.1000000015
14875  -46.975  -71.665  13.614 0.1000000015
15595  -47.222  -70.869  12.668 0.1000000015
108314  -47.989  -70.065  12.618 0.1000000015
16348  -48.283  -69.435  12.182 0.1000000015
17094  -48.512  -69.116  12.600 0.1000000015
120011  -48.514  -69.024  12.165 0.1000000015
18570  -48.291  -68.785  13.067 0.1000000015
17849  -48.542  -69.080  12.693 0.1000000015
17104  -47.903  -69.292  11.682 0.1000000015
17859  -48.293  -68.932  11.828 0.1000000015
109352  -48.285  -68.802  12.572 0.1000000015
17848  -48.114  -68.772  12.096 0.1000000015
113427  -47.717  -67.626  13.997 0.1000000015
120385  -46.516  -70.224  11.364 0.1000000015
17103  -47.326  -69.448  11.664 0.1000000015
18568  -47.034  -68.509  13.105 0.1000000015
17857  -47.443  -68.772  12.048 0.1000000015
19312  -46.892  -68.057  13.480 0.1000000015
20756  -47.501  -64.915  14.823 0.1000000015
16362  -45.623  -70.757  11.695 0.1000000015
16347  -45.232  -70.217  12.401 0.1000000015
17091  -44.118  -69.747  12.920 0.1000000015
17080  -42.796  -69.261  13.467 0.1000000015
12064  -42.032  -76.156  20.923 0.2000000030
10872  -42.626  -77.961  21.031 0.2000000030
10878  -42.383  -78.722  20.815 0.2000000030
12065  -42.677  -76.354  20.839 0.3000000119
10873  -43.113  -77.975  20.877 0.2000000030
12807  -44.437  -75.974  17.902 0.3000000119
13485  -44.543  -74.747  16.514 0.3000000119
12800  -44.236  -76.111  19.047 0.3000000119
12098  -44.110  -76.398  19.649 0.3000000119
11472  -44.101  -76.917  20.012 0.3000000119
14158  -44.070  -73.812  16.221 0.3000000119
110555  -47.351  -71.569  14.416 0.2000000030
17846  -46.845  -68.412  12.746 0.1000000015
18567  -46.569  -68.069  13.156 0.1000000015
20021  -47.218  -65.877  13.070 0.1000000015
17834  -44.709  -68.277  13.353 0.1000000015
17833  -43.862  -68.106  13.660 0.1000000015
18540  -43.411  -66.735  14.248 0.1000000015
12754  -42.175  -75.210  20.903 0.3000000119
13448  -42.994  -75.376  20.428 0.3000000119
12779  -43.899  -76.119  20.139 0.3000000119
12778  -43.601  -75.763  20.202 0.3000000119
13469  -43.919  -75.808  19.411 0.3000000119
12788  -43.578  -75.453  19.934 0.3000000119
14150  -43.316  -73.742  16.839 0.3000000119
14823  -43.027  -73.140  16.698 0.3000000119
14844  -47.699  -71.727  15.101 0.2000000030
123516  -40.424  -75.117  21.410 0.1000000015
14123  -41.029  -74.020  22.355 0.2000000030
13432  -41.207  -74.378  22.084 0.3000000119
13459  -43.138  -75.076  20.173 0.3000000119
13458  -42.512  -74.636  20.501 0.3000000119
14828  -42.992  -72.501  16.230 0.2000000030
15553  -42.946  -71.697  15.731 0.2000000030
15566  -44.058  -71.548  15.174 0.1000000015
16314  -44.949  -70.880  15.141 0.2000000030
14131  -41.404  -73.876  21.760 0.3000000119
14821  -41.592  -72.682  16.995 0.2000000030
15565  -42.787  -70.957  15.572 0.1000000015
16296  -41.564  -70.648  16.116 0.1000000015
118920  -41.189  -73.395  20.253 0.3000000119
14818  -40.964  -72.704  18.495 0.2000000030
15543  -40.694  -71.365  17.062 0.1000000015
116941  -40.270  -70.765  17.181 0.1000000015
14814  -40.526  -72.370  19.181 0.2000000030
16284  -39.866  -70.822  17.885 0.1000000015
17782  -41.388  -68.204  17.090 0.1000000015
6924  -39.081  -85.020  10.727 0.3000000119
6360  -37.508  -85.400  10.644 0.3000000119
6909  -38.418  -85.189  11.033 0.3000000119
5168  -33.901  -87.933  8.446 0.2000000030
5804  -33.572  -88.005  6.851 0.2000000030
6359  -36.376  -85.668  10.267 0.4000000060
5765  -35.208  -85.919  9.670 0.3000000119
6923  -38.725  -85.178  10.140 0.4000000060
114231  -34.393  -86.659  9.489 0.3000000119
6372  -37.828  -85.357  9.659 0.4000000060
5777  -34.856  -86.611  8.637 0.3000000119
5185  -33.930  -88.544  7.769 0.2000000030
6937  -39.057  -85.028  10.101 0.4000000060
113542  -36.157  -85.893  8.728 0.4000000060
8109  -38.309  -84.280  11.388 0.4000000060
5186  -34.505  -88.170  7.424 0.3000000119
7510  -38.868  -84.943  9.611 0.4000000060
6381  -37.580  -85.270  8.714 0.4000000060
6380  -35.724  -86.187  8.004 0.3000000119
5791  -35.122  -87.131  7.592 0.4000000060
6393  -36.099  -86.060  7.203 0.3000000119
8098  -37.374  -83.483  11.905 0.4000000060
6936  -38.699  -85.057  9.356 0.4000000060
106040  -36.800  -85.561  7.888 0.4000000060
8108  -37.359  -84.151  10.794 0.4000000060
6946  -38.359  -85.015  8.392 0.4000000060
6394  -37.560  -85.695  7.106 0.3000000119
8122  -38.103  -84.614  9.704 0.4000000060
6935  -38.455  -84.920  9.023 0.4000000060
113799  -37.997  -85.295  7.818 0.4000000060
8131  -37.642  -84.521  8.853 0.4000000060
107573  -38.172  -84.826  8.115 0.4000000060
123245  -38.101  -85.329  7.364 0.3000000119
6406  -36.595  -86.318  6.412 0.2000000030
8097  -36.214  -83.563  11.587 0.3000000119
8121  -36.934  -84.178  9.757 0.4000000060
8107  -36.038  -83.875  10.631 0.4000000060
104829  -37.419  -84.302  7.755 0.4000000060
7526  -38.149  -84.802  7.112 0.4000000060
6955  -38.122  -85.349  6.894 0.2000000030
6965  -38.092  -85.604  6.301 0.2000000030
5820  -36.524  -86.677  5.315 0.3000000119
8734  -35.447  -82.689  11.894 0.3000000119
7535  -38.234  -85.099  6.375 0.2000000030
6408  -37.879  -86.041  5.881 0.2000000030
5830  -36.013  -87.006  4.819 0.2000000030
8747  -35.227  -83.401  11.082 0.3000000119
8130  -36.468  -83.985  8.751 0.4000000060
7534  -38.044  -84.775  6.277 0.1000000015
9294  -34.957  -81.677  11.915 0.3000000119
117889  -34.530  -83.220  10.558 0.3000000119
8119  -35.075  -83.745  9.143 0.2000000030
124971  -36.245  -84.083  7.826 0.2000000030
121538  -37.919  -85.719  5.442 0.1000000015
5831  -36.699  -86.625  4.781 0.2000000030
113882  -34.284  -83.311  9.826 0.2000000030
8141  -36.565  -83.974  7.079 0.1000000015
6972  -38.013  -85.167  5.391 0.1000000015
6416  -37.354  -86.229  5.213 0.1000000015
8733  -34.499  -82.486  11.196 0.3000000119
10422  -36.258  -79.209  11.354 0.2000000030
113816  -34.481  -80.368  11.554 0.1000000015
118013  -34.226  -81.249  11.411 0.3000000119
8746  -33.922  -82.663  10.325 0.2000000030
8129  -35.483  -83.924  8.235 0.1000000015
8151  -37.212  -84.555  5.969 0.1000000015
121892  -37.649  -84.971  4.616 0.1000000015
6977  -37.650  -85.542  4.840 0.1000000015
10415  -35.301  -79.394  11.402 0.2000000030
9305  -33.820  -81.947  10.748 0.2000000030
8751  -34.134  -83.049  8.884 0.1000000015
8128  -34.601  -83.536  8.132 0.1000000015
8140  -35.273  -83.881  7.347 0.1000000015
8149  -35.671  -83.896  6.597 0.1000000015
8162  -37.066  -84.660  5.077 0.1000000015
6979  -37.358  -85.425  4.014 0.1000000015
123010  -36.460  -86.406  3.126 0.1000000015
119194  -33.376  -81.263  10.741 0.1000000015
8750  -33.604  -82.612  9.513 0.2000000030
8757  -33.445  -82.502  8.706 0.1000000015
8139  -34.142  -83.249  7.195 0.1000000015
8160  -35.489  -83.835  5.912 0.1000000015
107857  -37.116  -85.840  3.409 0.1000000015
5847  -36.416  -86.542  2.639 0.1000000015
8758  -33.708  -82.800  7.984 0.1000000015
124097  -35.353  -83.933  5.234 0.1000000015
6985  -37.104  -85.531  2.523 0.1000000015
8174  -35.831  -84.405  4.682 0.1000000015
10960  -35.827  -78.625  11.536 0.1000000015
10414  -34.268  -79.859  11.410 0.1000000015
9869  -33.729  -80.517  11.102 0.1000000015
112635  -33.087  -81.965  9.083 0.1000000015
115771  -32.956  -80.568  10.599 0.1000000015
119589  -37.182  -85.305  3.291 0.1000000015
8776  -33.760  -82.975  6.400 0.1000000015
5169  -34.341  -87.825  8.205 0.3000000119
6371  -36.609  -85.567  9.408 0.3000000119
7502  -38.601  -84.739  10.385 0.4000000060
6395  -37.767  -86.027  6.395 0.2000000030
8120  -35.873  -83.941  9.753 0.3000000119
8106  -35.074  -83.710  10.227 0.3000000119
118624  -37.471  -84.347  6.779 0.2000000030
7539  -38.199  -85.007  5.888 0.1000000015
6423  -37.116  -86.149  4.289 0.1000000015
8150  -36.534  -83.977  6.329 0.1000000015
7538  -37.879  -84.894  5.537 0.1000000015
8161  -36.248  -84.216  5.572 0.1000000015
6424  -36.658  -86.314  3.576 0.1000000015
9304  -33.212  -81.919  10.066 0.1000000015
6430  -36.778  -86.103  2.722 0.1000000015
8148  -34.618  -83.564  6.351 0.1000000015
5860  -36.843  -86.541  1.817 0.1000000015
8769  -33.079  -81.990  8.062 0.1000000015
9881  -32.810  -81.190  10.221 0.1000000015
6327  -36.559  -85.765  13.648 0.3000000119
6337  -36.498  -85.867  12.904 0.2000000030
6336  -35.695  -85.752  12.663 0.3000000119
106965  -35.767  -85.791  12.027 0.2000000030
6875  -38.224  -84.218  14.547 0.4000000060
6320  -37.240  -85.409  14.155 0.2000000030
107817  -37.876  -85.044  14.158 0.4000000060
6328  -37.107  -85.790  13.575 0.3000000119
120309  -35.103  -85.867  11.697 0.2000000030
6887  -38.637  -84.650  13.538 0.4000000060
115246  -35.101  -86.246  11.305 0.2000000030
6347  -34.522  -86.486  11.277 0.1000000015
5737  -34.132  -86.959  11.091 0.1000000015
6338  -37.196  -85.655  12.679 0.3000000119
5736  -33.929  -86.917  11.194 0.1000000015
5748  -33.924  -86.984  10.578 0.1000000015
5763  -33.903  -87.138  9.559 0.1000000015
5749  -34.096  -86.936  10.575 0.1000000015
5764  -34.033  -86.959  10.023 0.1000000015
6379  -32.988  -86.403  8.507 0.1000000015
5762  -33.559  -86.932  9.043 0.1000000015
5789  -33.265  -87.150  7.351 0.1000000015
5776  -33.451  -87.105  8.202 0.1000000015
6897  -38.135  -85.155  12.063 0.3000000119
6348  -36.156  -85.752  11.305 0.2000000030
5739  -35.183  -86.291  10.761 0.2000000030
5738  -34.464  -86.757  10.990 0.2000000030
5750  -34.405  -86.600  10.304 0.2000000030
106538  -32.766  -86.374  6.860 0.1000000015
6910  -39.062  -85.089  11.458 0.2000000030
5149  -34.072  -86.949  9.755 0.2000000030
5167  -33.914  -87.745  8.727 0.1000000015
6405  -32.753  -86.428  5.944 0.1000000015
120686  -33.067  -87.064  6.576 0.1000000015
6911  -39.378  -84.745  12.099 0.2000000030
5150  -34.156  -87.353  8.977 0.2000000030
5803  -33.124  -87.353  5.861 0.1000000015
5184  -33.934  -88.693  7.586 0.1000000015
5818  -33.068  -87.703  5.007 0.1000000015
5203  -33.941  -89.050  6.795 0.1000000015
5223  -33.464  -88.862  5.051 0.1000000015
5202  -33.594  -88.412  5.811 0.1000000015
4548  -33.936  -88.894  7.029 0.1000000015
118868  -34.175  -88.745  7.133 0.1000000015
4603  -32.335  -89.499  4.254 0.1000000015
5224  -33.834  -89.552  6.001 0.1000000015
4558  -33.989  -89.555  6.436 0.1000000015
3991  -33.904  -90.203  5.699 0.1000000015
6898  -39.131  -85.017  12.475 0.3000000119
123659  -37.429  -85.407  13.909 0.3000000119
5790  -33.738  -88.033  7.913 0.1000000015
121805  -36.543  -85.801  12.186 0.2000000030
6349  -37.290  -85.467  11.649 0.3000000119
5148  -33.990  -87.353  9.192 0.1000000015
5240  -32.598  -88.308  4.388 0.1000000015
122076  -32.918  -89.467  4.822 0.1000000015
5239  -31.588  -88.494  3.731 0.1000000015
4576  -33.424  -90.042  5.382 0.1000000015
4605  -34.341  -89.453  5.438 0.1000000015
4007  -34.248  -90.424  5.022 0.1000000015
4606  -34.428  -89.298  4.774 0.2000000030
4033  -34.036  -90.781  4.250 0.1000000015
4578  -34.498  -88.622  5.865 0.2000000030
4626  -34.328  -89.711  4.259 0.2000000030
117747  -34.611  -88.454  4.930 0.1000000015
4625  -33.956  -89.908  3.570 0.1000000015
5805  -35.077  -87.549  6.792 0.2000000030
5204  -34.961  -87.547  5.990 0.1000000015
118223  -34.740  -88.620  4.181 0.1000000015
112165  -35.597  -86.743  6.778 0.2000000030
5241  -34.960  -87.418  5.018 0.1000000015
103538  -35.080  -87.925  4.385 0.1000000015
5806  -35.637  -86.918  6.206 0.1000000015
5819  -35.654  -86.976  5.493 0.1000000015
5250  -35.783  -87.414  4.160 0.1000000015
5225  -34.540  -88.365  6.674 0.1000000015
4577  -34.234  -89.566  6.029 0.1000000015
6874  -37.749  -84.849  14.710 0.2000000030
6326  -35.883  -85.696  13.411 0.1000000015
8655  -40.268  -82.364  18.250 0.2000000030
8653  -38.841  -82.888  17.688 0.1000000015
12063  -41.561  -76.168  20.614 0.1000000015
112616  -39.013  -79.772  18.301 0.1000000015
9773  -39.459  -80.578  18.797 0.1000000015
10877  -41.638  -79.104  20.411 0.1000000015
9765  -40.131  -80.769  19.246 0.1000000015
12088  -40.729  -76.294  19.630 0.2000000030
10893  -39.066  -78.708  17.971 0.1000000015
11464  -41.486  -77.216  20.306 0.1000000015
11470  -40.763  -77.488  19.626 0.1000000015
10885  -40.175  -77.984  19.087 0.1000000015
117123  -40.243  -79.066  19.122 0.1000000015
10339  -39.609  -79.145  18.495 0.1000000015
6864  -37.974  -84.264  15.146 0.2000000030
8020  -39.199  -83.289  17.419 0.1000000015
10333  -39.773  -79.902  18.998 0.1000000015
10334  -40.857  -79.444  19.925 0.1000000015
111374  -41.318  -78.103  20.217 0.1000000015
12766  -41.219  -75.190  21.272 0.2000000030
116304  -39.231  -83.006  17.757 0.1000000015
10902  -38.487  -79.169  17.406 0.1000000015
10886  -40.811  -78.524  19.722 0.1000000015
11469  -40.026  -76.988  19.075 0.1000000015
109447  -37.163  -84.715  14.485 0.1000000015
6319  -36.777  -85.428  14.107 0.1000000015
14799  -40.204  -72.987  21.190 0.1000000015
120751  -39.966  -73.217  21.711 0.1000000015
14130  -40.535  -73.597  21.930 0.1000000015
14122  -40.240  -73.983  22.657 0.1000000015
13430  -39.705  -74.594  22.871 0.1000000015
14789  -39.072  -73.005  22.357 0.1000000015
14121  -39.347  -73.752  22.752 0.1000000015
13417  -38.283  -73.841  23.131 0.1000000015
14798  -39.408  -72.816  21.515 0.1000000015
14129  -39.751  -73.452  22.190 0.1000000015
13418  -39.171  -74.196  22.945 0.1000000015
119940  -38.749  -74.364  22.542 0.1000000015
14806  -39.603  -72.503  20.524 0.1000000015
14108  -37.929  -73.291  23.487 0.1000000015
14797  -38.512  -72.450  21.736 0.1000000015
14788  -38.302  -72.667  22.563 0.1000000015
14780  -38.726  -73.167  22.770 0.1000000015
14115  -38.551  -73.563  23.049 0.1000000015
13416  -37.425  -73.813  23.166 0.1000000015
14813  -39.865  -72.115  19.661 0.1000000015
14787  -37.536  -72.273  22.932 0.1000000015
14779  -38.075  -72.911  23.304 0.1000000015
15512  -37.730  -72.016  22.051 0.1000000015
14805  -38.750  -72.193  20.837 0.1000000015
15526  -39.036  -71.859  20.000 0.1000000015
15534  -40.042  -71.655  18.932 0.1000000015
15568  -48.014  -71.527  15.510 0.1000000015
15570  -48.883  -71.624  15.860 0.1000000015
15525  -38.208  -71.512  20.322 0.1000000015
118376  -40.071  -71.366  18.309 0.1000000015
16315  -46.835  -70.962  15.511 0.1000000015
14855  -47.570  -71.741  14.922 0.1000000015
15574  -48.055  -71.390  14.864 0.1000000015
16316  -47.779  -71.287  15.927 0.1000000015
103574  -48.761  -69.954  15.173 0.1000000015
15575  -48.364  -71.273  15.439 0.1000000015
16324  -48.605  -70.788  15.354 0.1000000015
14778  -37.335  -72.581  23.645 0.1000000015
14774  -37.599  -72.946  23.746 0.1000000015
12751  -39.457  -74.740  22.640 0.1000000015
15569  -48.260  -71.363  15.441 0.1000000015
13419  -39.837  -74.287  22.904 0.1000000015
12744  -39.033  -74.304  22.855 0.1000000015
112819  -48.719  -71.096  15.708 0.1000000015
16323  -48.235  -70.540  14.435 0.1000000015
11545  -36.269  -77.622  10.499 0.1000000015
12184  -35.770  -77.252  11.731 0.1000000015
12185  -36.588  -77.166  11.345 0.1000000015
6871  -34.888  -84.621  14.068 0.1000000015
6870  -34.222  -84.778  13.821 0.1000000015
6884  -34.668  -85.284  13.381 0.1000000015
7464  -34.230  -83.744  14.211 0.1000000015
6883  -34.037  -85.133  13.149 0.1000000015
7463  -33.391  -83.527  14.256 0.1000000015
122957  -34.923  -83.590  14.449 0.1000000015
6860  -35.547  -83.939  14.713 0.1000000015
8068  -33.373  -82.749  14.510 0.1000000015
7456  -34.419  -83.118  14.816 0.1000000015
8069  -33.871  -83.054  14.590 0.1000000015
115317  -28.867  -82.146  20.285 0.1000000015
9227  -28.875  -81.136  20.051 0.1000000015
118743  -27.657  -82.440  17.363 0.1000000015
8682  -27.388  -82.533  16.561 0.1000000015
9257  -27.515  -81.621  15.968 0.1000000015
9269  -27.554  -81.841  15.169 0.1000000015
6885  -35.438  -85.375  13.693 0.1000000015
9270  -28.260  -81.135  15.305 0.1000000015
8078  -32.741  -83.213  14.190 0.1000000015
8077  -32.095  -82.847  14.059 0.1000000015
6325  -35.203  -85.614  12.869 0.1000000015
8705  -27.449  -81.949  14.356 0.1000000015
9283  -28.934  -81.328  13.561 0.1000000015
8716  -29.642  -81.850  13.216 0.1000000015
8698  -31.792  -82.133  14.445 0.1000000015
8067  -32.662  -82.529  14.426 0.1000000015
8057  -34.054  -82.507  14.744 0.1000000015
107454  -34.829  -85.819  11.842 0.1000000015
8714  -27.320  -82.148  13.401 0.1000000015
9226  -28.468  -81.699  19.442 0.1000000015
8652  -28.228  -82.247  18.759 0.1000000015
117835  -28.041  -81.788  17.807 0.1000000015
6861  -36.272  -84.146  15.330 0.1000000015
6872  -35.802  -84.714  14.244 0.1000000015
8683  -27.701  -81.637  16.835 0.1000000015
9258  -28.022  -80.927  16.238 0.1000000015
9247  -28.132  -80.938  17.108 0.1000000015
8707  -29.806  -81.557  13.893 0.1000000015
8708  -30.823  -81.777  14.189 0.1000000015
8056  -33.322  -82.161  14.560 0.1000000015
9279  -30.127  -81.202  14.488 0.1000000015
8697  -31.130  -81.615  14.868 0.1000000015
119603  -32.048  -81.781  15.009 0.1000000015
8055  -32.612  -82.048  14.627 0.1000000015
9757  -29.421  -80.537  20.722 0.1000000015
120783  -29.325  -79.768  20.307 0.1000000015
9758  -29.752  -79.590  20.949 0.1000000015
7445  -36.431  -84.301  16.460 0.1000000015
9763  -28.542  -80.762  19.226 0.1000000015
9770  -28.554  -80.497  18.356 0.1000000015
7457  -35.105  -83.374  15.158 0.1000000015
6852  -36.677  -84.375  16.247 0.1000000015
116635  -28.289  -80.948  17.850 0.1000000015
8058  -34.674  -82.919  15.436 0.1000000015
6862  -36.868  -84.280  15.243 0.1000000015
9803  -28.554  -80.546  16.602 0.1000000015
9271  -29.406  -80.853  15.106 0.1000000015
9272  -30.489  -80.852  15.130 0.1000000015
9273  -31.480  -81.190  15.349 0.1000000015
10325  -30.051  -78.754  20.779 0.1000000015
7444  -35.831  -83.763  15.726 0.1000000015
9764  -28.907  -80.213  19.838 0.1000000015
10324  -29.578  -79.089  20.247 0.1000000015
10875  -30.257  -77.923  20.476 0.1000000015
10866  -30.623  -78.347  21.269 0.1000000015
8043  -34.948  -82.939  16.000 0.1000000015
7443  -35.351  -83.327  15.970 0.1000000015
7432  -36.447  -84.411  16.883 0.1000000015
9771  -28.792  -79.923  18.983 0.1000000015
10332  -29.236  -79.477  19.624 0.1000000015
6873  -36.503  -84.641  14.441 0.1000000015
9782  -28.739  -80.344  17.384 0.1000000015
9783  -29.096  -79.857  18.079 0.1000000015
8699  -33.007  -81.720  14.724 0.1000000015
8042  -34.425  -82.363  15.217 0.1000000015
9823  -28.806  -80.544  15.844 0.1000000015
9824  -29.829  -80.308  15.678 0.1000000015
9259  -30.887  -80.506  15.791 0.1000000015
121656  -29.827  -78.370  20.126 0.1000000015
10883  -29.681  -78.739  19.515 0.1000000015
6863  -37.643  -84.324  15.207 0.1000000015
9274  -32.444  -81.283  15.256 0.1000000015
8685  -34.202  -81.658  14.977 0.1000000015
9805  -30.245  -79.901  16.368 0.1000000015
108407  -29.555  -79.787  17.193 0.1000000015
9804  -29.286  -80.157  16.470 0.1000000015
8686  -34.680  -82.358  15.915 0.1000000015
8687  -35.522  -82.973  16.394 0.1000000015
10338  -29.482  -79.248  18.686 0.1000000015
9261  -32.870  -81.046  15.209 0.1000000015
8684  -33.382  -81.419  14.805 0.1000000015
118261  -34.155  -81.114  15.099 0.1000000015
9260  -32.219  -80.659  15.740 0.1000000015
10341  -29.669  -79.390  17.788 0.1000000015
9806  -31.353  -80.139  16.383 0.1000000015
8688  -36.212  -82.350  16.526 0.1000000015
9808  -33.502  -80.643  15.332 0.1000000015
9263  -34.568  -81.613  15.683 0.1000000015
10891  -30.034  -78.454  18.752 0.1000000015
120102  -32.450  -79.897  16.140 0.1000000015
10354  -32.024  -80.065  16.355 0.1000000015
9807  -32.701  -80.509  15.554 0.1000000015
104924  -36.237  -81.460  16.233 0.1000000015
104518  -34.962  -81.054  15.814 0.1000000015
104382  -33.814  -80.056  15.594 0.1000000015
9809  -34.310  -80.815  15.450 0.1000000015
10884  -30.125  -77.836  19.583 0.1000000015
9785  -31.371  -79.537  17.056 0.1000000015
10342  -30.116  -78.955  17.956 0.1000000015
9811  -36.736  -80.791  16.293 0.1000000015
10316  -30.346  -79.224  21.602 0.1000000015
10869  -33.030  -77.956  21.768 0.1000000015
10868  -32.241  -77.820  21.633 0.1000000015
11445  -31.819  -77.387  21.154 0.1000000015
10867  -31.453  -78.036  21.567 0.1000000015
9277  -28.022  -81.405  14.586 0.1000000015
8706  -28.126  -81.432  13.803 0.1000000015
9278  -28.926  -81.100  14.320 0.1000000015
116956  -30.412  -81.995  13.698 0.1000000015
8076  -31.284  -82.352  13.709 0.1000000015
105395  -31.706  -83.115  13.359 0.1000000015
9234  -28.316  -81.330  18.576 0.1000000015
8700  -33.824  -81.911  14.686 0.1000000015
121362  -31.737  -80.767  15.719 0.1000000015
9264  -35.334  -81.842  16.176 0.1000000015
9262  -33.516  -81.060  14.975 0.1000000015
10318  -32.218  -78.500  22.089 0.1000000015
2529  -24.897  -93.024  -0.091 0.1000000015
2085  -25.269  -93.719  0.147 0.1000000015
4698  -23.483  -89.088  -1.962 0.1000000015
4659  -23.452  -89.254  -1.137 0.1000000015
4660  -24.099  -89.568  -0.573 0.1000000015
3017  -24.362  -92.087  -0.161 0.1000000015
4699  -24.253  -88.986  -2.275 0.1000000015
4105  -25.194  -89.492  -3.631 0.1000000015
4119  -25.133  -90.129  -4.531 0.1000000015
120738  -25.847  -92.859  -0.044 0.1000000015
2530  -26.158  -93.485  0.312 0.1000000015
2075  -26.406  -93.870  0.617 0.1000000015
3560  -26.352  -91.959  0.033 0.1000000015
3558  -24.474  -90.824  -0.211 0.1000000015
110951  -25.251  -91.952  -0.059 0.1000000015
2074  -25.564  -93.900  0.274 0.1000000015
4678  -24.058  -88.940  -1.312 0.1000000015
3557  -23.844  -91.331  -0.362 0.1000000015
4066  -23.559  -90.477  -0.489 0.1000000015
106303  -24.787  -88.789  -1.568 0.1000000015
4090  -26.108  -89.236  -3.137 0.1000000015
107072  -26.037  -89.817  -4.405 0.1000000015
4620  -27.526  -89.688  3.314 0.1000000015
3503  -26.388  -91.899  2.563 0.1000000015
4029  -28.167  -90.605  3.242 0.1000000015
2531  -26.759  -93.102  0.458 0.1000000015
2066  -26.765  -93.700  0.924 0.1000000015
2496  -26.980  -93.481  1.405 0.1000000015
106687  -27.228  -93.290  1.977 0.1000000015
2972  -26.728  -92.817  2.220 0.1000000015
2950  -27.303  -92.454  2.407 0.1000000015
3018  -26.663  -92.830  -0.013 0.1000000015
123784  -26.707  -93.759  1.393 0.1000000015
2065  -26.239  -94.571  0.718 0.1000000015
3559  -25.448  -90.846  0.108 0.1000000015
4089  -25.063  -89.066  -2.600 0.1000000015
4621  -28.456  -89.576  3.296 0.1000000015
3504  -27.184  -91.622  2.932 0.1000000015
2973  -27.965  -92.808  2.156 0.1000000015
2497  -27.314  -92.954  1.458 0.1000000015
2509  -26.949  -92.834  1.134 0.1000000015
4067  -24.934  -89.939  -0.163 0.1000000015
4661  -25.080  -89.317  -0.341 0.1000000015
4679  -25.307  -88.906  -0.820 0.1000000015
4700  -25.647  -88.911  -1.870 0.1000000015
4028  -27.122  -90.638  3.207 0.1000000015
109143  -27.783  -91.317  3.101 0.1000000015
3547  -26.238  -90.619  0.666 0.1000000015
110600  -26.502  -91.131  3.012 0.1000000015
2532  -26.940  -92.304  1.016 0.1000000015
3020  -27.358  -91.859  1.136 0.1000000015
4027  -26.151  -90.389  3.146 0.1000000015
3548  -27.508  -91.085  1.047 0.1000000015
108469  -28.738  -90.972  0.930 0.1000000015
4056  -28.881  -89.987  1.140 0.1000000015
2951  -28.084  -92.097  2.628 0.1000000015
2498  -28.216  -92.787  1.738 0.1000000015
3001  -27.811  -92.410  1.438 0.1000000015
121583  -28.038  -91.897  1.149 0.1000000015
2510  -28.855  -92.529  1.475 0.1000000015
112110  -28.162  -91.394  1.009 0.1000000015
3549  -28.998  -91.817  0.926 0.1000000015
2485  -29.049  -92.797  1.911 0.1000000015
2974  -28.703  -92.673  2.191 0.1000000015
2484  -28.266  -92.886  2.052 0.1000000015
2988  -29.576  -92.451  1.511 0.1000000015
2483  -27.703  -93.024  1.926 0.1000000015
3019  -26.853  -92.411  0.338 0.1000000015
4723  -33.321  -88.830  -3.417 0.1000000015
5249  -35.236  -87.841  3.823 0.1000000015
5321  -35.863  -87.279  -1.039 0.1000000015
5348  -33.485  -88.502  -3.587 0.1000000015
6407  -37.160  -86.441  5.842 0.3000000119
6456  -37.060  -86.528  -0.675 0.1000000015
6954  -38.246  -85.061  7.625 0.3000000119
6973  -38.135  -85.427  5.886 0.2000000030
7090  -32.612  -85.665  -3.261 0.1000000015
7550  -36.512  -84.652  3.244 0.2000000030
7641  -37.781  -84.044  -2.939 0.1000000015
8045  -40.045  -83.042  15.799 0.4000000060
8284  -37.767  -83.297  -2.791 0.1000000015
8306  -36.165  -83.216  -4.172 0.1000000015
8307  -37.013  -83.529  -3.776 0.1000000015
8650  -41.204  -81.013  19.080 0.3000000119
8654  -39.757  -82.759  18.059 0.1000000015
8718  -41.452  -82.037  13.328 0.6000000238
8888  -37.470  -81.760  -2.061 0.1000000015
9230  -41.987  -80.981  19.527 0.3000000119
9284  -41.943  -81.466  13.558 0.5000000000
9289  -41.433  -81.356  12.620 0.6000000238
9386  -34.899  -81.996  2.194 0.1000000015
9409  -37.485  -81.364  0.077 0.1000000015
9449  -36.562  -81.880  -2.518 0.1000000015
9774  -42.011  -80.837  18.907 0.3000000119
9834  -41.767  -81.267  14.150 0.5000000000
9847  -41.530  -81.108  12.669 0.6000000238
9860  -39.590  -80.270  11.516 0.5000000000
9883  -38.815  -79.672  11.180 0.4000000060
9971  -38.419  -80.169  0.730 0.1000000015
10026  -37.577  -80.582  -1.474 0.1000000015
10033  -37.621  -81.039  -1.918 0.1000000015
10409  -40.340  -80.216  11.868 0.6000000238
10424  -37.496  -79.905  10.359 0.4000000060
10456  -35.101  -79.059  5.225 0.1000000015
10536  -38.293  -79.918  -0.123 0.1000000015
10563  -37.640  -80.324  -1.695 0.1000000015
11012  -37.028  -78.261  4.744 0.1000000015
11028  -38.180  -77.728  3.008 0.1000000015
11064  -37.900  -78.825  0.663 0.1000000015
11078  -37.964  -79.109  -0.121 0.1000000015
11450  -43.113  -77.353  21.029 0.2000000030
11552  -36.823  -77.371  11.099 0.4000000060
11553  -38.273  -77.920  10.723 0.5000000000
11632  -38.307  -77.484  2.858 0.1000000015
11658  -37.809  -78.163  0.954 0.1000000015
12079  -43.898  -76.711  20.501 0.3000000119
12089  -44.139  -76.773  20.218 0.3000000119
12113  -40.783  -76.517  16.464 0.4000000060
12288  -37.921  -77.104  2.093 0.1000000015
12893  -38.378  -75.480  10.143 0.2000000030
13568  -43.911  -74.217  9.363 0.3000000119
13569  -44.079  -74.049  9.677 0.3000000119
13595  -39.055  -74.199  5.400 0.1000000015
13636  -39.285  -75.665  4.094 0.1000000015
14917  -40.460  -73.127  10.859 0.1000000015
14939  -43.493  -72.303  11.500 0.1000000015
14950  -37.243  -72.096  6.929 0.1000000015
14993  -34.716  -71.774  3.295 0.1000000015
16357  -41.405  -71.012  11.968 0.1000000015
16432  -38.226  -69.846  1.773 0.1000000015
17039  -42.260  -69.085  16.092 0.1000000015
19289  -42.976  -66.198  14.594 0.1000000015
22575  -37.636  -62.506  4.516 0.1000000015
22603  -38.407  -62.584  3.142 0.1000000015
105758  -38.358  -80.556  -0.042 0.1000000015
107980  -44.914  -66.824  13.482 0.1000000015
108060  -41.111  -81.757  16.535 0.3000000119
108321  -38.942  -83.253  15.473 0.4000000060
108963  -33.994  -88.429  8.170 0.1000000015
110819  -37.598  -79.725  -0.764 0.1000000015
112486  -37.884  -80.844  -0.945 0.1000000015
115204  -24.624  -89.021  -0.820 0.1000000015
116798  -44.436  -70.183  12.566 0.2000000030
116834  -37.667  -84.876  16.593 0.1000000015
117093  -37.536  -70.452  1.338 0.1000000015
120604  -38.566  -82.362  14.850 0.5000000000
121899  -37.860  -70.317  2.091 0.1000000015
122062  -40.009  -83.364  13.154 0.5000000000
122086  -43.704  -76.639  20.621 0.3000000119
122420  -43.856  -67.580  13.795 0.1000000015
122561  -28.808  -92.055  1.046 0.1000000015
123309  -38.983  -82.247  14.984 0.4000000060
125313  -43.317  -69.443  15.556 0.1000000015
