#!ascii label  , from subject Paciente_3 vox2ras=TkReg
1020
47993  -25.156  -30.341  0.910 0.4285714328
120647  -25.500  -28.641  -0.304 0.2857142985
48880  -25.063  -29.365  0.235 0.4285714328
49734  -26.251  -28.349  -0.418 0.4285714328
49735  -27.136  -28.281  0.067 0.4285714328
49772  -25.485  -27.553  -1.777 0.2857142985
49753  -26.039  -27.801  -1.271 0.4285714328
50641  -27.103  -27.188  -1.207 0.4285714328
50661  -26.033  -26.912  -2.621 0.4285714328
50662  -26.738  -26.800  -2.260 0.4285714328
52390  -26.642  -26.216  -3.364 0.4285714328
52391  -27.176  -25.811  -3.471 0.4285714328
53385  -26.906  -25.288  -4.120 0.5714285970
52407  -27.043  -25.746  -3.743 0.5714285970
52408  -27.439  -25.380  -3.688 0.4285714328
53373  -28.895  -24.654  -3.362 0.2857142985
53393  -27.461  -24.448  -4.476 0.7142857313
53386  -28.186  -24.698  -4.026 0.7142857313
54401  -29.509  -23.516  -4.672 0.7142857313
54402  -30.163  -23.198  -4.225 0.4285714328
53395  -28.737  -23.989  -4.644 0.7142857313
55362  -30.799  -21.901  -4.872 0.5714285970
125124  -29.224  -23.012  -5.181 0.5714285970
55361  -30.320  -22.367  -5.079 0.5714285970
55370  -30.137  -22.136  -5.323 0.5714285970
56256  -30.675  -21.652  -5.345 0.5714285970
55369  -29.475  -22.541  -5.205 0.5714285970
56243  -31.420  -21.580  -4.542 0.4285714328
57063  -31.650  -20.733  -5.856 0.5714285970
57897  -32.428  -19.954  -6.048 0.5714285970
57072  -30.313  -21.003  -5.737 0.7142857313
57075  -32.110  -20.242  -6.357 0.7142857313
57898  -32.589  -19.243  -5.077 0.5714285970
56268  -31.164  -21.048  -5.805 0.5714285970
103592  -28.311  -20.953  -4.636 0.5714285970
57906  -31.339  -19.894  -6.467 0.8571428657
58781  -32.347  -19.242  -6.120 0.7142857313
58782  -32.951  -18.583  -5.086 0.5714285970
103165  -30.682  -20.288  -6.022 0.7142857313
57062  -29.990  -20.205  -5.451 0.5714285970
59587  -33.038  -17.566  -6.219 0.7142857313
59570  -33.286  -17.782  -5.131 0.5714285970
57907  -32.013  -19.833  -6.621 0.7142857313
58793  -32.655  -18.394  -6.097 0.7142857313
60479  -33.437  -16.731  -6.329 0.5714285970
58791  -32.044  -18.907  -6.677 0.7142857313
60480  -34.242  -16.202  -5.517 0.5714285970
57916  -31.527  -18.923  -6.748 0.5714285970
58801  -31.584  -17.961  -7.109 0.7142857313
59586  -32.538  -17.967  -6.841 0.7142857313
61314  -34.280  -15.752  -7.212 0.7142857313
60492  -33.951  -16.149  -6.488 0.7142857313
59598  -32.386  -17.038  -7.391 0.7142857313
59599  -32.901  -17.234  -7.210 0.7142857313
60491  -33.403  -16.570  -7.512 0.7142857313
62130  -35.382  -14.973  -8.129 0.7142857313
61333  -35.029  -15.172  -7.454 0.5714285970
103496  -32.794  -16.931  -7.940 0.7142857313
58790  -31.007  -18.048  -7.048 0.5714285970
62147  -35.729  -14.929  -9.201 0.5714285970
115812  -36.591  -14.715  -10.079 0.5714285970
60490  -32.258  -16.519  -8.062 0.8571428657
62157  -35.457  -14.913  -10.151 0.7142857313
104716  -34.778  -15.440  -9.772 0.7142857313
60508  -32.960  -16.686  -8.501 0.8571428657
61347  -34.001  -16.068  -9.180 0.7142857313
62967  -34.436  -13.478  -10.695 0.8571428657
124647  -36.149  -14.271  -11.084 0.5714285970
62156  -34.361  -15.170  -10.167 0.8571428657
62145  -32.309  -15.188  -9.653 0.8571428657
60513  -32.747  -16.368  -8.986 0.8571428657
61346  -32.964  -15.957  -9.306 0.8571428657
63775  -33.729  -12.757  -10.963 0.8571428657
63780  -33.342  -12.063  -11.550 0.8571428657
63779  -32.070  -11.802  -11.070 0.8571428657
113312  -33.325  -15.100  -10.051 0.8571428657
63774  -31.829  -12.719  -10.546 0.8571428657
112832  -29.911  -12.659  -9.824 1.0000000000
64609  -30.615  -12.283  -10.153 1.0000000000
62965  -31.094  -13.755  -10.116 0.8571428657
63767  -29.951  -13.101  -10.221 1.0000000000
112748  -30.904  -11.447  -10.023 1.0000000000
66217  -32.545  -9.981  -8.414 0.7142857313
64599  -30.774  -11.750  -10.119 1.0000000000
64593  -31.765  -11.749  -9.169 1.0000000000
65417  -31.319  -10.733  -9.672 1.0000000000
68433  -33.249  -6.396  -8.152 1.0000000000
68420  -33.512  -6.371  -7.234 0.8571428657
70120  -33.575  -4.819  -7.512 0.8571428657
108224  -33.368  -5.309  -8.252 1.0000000000
72578  -33.791  -0.962  -7.570 0.8571428657
71812  -33.811  -2.594  -7.246 0.8571428657
70973  -33.783  -3.327  -7.668 1.0000000000
73937  -32.898  0.949  -7.307 0.8571428657
111339  -33.411  0.514  -7.587 0.8571428657
74644  -32.843  1.752  -7.754 0.7142857313
123120  -31.403  0.168  -6.408 0.5714285970
75314  -31.101  2.315  -7.825 0.7142857313
75315  -31.828  2.864  -8.062 0.5714285970
74641  -28.799  1.033  -8.206 0.5714285970
74635  -30.798  1.065  -7.238 0.5714285970
105039  -28.459  2.720  -9.021 0.4285714328
75969  -29.253  3.400  -8.690 0.4285714328
73955  -24.460  -0.109  -10.701 0.2857142985
73954  -23.584  -0.119  -10.933 0.2857142985
110985  -26.108  -0.014  -10.321 0.2857142985
74650  -23.446  0.177  -10.510 0.2857142985
49752  -25.278  -27.898  -1.035 0.2857142985
62163  -36.467  -14.592  -10.876 0.5714285970
61332  -34.390  -15.685  -8.276 0.7142857313
62129  -34.710  -15.483  -8.987 0.7142857313
62162  -35.233  -14.363  -10.536 0.8571428657
63776  -34.921  -12.859  -11.408 0.8571428657
66953  -32.580  -9.107  -8.526 0.8571428657
74634  -26.735  1.287  -7.078 0.1428571492
106304  -24.540  -27.825  -1.184 0.2857142985
50660  -25.225  -27.204  -2.397 0.2857142985
51485  -27.213  -26.247  -2.606 0.4285714328
50675  -25.572  -27.110  -2.514 0.2857142985
123322  -25.578  -27.128  -2.406 0.4285714328
51501  -27.678  -25.690  -2.901 0.4285714328
52406  -26.700  -25.976  -3.720 0.5714285970
106934  -27.515  -24.983  -4.041 0.5714285970
119454  -28.958  -24.108  -4.084 0.4285714328
54409  -27.091  -23.886  -4.671 0.2857142985
53394  -28.126  -24.151  -4.813 0.7142857313
54411  -28.922  -23.476  -5.089 0.7142857313
55360  -29.726  -22.923  -5.130 0.4285714328
55359  -28.690  -22.957  -5.233 0.5714285970
57047  -32.189  -20.530  -4.379 0.4285714328
56265  -29.060  -22.157  -5.086 0.7142857313
56266  -29.885  -21.781  -5.428 0.7142857313
56257  -31.197  -21.304  -5.335 0.7142857313
57064  -32.061  -20.431  -5.567 0.5714285970
57877  -32.375  -19.873  -4.784 0.4285714328
57908  -32.225  -19.649  -6.485 0.7142857313
57071  -29.148  -20.686  -4.819 0.5714285970
60493  -34.743  -15.648  -6.076 0.5714285970
57905  -30.591  -19.399  -6.089 0.5714285970
59588  -33.667  -16.929  -5.233 0.5714285970
58802  -32.125  -18.008  -7.011 0.7142857313
61315  -35.299  -15.110  -6.641 0.5714285970
61313  -33.722  -16.298  -8.207 0.7142857313
62968  -35.742  -13.435  -11.392 0.5714285970
62155  -30.745  -15.121  -9.440 1.0000000000
64608  -31.437  -11.424  -10.763 1.0000000000
63748  -31.395  -13.252  -9.190 1.0000000000
65410  -32.539  -10.798  -8.238 0.8571428657
66941  -32.989  -8.417  -7.726 0.7142857313
67692  -32.661  -8.065  -8.687 1.0000000000
121468  -32.462  -8.323  -9.886 1.0000000000
67679  -33.240  -7.323  -7.680 0.7142857313
67691  -32.561  -7.360  -9.422 1.0000000000
67671  -33.396  -7.937  -6.814 0.7142857313
124827  -33.336  -5.820  -8.192 0.8571428657
72573  -33.751  -1.772  -6.938 0.8571428657
70977  -33.624  -3.759  -8.440 1.0000000000
70126  -33.463  -4.554  -8.360 1.0000000000
73927  -32.309  0.455  -6.750 0.7142857313
107792  -28.369  1.634  -8.818 0.7142857313
73925  -30.313  0.239  -6.667 0.5714285970
74642  -30.150  1.611  -7.750 0.7142857313
75313  -30.168  2.416  -8.077 0.7142857313
106665  -28.494  0.192  -7.941 0.4285714328
74662  -25.793  0.721  -10.587 0.2857142985
122433  -27.780  1.960  -9.586 0.4285714328
75970  -30.092  3.198  -8.353 0.4285714328
120272  -28.464  3.797  -9.236 0.4285714328
74672  -23.853  1.409  -11.161 0.2857142985
110338  -26.456  2.849  -10.687 0.4285714328
55357  -27.346  -23.034  -5.064 0.4285714328
116119  -28.104  -22.494  -5.125 0.4285714328
75312  -29.369  1.820  -8.234 0.7142857313
75320  -27.008  1.785  -10.442 0.2857142985
74661  -24.075  0.752  -11.083 0.2857142985
48902  -26.086  -29.108  0.214 0.4285714328
48916  -24.698  -28.498  -0.529 0.2857142985
106434  -24.190  -29.408  -0.217 0.2857142985
48903  -26.741  -28.810  0.308 0.4285714328
49771  -24.912  -27.596  -1.845 0.2857142985
50640  -26.256  -27.371  -1.752 0.4285714328
51499  -26.145  -26.727  -2.872 0.2857142985
113176  -26.570  -26.513  -2.891 0.4285714328
51500  -26.992  -26.113  -3.229 0.4285714328
52389  -26.166  -26.569  -3.222 0.4285714328
53392  -26.956  -24.632  -4.267 0.2857142985
119736  -28.285  -23.522  -5.246 0.5714285970
55358  -28.057  -23.228  -5.332 0.5714285970
56267  -30.587  -21.417  -5.633 0.5714285970
56258  -31.728  -20.997  -5.025 0.4285714328
57074  -31.666  -20.453  -6.278 0.7142857313
112937  -29.535  -21.279  -5.246 0.7142857313
57073  -31.067  -20.796  -6.082 0.7142857313
56255  -28.722  -21.604  -4.855 0.7142857313
110970  -30.932  -18.902  -6.664 0.7142857313
59596  -31.529  -17.034  -7.227 0.8571428657
62961  -32.352  -14.500  -10.112 0.8571428657
62966  -32.856  -13.634  -10.505 0.8571428657
60512  -32.221  -15.872  -8.988 0.8571428657
65409  -31.821  -10.806  -9.146 1.0000000000
107270  -32.858  -9.261  -7.821 0.8571428657
73255  -33.459  -0.211  -7.242 0.8571428657
73928  -33.071  0.340  -7.041 0.8571428657
74636  -32.045  1.294  -7.212 0.7142857313
74643  -32.032  2.128  -7.677 0.7142857313
73936  -29.576  0.728  -7.454 0.5714285970
117022  -27.916  0.317  -8.617 0.4285714328
74652  -27.811  0.755  -8.926 0.4285714328
75321  -29.297  2.497  -8.467 0.4285714328
73941  -23.748  -0.025  -10.291 0.2857142985
74651  -27.318  0.810  -9.933 0.2857142985
74640  -24.260  0.499  -9.830 0.2857142985
75311  -25.775  1.298  -8.383 0.1428571492
54410  -27.782  -23.722  -5.082 0.2857142985
77219  -26.864  6.174  -10.653 0.2857142985
77773  -26.215  6.208  -10.486 0.1428571492
77212  -27.582  5.338  -10.329 0.2857142985
106393  -27.501  6.560  -10.931 0.2857142985
77211  -26.168  5.829  -10.579 0.1428571492
75994  -25.100  3.465  -11.500 0.1428571492
76608  -27.526  4.355  -10.103 0.2857142985
76624  -25.006  4.463  -11.515 0.1428571492
77775  -29.356  6.229  -10.828 0.2857142985
109798  -28.423  5.821  -10.426 0.2857142985
76635  -33.921  4.239  -11.714 0.2857142985
77221  -32.212  5.542  -10.642 0.2857142985
77210  -26.068  5.384  -10.437 0.1428571492
76609  -28.616  4.718  -9.481 0.2857142985
75980  -32.945  3.937  -8.978 0.2857142985
105068  -29.796  5.578  -9.834 0.2857142985
77213  -28.875  5.310  -9.734 0.2857142985
74673  -33.483  1.462  -10.817 0.1428571492
76613  -33.119  4.388  -9.952 0.2857142985
77214  -31.734  5.271  -9.907 0.2857142985
77218  -25.418  5.057  -10.862 0.1428571492
76600  -30.677  4.639  -8.815 0.2857142985
76599  -29.696  4.878  -9.153 0.2857142985
73997  -30.276  -0.023  -13.916 0.1428571492
73983  -32.043  0.636  -12.283 0.1428571492
75329  -34.101  3.115  -10.416 0.4285714328
75972  -31.659  3.623  -8.344 0.2857142985
72601  -32.193  -1.487  -11.200 0.2857142985
73956  -33.703  0.790  -9.220 0.4285714328
75974  -33.322  3.030  -8.730 0.2857142985
71025  -30.808  -3.767  -13.559 0.1428571492
73283  -32.669  -0.654  -10.679 0.2857142985
110714  -33.611  2.207  -8.865 0.4285714328
114775  -33.611  -0.699  -9.059 0.5714285970
74645  -33.440  1.631  -8.303 0.7142857313
70164  -31.262  -4.782  -13.072 0.1428571492
110925  -31.576  -3.163  -12.214 0.1428571492
73945  -33.624  0.804  -8.339 0.7142857313
75316  -32.644  2.584  -8.141 0.4285714328
71841  -33.149  -2.185  -9.766 0.4285714328
68482  -30.812  -6.319  -13.880 0.2857142985
69251  -31.406  -5.603  -12.443 0.7142857313
113539  -33.773  -0.570  -8.285 0.7142857313
109689  -32.985  -5.094  -9.093 0.8571428657
110658  -32.621  -3.746  -10.596 0.8571428657
71828  -33.576  -2.094  -8.885 0.5714285970
116750  -30.622  -6.992  -14.035 0.2857142985
110788  -33.407  -2.735  -9.292 0.7142857313
71806  -32.838  -2.612  -5.992 0.5714285970
71816  -33.722  -2.872  -8.461 0.8571428657
67747  -31.541  -7.944  -14.170 0.1428571492
68472  -31.479  -6.298  -11.792 0.7142857313
63729  -30.900  -13.206  -4.875 0.5714285970
64582  -32.179  -12.384  -8.548 0.8571428657
64583  -32.537  -11.508  -7.864 0.8571428657
64570  -32.677  -12.080  -6.392 0.4285714328
111505  -32.857  -7.121  -8.554 0.8571428657
114761  -31.848  -8.520  -10.919 0.8571428657
69225  -32.688  -5.911  -9.608 0.8571428657
66983  -32.267  -8.653  -13.807 0.2857142985
67708  -31.613  -7.666  -11.403 0.8571428657
69235  -32.134  -6.075  -10.644 0.8571428657
70989  -33.392  -3.442  -9.230 0.8571428657
66981  -33.728  -8.995  -12.894 0.4285714328
67735  -30.829  -7.869  -13.069 0.7142857313
67723  -31.114  -7.233  -12.336 0.7142857313
62898  -30.130  -13.332  -4.699 0.2857142985
117038  -32.295  -13.797  -7.397 0.5714285970
63740  -32.487  -13.059  -6.327 0.5714285970
64592  -30.183  -12.271  -9.708 0.8571428657
66225  -31.736  -9.896  -9.802 0.8571428657
66961  -32.173  -9.165  -10.136 0.8571428657
104438  -32.230  -7.589  -10.500 0.8571428657
65442  -32.658  -9.477  -13.377 0.4285714328
66239  -31.531  -9.069  -12.585 0.8571428657
67722  -31.276  -8.108  -12.054 0.8571428657
66242  -33.968  -9.805  -13.269 0.4285714328
107015  -29.898  -17.107  -5.342 0.7142857313
60464  -30.042  -16.362  -5.518 0.4285714328
107041  -30.866  -16.899  -6.311 0.7142857313
61311  -31.123  -15.335  -8.207 0.8571428657
61302  -31.421  -16.052  -6.569 0.5714285970
62107  -31.460  -15.149  -5.676 0.5714285970
62088  -29.359  -14.706  -4.644 0.4285714328
116098  -31.224  -15.377  -8.001 0.8571428657
62115  -31.941  -15.264  -6.767 0.5714285970
62920  -31.580  -14.261  -5.646 0.5714285970
62960  -30.755  -14.584  -9.861 0.8571428657
62932  -31.690  -14.537  -8.071 0.7142857313
62931  -32.309  -14.238  -6.637 0.5714285970
64618  -34.629  -11.637  -12.712 0.7142857313
64613  -33.316  -11.418  -11.966 0.7142857313
65433  -31.847  -10.626  -11.557 0.7142857313
66230  -31.659  -9.934  -11.516 0.8571428657
65435  -35.855  -10.815  -12.992 0.2857142985
65440  -35.480  -11.482  -13.275 0.4285714328
65439  -34.645  -10.725  -13.065 0.5714285970
57896  -30.087  -19.075  -5.543 0.4285714328
59568  -29.729  -17.883  -5.076 0.4285714328
60462  -28.002  -16.686  -4.421 0.4285714328
60506  -31.556  -15.702  -7.900 0.7142857313
60478  -31.580  -15.689  -7.811 0.7142857313
62144  -30.167  -15.016  -8.975 0.8571428657
63782  -35.829  -12.699  -12.803 0.7142857313
65441  -36.065  -11.672  -13.425 0.2857142985
64619  -35.891  -12.198  -13.505 0.5714285970
63781  -34.740  -12.264  -12.124 0.5714285970
57895  -29.443  -19.753  -4.914 0.4285714328
58778  -28.345  -18.913  -4.519 0.5714285970
59569  -30.445  -17.580  -5.979 0.5714285970
60489  -31.702  -16.058  -7.689 0.7142857313
62167  -37.689  -13.695  -11.778 0.4285714328
63786  -36.666  -12.675  -12.875 0.4285714328
64614  -37.034  -11.913  -12.396 0.4285714328
114618  -36.239  -12.543  -13.346 0.4285714328
56254  -27.770  -21.651  -4.685 0.5714285970
59571  -34.152  -17.402  -4.531 0.4285714328
60481  -35.521  -15.776  -5.136 0.4285714328
62149  -38.328  -14.799  -9.365 0.4285714328
62131  -36.516  -14.698  -8.145 0.4285714328
62160  -39.754  -14.495  -10.188 0.4285714328
62164  -37.614  -14.318  -11.312 0.4285714328
52393  -28.389  -25.171  -2.864 0.1428571492
61316  -36.381  -14.958  -6.507 0.4285714328
62118  -37.284  -15.029  -7.444 0.4285714328
62132  -37.830  -14.906  -8.504 0.4285714328
54389  -30.392  -23.513  -3.287 0.1428571492
58764  -35.558  -18.164  -3.504 0.2857142985
60483  -37.911  -17.166  -5.842 0.2857142985
60465  -36.147  -16.586  -4.436 0.2857142985
57899  -33.631  -18.951  -4.210 0.4285714328
61306  -37.971  -16.237  -6.406 0.2857142985
103439  -34.915  -17.548  -4.018 0.2857142985
107493  -37.317  -15.475  -6.661 0.4285714328
53354  -29.260  -24.848  -2.433 0.1428571492
53374  -29.865  -24.230  -2.839 0.1428571492
52392  -28.051  -25.255  -3.213 0.1428571492
54390  -31.160  -23.141  -2.722 0.2857142985
54403  -30.796  -22.829  -3.730 0.2857142985
57035  -33.565  -20.840  -2.839 0.2857142985
57867  -35.163  -19.512  -2.832 0.2857142985
57879  -34.039  -19.469  -3.411 0.2857142985
57048  -33.036  -20.076  -3.549 0.2857142985
58763  -34.790  -18.832  -3.406 0.2857142985
54374  -30.655  -23.806  -2.262 0.1428571492
56220  -33.261  -21.957  -2.157 0.2857142985
56231  -32.794  -21.487  -3.003 0.2857142985
55335  -31.610  -22.553  -3.241 0.2857142985
49754  -26.755  -27.824  -0.848 0.2857142985
51486  -28.036  -25.839  -1.845 0.1428571492
51473  -27.530  -26.485  -1.569 0.2857142985
52374  -28.666  -25.363  -2.156 0.1428571492
48881  -25.923  -29.685  0.969 0.2857142985
50642  -28.114  -26.976  -0.608 0.2857142985
106848  -26.795  -29.986  1.366 0.1428571492
47992  -24.508  -31.106  1.009 0.2857142985
47128  -24.684  -31.856  1.805 0.1428571492
54391  -32.061  -22.831  -2.230 0.2857142985
56232  -33.720  -21.397  -2.324 0.2857142985
57880  -35.888  -18.967  -3.068 0.2857142985
59573  -36.744  -17.442  -4.247 0.2857142985
58783  -34.182  -18.218  -4.204 0.4285714328
59589  -34.830  -16.663  -4.483 0.4285714328
60482  -36.895  -16.334  -5.339 0.2857142985
61317  -38.537  -15.815  -7.392 0.2857142985
60476  -31.244  -16.397  -6.517 0.7142857313
61334  -38.940  -15.569  -8.316 0.4285714328
62116  -31.730  -14.936  -7.664 0.5714285970
62148  -37.070  -14.624  -9.107 0.4285714328
62969  -36.797  -13.838  -11.656 0.4285714328
64615  -37.870  -12.291  -11.831 0.2857142985
65428  -36.628  -11.199  -11.900 0.2857142985
107116  -33.672  -3.984  -7.155 0.7142857313
64616  -32.548  -10.176  -12.731 0.7142857313
69215  -33.076  -5.842  -8.700 0.8571428657
73248  -32.005  -0.260  -6.261 0.4285714328
111915  -32.572  -0.912  -6.315 0.5714285970
113086  -33.874  -2.035  -7.873 0.7142857313
65434  -35.019  -10.583  -13.084 0.2857142985
69224  -32.555  -5.275  -10.151 0.8571428657
68471  -30.903  -6.466  -12.982 0.5714285970
75971  -30.842  3.866  -8.410 0.2857142985
71849  -31.864  -2.368  -11.686 0.4285714328
76598  -25.507  4.717  -9.830 0.1428571492
74674  -33.952  2.233  -10.415 0.2857142985
73984  -32.891  0.720  -11.222 0.1428571492
77220  -30.476  5.867  -10.365 0.2857142985
48882  -26.755  -29.366  0.815 0.1428571492
108855  -27.904  -28.354  0.446 0.1428571492
109296  -30.911  -24.151  -1.407 0.1428571492
53356  -31.655  -23.560  -1.599 0.1428571492
55349  -31.113  -22.186  -4.126 0.2857142985
55350  -31.944  -21.944  -3.660 0.2857142985
56244  -32.011  -21.184  -3.967 0.2857142985
58765  -36.625  -18.580  -3.495 0.2857142985
58779  -29.474  -18.815  -4.887 0.5714285970
57878  -33.075  -19.472  -4.156 0.2857142985
118324  -27.943  -17.425  -4.376 0.2857142985
60494  -39.409  -16.810  -7.492 0.2857142985
120553  -40.383  -15.999  -8.959 0.2857142985
60488  -31.731  -16.233  -7.563 0.5714285970
62087  -28.187  -14.887  -4.693 0.4285714328
61301  -30.410  -15.673  -5.288 0.5714285970
63712  -29.416  -12.984  -4.553 0.2857142985
62919  -30.708  -14.262  -5.010 0.5714285970
61335  -39.353  -15.201  -9.021 0.2857142985
62117  -35.981  -14.715  -7.250 0.4285714328
63730  -31.613  -13.032  -5.498 0.2857142985
62161  -40.302  -14.365  -10.054 0.1428571492
63784  -38.913  -13.209  -11.166 0.4285714328
62168  -38.447  -13.902  -11.495 0.4285714328
63777  -38.626  -12.692  -11.182 0.1428571492
65426  -31.330  -10.508  -10.151 0.8571428657
64611  -38.022  -12.107  -10.859 0.1428571492
113270  -35.468  -11.851  -13.362 0.5714285970
65438  -33.542  -9.984  -13.323 0.5714285970
66979  -31.064  -8.395  -13.394 0.7142857313
119923  -32.893  -4.625  -9.791 0.8571428657
67738  -33.249  -8.050  -13.238 0.2857142985
67737  -32.573  -7.431  -13.727 0.1428571492
118120  -25.488  1.998  -10.823 0.2857142985
67745  -30.755  -7.779  -13.903 0.4285714328
66980  -33.084  -8.891  -13.499 0.4285714328
67746  -30.908  -7.037  -14.299 0.1428571492
107029  -32.275  -4.022  -11.247 0.5714285970
68491  -30.989  -6.042  -14.136 0.1428571492
69271  -30.988  -5.593  -13.707 0.1428571492
76623  -24.201  4.276  -11.705 0.1428571492
71840  -32.612  -2.287  -10.687 0.5714285970
70163  -30.533  -4.699  -14.511 0.1428571492
71859  -30.935  -2.587  -12.893 0.1428571492
123787  -33.861  2.036  -9.494 0.2857142985
73970  -33.370  0.761  -10.187 0.2857142985
73293  -31.736  -0.765  -11.885 0.2857142985
72609  -30.516  -0.834  -13.216 0.1428571492
73304  -31.323  -0.112  -12.601 0.1428571492
75995  -34.084  3.647  -11.114 0.2857142985
75343  -33.947  2.858  -11.439 0.2857142985
75342  -33.328  2.384  -12.349 0.1428571492
74699  -32.335  1.947  -13.318 0.1428571492
49715  -28.358  -28.642  1.108 0.1428571492
52375  -29.668  -25.127  -1.527 0.1428571492
59574  -37.529  -17.754  -4.974 0.2857142985
65427  -36.223  -10.795  -12.183 0.2857142985
73998  -30.566  0.865  -14.351 0.1428571492
75355  -33.736  3.211  -12.634 0.2857142985
48008  -24.327  -30.281  0.355 0.2857142985
49714  -27.476  -28.914  0.813 0.1428571492
50619  -27.804  -27.766  -0.237 0.1428571492
54388  -29.621  -23.844  -3.748 0.2857142985
55348  -30.528  -22.570  -4.554 0.4285714328
59584  -31.015  -17.293  -6.825 0.5714285970
58789  -30.586  -18.256  -6.308 0.4285714328
62159  -38.612  -14.654  -10.168 0.4285714328
61345  -31.349  -15.411  -9.022 0.7142857313
64612  -32.498  -11.034  -11.804 0.7142857313
114036  -29.891  -13.826  -9.734 0.8571428657
115508  -29.998  -13.886  -9.360 0.8571428657
65425  -31.347  -10.845  -10.662 0.8571428657
66216  -32.040  -9.950  -9.184 0.8571428657
116945  -33.418  -0.944  -6.745 0.5714285970
73261  -33.704  -0.051  -7.920 0.7142857313
75964  -30.966  3.064  -8.114 0.2857142985
75973  -32.484  3.384  -8.440 0.2857142985
117831  -29.207  4.201  -8.949 0.2857142985
62972  -36.505  -12.919  -12.712 0.4285714328
57034  -32.706  -20.851  -3.527 0.2857142985
61304  -35.701  -15.241  -5.900 0.4285714328
116518  -31.446  -13.965  -8.627 0.5714285970
68445  -32.461  -6.722  -10.084 0.8571428657
70134  -33.268  -4.241  -9.136 0.8571428657
75979  -27.556  3.049  -10.020 0.2857142985
103267  -29.984  4.040  -8.682 0.2857142985
75978  -26.292  3.937  -10.805 0.2857142985
61330  -31.062  -15.032  -8.156 0.8571428657
103202  -26.056  6.444  -10.635 0.1428571492
76607  -26.228  4.942  -10.622 0.2857142985
107042  -33.650  4.408  -10.833 0.2857142985
103183  -31.352  5.781  -10.518 0.2857142985
76612  -32.179  4.591  -9.333 0.2857142985
76606  -24.993  4.787  -11.087 0.1428571492
76602  -32.225  4.046  -8.671 0.2857142985
75981  -33.631  3.567  -9.582 0.2857142985
75339  -33.886  2.709  -9.533 0.2857142985
76610  -30.896  5.511  -9.793 0.2857142985
74663  -33.756  1.487  -9.807 0.2857142985
117844  -33.604  2.088  -11.381 0.1428571492
74684  -32.760  1.519  -12.040 0.1428571492
76601  -31.504  4.356  -8.709 0.2857142985
123666  -31.167  0.544  -13.278 0.1428571492
73294  -32.282  -0.041  -11.499 0.1428571492
74683  -31.643  1.195  -13.358 0.1428571492
72610  -31.294  -1.582  -12.374 0.1428571492
110357  -33.747  0.061  -8.687 0.5714285970
120568  -33.346  -0.056  -9.707 0.4285714328
74653  -33.727  1.508  -8.977 0.5714285970
71858  -29.905  -2.913  -14.399 0.1428571492
71013  -31.747  -3.945  -12.135 0.1428571492
123228  -32.961  0.119  -10.642 0.2857142985
72592  -33.413  -1.450  -9.398 0.5714285970
72581  -33.728  -1.302  -8.492 0.7142857313
70155  -31.960  -4.728  -11.789 0.4285714328
71001  -32.327  -3.212  -11.222 0.5714285970
122834  -32.065  -5.421  -11.252 0.7142857313
70141  -32.491  -4.536  -10.652 0.7142857313
71002  -32.910  -3.076  -10.075 0.7142857313
111233  -30.656  -7.188  -13.481 0.5714285970
66982  -31.380  -8.523  -13.946 0.4285714328
68459  -31.790  -6.913  -11.132 0.8571428657
63741  -32.368  -12.978  -7.673 0.5714285970
64571  -32.792  -11.306  -6.719 0.4285714328
123056  -31.624  -10.063  -10.832 0.8571428657
66967  -31.604  -9.081  -11.614 0.8571428657
66243  -31.517  -8.846  -13.457 0.4285714328
66241  -32.999  -9.197  -13.505 0.5714285970
65437  -31.776  -9.943  -12.193 0.7142857313
105527  -28.918  -17.302  -4.661 0.5714285970
60463  -29.089  -16.515  -4.717 0.4285714328
60477  -31.608  -16.163  -7.516 0.7142857313
61303  -31.588  -15.795  -7.618 0.7142857313
62106  -30.917  -15.429  -5.357 0.5714285970
61312  -30.409  -14.963  -8.641 0.7142857313
62939  -30.270  -14.523  -8.947 0.8571428657
113280  -34.986  -11.361  -13.118 0.5714285970
64617  -33.862  -10.852  -12.694 0.7142857313
58780  -30.170  -18.301  -5.588 0.5714285970
59567  -28.661  -18.086  -4.546 0.5714285970
62974  -38.081  -13.221  -11.878 0.4285714328
64610  -37.255  -11.711  -11.420 0.2857142985
61305  -36.639  -15.563  -5.875 0.4285714328
62150  -39.718  -14.872  -9.658 0.4285714328
62169  -39.065  -13.954  -11.121 0.4285714328
59572  -35.765  -17.289  -3.906 0.2857142985
53355  -30.166  -24.504  -1.894 0.1428571492
57036  -34.338  -20.153  -2.758 0.2857142985
55336  -32.402  -22.203  -2.684 0.2857142985
114360  -26.075  -30.486  1.438 0.1428571492
47129  -25.383  -31.220  1.492 0.1428571492
63783  -38.233  -12.868  -11.853 0.2857142985
76605  -24.294  4.212  -11.272 0.1428571492
115770  -27.385  -29.594  1.268 0.1428571492
49736  -28.656  -28.159  0.430 0.1428571492
75977  -23.696  3.608  -11.347 0.1428571492
70961  -32.685  -3.492  -5.787 0.5714285970
69189  -33.299  -5.713  -5.765 0.4285714328
70106  -32.934  -4.919  -5.367 0.4285714328
70962  -33.132  -4.329  -5.919 0.5714285970
68407  -33.493  -6.241  -6.448 0.4285714328
70115  -33.551  -4.576  -6.624 0.5714285970
105882  -33.656  -3.241  -6.896 0.4285714328
110992  -33.373  -8.358  -6.101 0.4285714328
116051  -33.498  -7.009  -6.631 0.4285714328
115400  -33.328  -7.542  -5.750 0.4285714328
69205  -33.492  -5.708  -7.684 0.5714285970
69199  -33.569  -5.494  -6.739 0.5714285970
65399  -32.915  -10.667  -7.144 0.5714285970
60484  -38.814  -17.753  -6.699 0.1428571492
110183  -38.796  -17.200  -6.879 0.1428571492
53383  -25.709  -24.782  -3.565 0.2857142985
60466  -37.087  -17.039  -4.875 0.1428571492
58796  -39.913  -18.777  -6.475 0.1428571492
59591  -39.273  -18.283  -6.703 0.1428571492
58804  -40.163  -18.056  -6.740 0.1428571492
58803  -39.889  -18.194  -6.808 0.1428571492
59592  -40.370  -17.849  -6.381 0.1428571492
52405  -26.050  -25.833  -3.692 0.2857142985
58766  -37.364  -19.060  -4.035 0.1428571492
58785  -38.503  -19.519  -5.897 0.1428571492
59555  -37.172  -18.225  -4.177 0.1428571492
58794  -38.788  -18.903  -6.276 0.1428571492
57911  -40.102  -19.195  -6.151 0.1428571492
124936  -39.602  -19.165  -6.349 0.1428571492
59543  -39.877  -17.781  -3.067 0.1428571492
59556  -40.309  -17.931  -4.514 0.1428571492
60436  -39.928  -16.931  -3.408 0.1428571492
118434  -25.568  -26.279  -3.267 0.2857142985
52404  -25.220  -25.415  -3.193 0.2857142985
56233  -34.667  -20.989  -2.130 0.1428571492
57038  -36.408  -20.429  -2.421 0.1428571492
57868  -36.116  -19.701  -2.714 0.1428571492
57881  -36.716  -19.334  -3.246 0.1428571492
57901  -38.653  -20.341  -5.830 0.1428571492
57882  -37.265  -20.010  -3.924 0.1428571492
57910  -39.523  -19.538  -6.112 0.1428571492
57900  -37.870  -19.806  -5.092 0.1428571492
57078  -39.660  -19.867  -5.758 0.1428571492
58767  -40.397  -18.936  -4.504 0.1428571492
51497  -24.328  -26.682  -2.472 0.2857142985
51484  -24.618  -27.435  -2.339 0.2857142985
55323  -33.624  -22.454  -1.472 0.1428571492
56222  -35.199  -21.637  -1.398 0.1428571492
56234  -35.824  -20.934  -1.790 0.1428571492
111550  -38.120  -20.675  -5.504 0.1428571492
57039  -37.175  -20.768  -3.178 0.1428571492
57077  -39.226  -20.410  -5.808 0.1428571492
57883  -40.305  -19.627  -4.414 0.1428571492
59544  -39.893  -16.964  -2.219 0.1428571492
55322  -32.820  -22.495  -1.934 0.1428571492
56221  -34.209  -21.779  -1.701 0.1428571492
54376  -33.990  -23.060  -0.876 0.1428571492
56223  -36.111  -21.778  -1.507 0.1428571492
55325  -35.616  -22.359  -0.976 0.1428571492
56259  -37.868  -22.305  -5.514 0.1428571492
56235  -36.645  -21.285  -2.255 0.1428571492
56260  -38.194  -21.953  -5.750 0.1428571492
56245  -37.585  -21.577  -4.381 0.1428571492
57076  -38.849  -20.942  -5.797 0.1428571492
57871  -40.195  -19.301  -3.463 0.1428571492
57068  -40.030  -20.173  -4.953 0.1428571492
58756  -39.889  -18.569  -2.699 0.1428571492
115798  -36.251  -23.155  -0.818 0.1428571492
55324  -34.627  -22.355  -1.087 0.1428571492
55337  -36.873  -22.373  -2.295 0.1428571492
55326  -36.332  -22.520  -1.337 0.1428571492
55363  -38.170  -22.802  -5.824 0.1428571492
112942  -37.548  -23.461  -5.026 0.1428571492
56269  -38.531  -21.955  -5.815 0.1428571492
56261  -39.652  -21.658  -5.413 0.1428571492
57051  -40.378  -20.283  -3.873 0.1428571492
56270  -39.078  -21.331  -5.764 0.1428571492
53358  -36.422  -23.936  -0.609 0.1428571492
54358  -35.644  -23.762  -0.355 0.1428571492
54377  -35.097  -23.034  -0.647 0.1428571492
54393  -37.413  -23.967  -4.357 0.1428571492
53375  -37.270  -24.030  -2.985 0.1428571492
115406  -37.923  -23.395  -5.737 0.1428571492
57050  -40.176  -21.034  -4.786 0.1428571492
55372  -38.968  -22.246  -5.771 0.1428571492
54378  -36.927  -23.173  -1.861 0.1428571492
55338  -37.247  -21.886  -3.314 0.1428571492
57049  -37.551  -20.786  -4.290 0.1428571492
59530  -39.805  -17.828  -1.939 0.1428571492
60423  -40.307  -16.238  -1.434 0.1428571492
117206  -40.108  -18.507  -3.653 0.1428571492
59600  -39.742  -17.498  -7.217 0.1428571492
50674  -25.379  -27.215  -2.472 0.2857142985
57040  -40.218  -19.953  -2.747 0.1428571492
109838  -40.073  -17.131  -1.215 0.1428571492
66933  -33.164  -8.953  -6.931 0.4285714328
60437  -40.075  -16.115  -2.471 0.1428571492
59575  -40.399  -17.475  -5.509 0.1428571492
106887  -40.271  -16.964  -7.879 0.1428571492
61318  -40.200  -16.470  -8.374 0.1428571492
72565  -32.086  -2.075  -5.818 0.4285714328
76002  -33.689  3.704  -13.894 0.1428571492
70969  -33.289  -3.154  -6.346 0.4285714328
112251  -25.307  -26.853  -2.856 0.2857142985
76634  -33.571  4.861  -12.328 0.1428571492
54375  -32.846  -23.128  -1.331 0.1428571492
61348  -40.635  -15.420  -9.202 0.1428571492
62151  -40.618  -14.763  -9.598 0.1428571492
59590  -38.315  -18.118  -6.042 0.1428571492
58795  -39.546  -18.852  -6.490 0.1428571492
58797  -40.269  -18.496  -6.329 0.1428571492
58784  -37.839  -18.747  -5.263 0.1428571492
59601  -40.160  -17.582  -7.042 0.1428571492
121550  -40.424  -17.282  -6.270 0.1428571492
59576  -40.450  -18.133  -5.750 0.1428571492
58786  -40.454  -18.741  -5.560 0.1428571492
57902  -40.222  -19.463  -5.320 0.1428571492
104681  -39.180  -19.544  -6.203 0.1428571492
57037  -35.462  -20.252  -2.375 0.1428571492
57869  -36.796  -19.992  -2.958 0.1428571492
110483  -37.746  -20.496  -4.829 0.1428571492
57066  -38.408  -21.245  -5.755 0.1428571492
57065  -37.880  -21.298  -5.334 0.1428571492
57067  -39.555  -20.755  -5.514 0.1428571492
55351  -37.583  -22.608  -4.697 0.1428571492
55371  -38.292  -22.917  -5.800 0.1428571492
56246  -40.190  -21.878  -4.592 0.1428571492
109045  -37.375  -22.939  -3.733 0.1428571492
54392  -37.213  -23.297  -2.987 0.1428571492
47126  -23.344  -31.394  1.326 0.1428571492
47991  -23.913  -30.939  0.653 0.1428571492
47990  -22.826  -30.746  1.014 0.1428571492
117283  -23.498  -30.673  0.620 0.1428571492
48901  -23.825  -29.339  -0.355 0.1428571492
48915  -24.105  -28.416  -0.718 0.1428571492
48914  -23.693  -28.851  -0.633 0.1428571492
50639  -23.445  -28.040  -1.411 0.1428571492
49751  -23.948  -28.101  -1.061 0.1428571492
50659  -24.927  -27.344  -2.300 0.1428571492
48913  -23.032  -29.101  -0.656 0.1428571492
50658  -24.267  -27.760  -1.853 0.1428571492
120002  -22.745  -26.323  -1.440 0.1428571492
52373  -23.541  -26.052  -1.977 0.1428571492
53372  -24.294  -24.987  -2.583 0.1428571492
52387  -24.085  -25.766  -2.364 0.1428571492
54400  -26.235  -24.077  -4.083 0.1428571492
53381  -23.972  -24.176  -2.859 0.2857142985
54408  -26.506  -23.108  -4.370 0.2857142985
57893  -26.913  -19.885  -4.278 0.4285714328
57894  -28.245  -19.951  -4.581 0.4285714328
117980  -28.980  -19.421  -4.640 0.4285714328
64558  -32.558  -10.968  -5.576 0.2857142985
66181  -33.163  -9.746  -5.619 0.2857142985
66194  -33.286  -9.843  -6.529 0.2857142985
69177  -31.188  -5.583  -4.775 0.2857142985
69187  -31.806  -4.935  -4.996 0.2857142985
104234  -32.223  -4.223  -5.357 0.2857142985
52388  -24.781  -26.060  -2.853 0.1428571492
54398  -24.116  -23.604  -3.331 0.2857142985
48900  -23.373  -29.538  -0.194 0.1428571492
49750  -22.664  -28.429  -0.918 0.1428571492
50657  -23.116  -27.390  -1.560 0.1428571492
52372  -22.793  -25.293  -1.743 0.1428571492
52386  -23.463  -25.152  -2.199 0.1428571492
53371  -23.433  -24.350  -2.423 0.1428571492
55345  -23.411  -22.956  -3.435 0.2857142985
54399  -25.117  -23.742  -3.576 0.2857142985
55346  -24.308  -22.811  -3.783 0.2857142985
55347  -25.513  -23.023  -3.906 0.2857142985
109068  -27.308  -22.238  -4.825 0.4285714328
104123  -26.721  -21.474  -4.311 0.4285714328
57892  -25.869  -19.811  -4.117 0.2857142985
64557  -31.776  -11.748  -5.245 0.2857142985
110158  -31.874  -10.725  -4.855 0.2857142985
65387  -33.120  -10.510  -6.095 0.2857142985
66179  -31.990  -9.388  -4.741 0.2857142985
66920  -32.650  -8.959  -5.108 0.2857142985
105654  -33.006  -8.292  -5.373 0.2857142985
67639  -31.837  -6.926  -4.740 0.2857142985
113131  -30.532  -7.427  -5.081 0.2857142985
69188  -32.586  -5.513  -5.023 0.2857142985
55356  -25.909  -22.405  -4.053 0.2857142985
115442  -31.138  -11.039  -4.488 0.2857142985
65373  -32.286  -10.178  -4.982 0.2857142985
66918  -30.524  -8.193  -5.138 0.2857142985
112085  -32.320  -8.236  -4.919 0.2857142985
125297  -31.447  -7.712  -4.811 0.2857142985
68394  -32.783  -6.842  -5.102 0.2857142985
65371  -30.204  -9.900  -5.100 0.2857142985
66178  -30.924  -9.136  -4.814 0.2857142985
66919  -31.657  -8.570  -4.771 0.2857142985
57061  -27.423  -20.750  -4.471 0.4285714328
49770  -24.427  -27.738  -1.565 0.1428571492
109537  -26.676  -22.291  -4.456 0.4285714328
48007  -23.754  -30.056  0.159 0.1428571492
115454  -32.903  -6.166  -5.230 0.2857142985
67657  -32.562  -7.613  -4.982 0.2857142985
51483  -23.675  -27.107  -2.068 0.1428571492
48006  -23.066  -30.119  0.396 0.1428571492
51472  -22.209  -27.071  -1.121 0.1428571492
121763  -23.820  -27.698  -1.949 0.1428571492
54387  -23.370  -23.626  -2.840 0.2857142985
57060  -26.479  -20.547  -4.135 0.4285714328
68384  -31.264  -6.308  -4.671 0.2857142985
56253  -25.759  -21.679  -4.008 0.4285714328
66193  -29.899  -8.945  -5.440 0.2857142985
58777  -26.221  -18.458  -4.370 0.2857142985
103729  -27.191  -19.064  -4.367 0.2857142985
78390  -29.920  8.433  -15.054 0.1428571492
78391  -31.000  8.113  -15.143 0.1428571492
77797  -30.999  6.926  -13.470 0.1428571492
77226  -31.779  5.978  -11.537 0.1428571492
77228  -33.096  5.353  -11.761 0.1428571492
78986  -30.018  9.242  -15.337 0.1428571492
77788  -30.874  6.433  -12.338 0.1428571492
77787  -28.185  6.974  -11.720 0.1428571492
105578  -24.875  7.789  -12.011 0.1428571492
59566  -27.321  -18.059  -4.300 0.2857142985
59565  -26.152  -17.553  -4.493 0.2857142985
77807  -32.371  7.145  -14.665 0.1428571492
119457  -33.492  4.859  -11.415 0.1428571492
77798  -31.850  6.446  -13.181 0.1428571492
77227  -32.490  5.781  -12.319 0.1428571492
111149  -32.440  4.984  -10.111 0.1428571492
104035  -29.741  6.655  -11.880 0.1428571492
108370  -32.576  5.614  -11.313 0.1428571492
78369  -28.890  7.320  -12.690 0.1428571492
121363  -24.813  7.941  -13.103 0.1428571492
78368  -27.087  7.739  -13.096 0.1428571492
77774  -26.038  6.679  -10.742 0.1428571492
77776  -30.697  6.262  -11.117 0.1428571492
78381  -30.485  7.749  -14.259 0.1428571492
78973  -28.144  9.294  -14.804 0.1428571492
77796  -30.062  7.161  -13.065 0.1428571492
79593  -28.432  10.174  -15.060 0.1428571492
77233  -32.621  6.209  -13.716 0.1428571492
106204  -29.865  -10.677  -4.712 0.1428571492
110379  -30.657  -10.607  -4.398 0.1428571492
65372  -31.382  -10.097  -4.607 0.1428571492
118856  -28.640  -8.016  -6.110 0.1428571492
118198  -28.890  -7.454  -6.086 0.1428571492
121817  -30.310  -11.405  -4.331 0.1428571492
66932  -29.441  -8.115  -5.655 0.1428571492
67670  -29.267  -6.801  -5.971 0.1428571492
68393  -29.757  -6.153  -5.779 0.1428571492
69186  -29.378  -5.375  -5.699 0.2857142985
61284  -29.247  -15.664  -4.706 0.2857142985
61300  -27.370  -15.282  -4.704 0.1428571492
63711  -28.515  -12.686  -4.621 0.1428571492
110426  -30.179  -12.466  -4.497 0.1428571492
66238  -34.592  -9.776  -12.914 0.1428571492
65386  -29.345  -10.107  -5.199 0.1428571492
67655  -30.145  -6.826  -5.457 0.1428571492
104926  -30.809  -5.016  -5.207 0.1428571492
113039  -30.300  -5.515  -5.438 0.1428571492
70104  -30.056  -4.826  -5.547 0.2857142985
70959  -30.307  -3.463  -5.575 0.2857142985
72568  -28.214  -1.719  -7.268 0.2857142985
124227  -27.674  -1.987  -7.324 0.2857142985
73923  -28.160  -0.655  -7.851 0.2857142985
75338  -24.046  2.594  -11.849 0.1428571492
73921  -25.989  -0.385  -8.036 0.1428571492
70960  -31.474  -3.518  -5.436 0.2857142985
108289  -29.865  -4.072  -5.577 0.2857142985
71798  -30.823  -2.811  -5.588 0.2857142985
121388  -31.160  -1.192  -5.903 0.2857142985
71805  -29.462  -2.103  -6.330 0.2857142985
115245  -28.742  -2.071  -6.804 0.2857142985
72569  -29.135  -1.545  -6.735 0.2857142985
117820  -28.207  -2.274  -7.009 0.2857142985
73924  -29.025  -0.110  -7.103 0.2857142985
73944  -27.019  -0.085  -9.496 0.1428571492
71811  -27.193  -1.896  -7.325 0.2857142985
75319  -24.223  1.349  -10.565 0.1428571492
75968  -25.281  2.238  -9.520 0.1428571492
111076  -27.647  -2.440  -7.065 0.1428571492
70967  -27.530  -3.144  -6.779 0.1428571492
72577  -27.342  -1.564  -7.683 0.2857142985
73934  -26.376  -0.739  -9.043 0.1428571492
73254  -27.183  -1.049  -8.207 0.2857142985
73260  -25.219  -0.508  -9.374 0.1428571492
110470  -27.329  -6.921  -6.712 0.2857142985
72567  -26.787  -1.952  -7.151 0.1428571492
73916  -26.496  -0.367  -6.728 0.1428571492
73243  -26.445  -1.316  -7.546 0.1428571492
67653  -26.128  -7.556  -6.831 0.1428571492
119277  -36.611  -11.357  -10.956 0.1428571492
62896  -28.877  -13.649  -4.573 0.1428571492
121035  -27.876  -12.095  -4.990 0.1428571492
66978  -34.335  -8.843  -12.087 0.1428571492
64554  -27.609  -11.197  -5.146 0.1428571492
65369  -27.947  -10.354  -5.288 0.1428571492
66177  -27.420  -9.451  -6.013 0.1428571492
66192  -29.193  -9.411  -5.475 0.1428571492
66931  -27.998  -8.302  -6.273 0.1428571492
66917  -29.813  -7.459  -5.602 0.1428571492
68406  -28.191  -6.843  -6.325 0.1428571492
68383  -30.572  -6.192  -5.055 0.1428571492
68392  -28.554  -6.034  -5.946 0.2857142985
70958  -29.155  -3.372  -6.060 0.1428571492
71797  -29.753  -2.716  -5.898 0.2857142985
70968  -28.261  -2.882  -6.722 0.1428571492
71804  -28.899  -2.572  -6.540 0.1428571492
116663  -26.280  -2.051  -6.444 0.1428571492
72576  -26.484  -1.113  -8.104 0.1428571492
73253  -25.682  -0.820  -8.582 0.1428571492
73943  -25.449  -0.444  -10.021 0.1428571492
109168  -26.227  -0.877  -7.550 0.1428571492
73933  -24.664  -0.256  -9.537 0.1428571492
113446  -35.471  -10.272  -11.796 0.1428571492
121197  -35.246  -10.243  -12.720 0.1428571492
66232  -34.912  -9.612  -12.052 0.1428571492
73247  -30.870  -0.551  -6.125 0.2857142985
73942  -23.970  -0.177  -10.474 0.1428571492
73935  -27.511  -0.361  -8.542 0.2857142985
71799  -31.893  -2.779  -5.584 0.2857142985
62897  -29.750  -13.914  -4.764 0.1428571492
62086  -27.753  -14.122  -4.814 0.1428571492
72571  -31.984  -1.421  -5.984 0.2857142985
103236  -31.075  -12.104  -4.532 0.1428571492
122997  -31.266  -2.287  -5.672 0.2857142985
70105  -30.918  -4.307  -5.344 0.1428571492
64556  -29.269  -11.259  -4.723 0.1428571492
65385  -28.501  -9.824  -5.440 0.1428571492
108686  -28.926  -8.668  -5.851 0.1428571492
64555  -28.492  -11.051  -5.052 0.1428571492
63728  -29.359  -12.058  -4.505 0.1428571492
70103  -28.993  -4.419  -5.776 0.2857142985
73244  -27.868  -1.260  -7.690 0.2857142985
73245  -28.682  -1.028  -7.229 0.2857142985
118610  -25.798  0.338  -8.297 0.1428571492
111172  -30.378  -2.156  -5.808 0.2857142985
72564  -31.153  -1.739  -5.790 0.2857142985
72570  -30.181  -1.415  -6.061 0.2857142985
73246  -29.630  -0.707  -6.546 0.2857142985
54385  -21.888  -23.091  -2.435 0.1428571492
117955  -23.467  -22.363  -3.888 0.1428571492
56229  -20.976  -21.643  -2.553 0.1428571492
56239  -21.868  -21.038  -3.466 0.1428571492
57045  -22.231  -20.655  -3.891 0.1428571492
56241  -23.151  -21.730  -4.092 0.1428571492
57876  -22.008  -19.850  -4.003 0.1428571492
57046  -22.918  -20.956  -4.174 0.1428571492
55355  -24.989  -22.177  -4.009 0.1428571492
57889  -22.668  -19.396  -4.345 0.1428571492
57058  -24.307  -20.496  -4.298 0.1428571492
57059  -25.476  -20.702  -4.008 0.1428571492
57891  -24.764  -19.640  -4.376 0.1428571492
106585  -23.412  -19.121  -4.669 0.1428571492
58776  -25.208  -18.093  -4.805 0.1428571492
60461  -27.039  -17.048  -4.382 0.1428571492
69185  -28.480  -5.148  -5.784 0.1428571492
56242  -23.988  -21.953  -4.125 0.1428571492
55332  -21.399  -22.384  -2.554 0.1428571492
56240  -22.433  -21.412  -3.762 0.1428571492
55344  -22.697  -22.269  -3.521 0.1428571492
55334  -22.684  -23.029  -2.888 0.1428571492
56252  -24.674  -21.348  -4.161 0.1428571492
103396  -25.475  -18.988  -4.473 0.1428571492
55333  -22.097  -22.504  -2.918 0.1428571492
56230  -21.814  -21.753  -3.135 0.1428571492
57031  -21.274  -20.985  -2.987 0.1428571492
57057  -23.466  -20.389  -4.355 0.1428571492
56251  -23.709  -21.175  -4.298 0.1428571492
57890  -23.891  -19.758  -4.454 0.1428571492
118711  -21.914  -18.844  -4.076 0.1428571492
111703  -24.107  -19.179  -4.696 0.1428571492
57875  -21.233  -19.467  -3.365 0.1428571492
55316  -20.947  -23.025  -2.031 0.1428571492
51498  -25.840  -26.943  -2.733 0.2857142985
53370  -22.862  -24.612  -2.088 0.1428571492
53382  -24.746  -24.425  -3.152 0.2857142985
53384  -26.564  -25.195  -3.919 0.5714285970
54412  -30.100  -22.973  -4.870 0.4285714328
57056  -22.711  -20.201  -4.242 0.1428571492
57909  -39.078  -20.167  -5.928 0.1428571492
58792  -32.232  -18.819  -6.524 0.7142857313
59554  -36.456  -17.925  -3.731 0.2857142985
59585  -31.496  -16.649  -7.177 0.7142857313
59597  -31.792  -16.943  -7.323 0.8571428657
60507  -31.974  -16.040  -8.529 0.8571428657
61331  -33.560  -16.406  -8.875 0.8571428657
61349  -31.948  -15.545  -9.247 0.8571428657
62105  -30.308  -14.834  -4.674 0.5714285970
62146  -33.770  -15.563  -9.624 0.8571428657
62158  -37.575  -14.742  -9.936 0.4285714328
62165  -38.702  -14.351  -10.888 0.4285714328
62166  -39.618  -14.144  -10.555 0.4285714328
62895  -28.037  -13.499  -4.750 0.1428571492
62951  -30.003  -14.460  -9.394 0.8571428657
62953  -40.464  -14.357  -9.940 0.1428571492
62962  -33.760  -14.517  -10.368 0.8571428657
62970  -39.409  -13.645  -10.689 0.4285714328
62971  -39.398  -13.871  -10.819 0.4285714328
62973  -37.260  -13.116  -12.291 0.4285714328
62975  -38.850  -13.554  -11.349 0.4285714328
62976  -37.478  -12.801  -12.362 0.4285714328
63727  -28.535  -11.742  -4.769 0.1428571492
63759  -29.868  -13.040  -9.697 1.0000000000
63768  -38.646  -12.731  -10.218 0.1428571492
63785  -35.663  -12.217  -13.329 0.5714285970
63787  -37.281  -12.588  -12.519 0.2857142985
64600  -30.239  -12.103  -9.910 1.0000000000
64601  -37.103  -11.736  -10.327 0.1428571492
64620  -36.447  -12.361  -13.202 0.4285714328
65370  -28.926  -10.578  -5.112 0.1428571492
65374  -32.821  -10.217  -5.447 0.2857142985
65436  -36.474  -11.372  -12.798 0.2857142985
66180  -32.634  -9.683  -5.119 0.2857142985
66205  -32.970  -9.936  -7.523 0.2857142985
66231  -31.739  -9.614  -10.566 0.8571428657
66240  -31.948  -9.424  -13.102 0.4285714328
66244  -32.128  -9.005  -13.695 0.2857142985
66921  -33.266  -9.004  -5.885 0.2857142985
66952  -32.272  -9.100  -9.339 0.8571428657
66977  -31.227  -8.418  -12.625 0.7142857313
67656  -30.907  -6.890  -4.796 0.2857142985
68385  -32.068  -6.084  -4.713 0.2857142985
68395  -33.322  -6.601  -5.801 0.2857142985
68446  -32.736  -6.537  -9.032 0.8571428657
70107  -33.472  -5.003  -5.996 0.5714285970
70142  -33.015  -3.951  -9.934 0.8571428657
70970  -33.401  -3.808  -6.465 0.4285714328
71807  -33.490  -2.511  -6.584 0.4285714328
72572  -33.050  -1.726  -6.244 0.5714285970
72602  -32.906  -1.487  -10.253 0.5714285970
73249  -32.888  -0.222  -6.648 0.8571428657
73926  -31.413  0.678  -6.817 0.7142857313
73953  -23.486  -0.087  -10.827 0.2857142985
73969  -23.505  0.202  -11.048 0.2857142985
74660  -23.500  0.635  -10.947 0.2857142985
75322  -33.205  2.261  -8.317 0.5714285970
75337  -23.827  2.914  -11.778 0.1428571492
75998  -33.994  3.572  -11.922 0.2857142985
76611  -31.289  5.032  -9.203 0.2857142985
76622  -23.649  4.013  -11.820 0.1428571492
76625  -33.039  5.149  -10.780 0.1428571492
77806  -31.553  7.404  -14.436 0.1428571492
78389  -28.811  8.649  -14.701 0.1428571492
78979  -29.211  9.109  -15.162 0.1428571492
78984  -27.797  9.893  -14.991 0.1428571492
78985  -29.004  9.877  -15.354 0.1428571492
104069  -33.802  3.848  -10.347 0.2857142985
104768  -31.026  -11.678  -9.759 1.0000000000
105063  -37.545  -14.652  -10.669 0.4285714328
105898  -33.681  -4.092  -7.816 1.0000000000
110090  -33.278  -0.875  -9.844 0.5714285970
110091  -31.192  -12.572  -9.583 0.8571428657
111209  -32.497  -8.298  -13.784 0.4285714328
111447  -28.409  -14.176  -4.663 0.1428571492
112106  -32.600  -12.059  -7.416 0.4285714328
113745  -33.315  1.161  -7.802 0.8571428657
113967  -23.445  -28.511  -0.963 0.1428571492
117687  -23.227  -19.777  -4.450 0.1428571492
118342  -26.295  -19.211  -4.317 0.1428571492
120975  -29.923  -0.706  -14.152 0.1428571492
121599  -31.555  -15.780  -6.373 0.5714285970
122512  -31.257  1.700  -7.511 0.5714285970
122845  -31.901  -5.486  -4.769 0.2857142985
123882  -31.742  -0.862  -6.092 0.2857142985
124103  -31.655  -10.368  -11.416 0.8571428657
124164  -30.514  5.199  -9.283 0.2857142985
124779  -33.858  -2.713  -7.799 1.0000000000
