#!ascii label  , from subject Paciente_3 vox2ras=TkReg
439
56256  -30.675  -21.652  -5.345 0.0000000000
59568  -29.729  -17.883  -5.076 0.0000000000
68407  -33.493  -6.241  -6.448 0.0000000000
65409  -31.821  -10.806  -9.146 0.0000000000
113312  -33.325  -15.100  -10.051 0.0000000000
60481  -35.521  -15.776  -5.136 0.0000000000
104234  -32.223  -4.223  -5.357 0.0000000000
63767  -29.951  -13.101  -10.221 0.0000000000
62115  -31.941  -15.264  -6.767 0.0000000000
103165  -30.682  -20.288  -6.022 0.0000000000
58802  -32.125  -18.008  -7.011 0.0000000000
57898  -32.589  -19.243  -5.077 0.0000000000
52406  -26.700  -25.976  -3.720 0.0000000000
116119  -28.104  -22.494  -5.125 0.0000000000
107792  -28.369  1.634  -8.818 0.0000000000
74635  -30.798  1.065  -7.238 0.0000000000
73255  -33.459  -0.211  -7.242 0.0000000000
71816  -33.722  -2.872  -8.461 0.0000000000
69224  -32.555  -5.275  -10.151 0.0000000000
66941  -32.989  -8.417  -7.726 0.0000000000
67722  -31.276  -8.108  -12.054 0.0000000000
64616  -32.548  -10.176  -12.731 0.0000000000
64619  -35.891  -12.198  -13.505 0.0000000000
62168  -38.447  -13.902  -11.495 0.0000000000
60478  -31.580  -15.689  -7.811 0.0000000000
62130  -35.382  -14.973  -8.129 0.0000000000
62920  -31.580  -14.261  -5.646 0.0000000000
62088  -29.359  -14.706  -4.644 0.0000000000
56268  -31.164  -21.048  -5.805 0.0000000000
57907  -32.013  -19.833  -6.621 0.0000000000
57064  -32.061  -20.431  -5.567 0.0000000000
49734  -26.251  -28.349  -0.418 0.0000000000
49753  -26.039  -27.801  -1.271 0.0000000000
50662  -26.738  -26.800  -2.260 0.0000000000
57061  -27.423  -20.750  -4.471 0.0000000000
56253  -25.759  -21.679  -4.008 0.0000000000
73927  -32.309  0.455  -6.750 0.0000000000
70106  -32.934  -4.919  -5.367 0.0000000000
105882  -33.656  -3.241  -6.896 0.0000000000
70120  -33.575  -4.819  -7.512 0.0000000000
70134  -33.268  -4.241  -9.136 0.0000000000
124827  -33.336  -5.820  -8.192 0.0000000000
66217  -32.545  -9.981  -8.414 0.0000000000
121468  -32.462  -8.323  -9.886 0.0000000000
66225  -31.736  -9.896  -9.802 0.0000000000
66239  -31.531  -9.069  -12.585 0.0000000000
65425  -31.347  -10.845  -10.662 0.0000000000
62965  -31.094  -13.755  -10.116 0.0000000000
63780  -33.342  -12.063  -11.550 0.0000000000
63776  -34.921  -12.859  -11.408 0.0000000000
63786  -36.666  -12.675  -12.875 0.0000000000
124647  -36.149  -14.271  -11.084 0.0000000000
60462  -28.002  -16.686  -4.421 0.0000000000
60476  -31.244  -16.397  -6.517 0.0000000000
107041  -30.866  -16.899  -6.311 0.0000000000
60479  -33.437  -16.731  -6.329 0.0000000000
60491  -33.403  -16.570  -7.512 0.0000000000
61315  -35.299  -15.110  -6.641 0.0000000000
62131  -36.516  -14.698  -8.145 0.0000000000
62118  -37.284  -15.029  -7.444 0.0000000000
52391  -27.176  -25.811  -3.471 0.0000000000
53385  -26.906  -25.288  -4.120 0.0000000000
52408  -27.439  -25.380  -3.688 0.0000000000
53395  -28.737  -23.989  -4.644 0.0000000000
64570  -32.677  -12.080  -6.392 0.0000000000
64592  -30.183  -12.271  -9.708 0.0000000000
117038  -32.295  -13.797  -7.397 0.0000000000
62932  -31.690  -14.537  -8.071 0.0000000000
62144  -30.167  -15.016  -8.975 0.0000000000
57896  -30.087  -19.075  -5.543 0.0000000000
58790  -31.007  -18.048  -7.048 0.0000000000
57916  -31.527  -18.923  -6.748 0.0000000000
58793  -32.655  -18.394  -6.097 0.0000000000
59570  -33.286  -17.782  -5.131 0.0000000000
113176  -26.570  -26.513  -2.891 0.0000000000
58778  -28.345  -18.913  -4.519 0.0000000000
57894  -28.245  -19.951  -4.581 0.0000000000
112937  -29.535  -21.279  -5.246 0.0000000000
55370  -30.137  -22.136  -5.323 0.0000000000
120272  -28.464  3.797  -9.236 0.0000000000
106665  -28.494  0.192  -7.941 0.0000000000
74642  -30.150  1.611  -7.750 0.0000000000
75316  -32.644  2.584  -8.141 0.0000000000
74645  -33.440  1.631  -8.303 0.0000000000
110357  -33.747  0.061  -8.687 0.0000000000
71806  -32.838  -2.612  -5.992 0.0000000000
113086  -33.874  -2.035  -7.873 0.0000000000
72592  -33.413  -1.450  -9.398 0.0000000000
71840  -32.612  -2.287  -10.687 0.0000000000
107029  -32.275  -4.022  -11.247 0.0000000000
69251  -31.406  -5.603  -12.443 0.0000000000
116051  -33.498  -7.009  -6.631 0.0000000000
111505  -32.857  -7.121  -8.554 0.0000000000
68459  -31.790  -6.913  -11.132 0.0000000000
68471  -30.903  -6.466  -12.982 0.0000000000
67745  -30.755  -7.779  -13.903 0.0000000000
66242  -33.968  -9.805  -13.269 0.0000000000
63779  -32.070  -11.802  -11.070 0.0000000000
113280  -34.986  -11.361  -13.118 0.0000000000
61301  -30.410  -15.673  -5.288 0.0000000000
61303  -31.588  -15.795  -7.618 0.0000000000
60512  -32.221  -15.872  -8.988 0.0000000000
59598  -32.386  -17.038  -7.391 0.0000000000
60508  -32.960  -16.686  -8.501 0.0000000000
104716  -34.778  -15.440  -9.772 0.0000000000
115812  -36.591  -14.715  -10.079 0.0000000000
62160  -39.754  -14.495  -10.188 0.0000000000
55357  -27.346  -23.034  -5.064 0.0000000000
125124  -29.224  -23.012  -5.181 0.0000000000
55348  -30.528  -22.570  -4.554 0.0000000000
57063  -31.650  -20.733  -5.856 0.0000000000
56257  -31.197  -21.304  -5.335 0.0000000000
56258  -31.728  -20.997  -5.025 0.0000000000
56243  -31.420  -21.580  -4.542 0.0000000000
48903  -26.741  -28.810  0.308 0.0000000000
49735  -27.136  -28.281  0.067 0.0000000000
69189  -33.299  -5.713  -5.765 0.0000000000
70115  -33.551  -4.576  -6.624 0.0000000000
69199  -33.569  -5.494  -6.739 0.0000000000
108224  -33.368  -5.309  -8.252 0.0000000000
69205  -33.492  -5.708  -7.684 0.0000000000
64583  -32.537  -11.508  -7.864 0.0000000000
65399  -32.915  -10.667  -7.144 0.0000000000
65410  -32.539  -10.798  -8.238 0.0000000000
66216  -32.040  -9.950  -9.184 0.0000000000
65417  -31.319  -10.733  -9.672 0.0000000000
65426  -31.330  -10.508  -10.151 0.0000000000
112748  -30.904  -11.447  -10.023 0.0000000000
62961  -32.352  -14.500  -10.112 0.0000000000
62966  -32.856  -13.634  -10.505 0.0000000000
62967  -34.436  -13.478  -10.695 0.0000000000
62968  -35.742  -13.435  -11.392 0.0000000000
62162  -35.233  -14.363  -10.536 0.0000000000
105527  -28.918  -17.302  -4.661 0.0000000000
107015  -29.898  -17.107  -5.342 0.0000000000
59569  -30.445  -17.580  -5.979 0.0000000000
60480  -34.242  -16.202  -5.517 0.0000000000
60492  -33.951  -16.149  -6.488 0.0000000000
60493  -34.743  -15.648  -6.076 0.0000000000
61316  -36.381  -14.958  -6.507 0.0000000000
61304  -35.701  -15.241  -5.900 0.0000000000
107493  -37.317  -15.475  -6.661 0.0000000000
61305  -36.639  -15.563  -5.875 0.0000000000
63740  -32.487  -13.059  -6.327 0.0000000000
63741  -32.368  -12.978  -7.673 0.0000000000
62931  -32.309  -14.238  -6.637 0.0000000000
62116  -31.730  -14.936  -7.664 0.0000000000
62939  -30.270  -14.523  -8.947 0.0000000000
61312  -30.409  -14.963  -8.641 0.0000000000
57905  -30.591  -19.399  -6.089 0.0000000000
110970  -30.932  -18.902  -6.664 0.0000000000
57897  -32.428  -19.954  -6.048 0.0000000000
57908  -32.225  -19.649  -6.485 0.0000000000
58781  -32.347  -19.242  -6.120 0.0000000000
58782  -32.951  -18.583  -5.086 0.0000000000
58783  -34.182  -18.218  -4.204 0.0000000000
48880  -25.063  -29.365  0.235 0.0000000000
51485  -27.213  -26.247  -2.606 0.0000000000
117980  -28.980  -19.421  -4.640 0.0000000000
56254  -27.770  -21.651  -4.685 0.0000000000
103592  -28.311  -20.953  -4.636 0.0000000000
56255  -28.722  -21.604  -4.855 0.0000000000
56266  -29.885  -21.781  -5.428 0.0000000000
56265  -29.060  -22.157  -5.086 0.0000000000
122433  -27.780  1.960  -9.586 0.0000000000
105039  -28.459  2.720  -9.021 0.0000000000
75969  -29.253  3.400  -8.690 0.0000000000
75321  -29.297  2.497  -8.467 0.0000000000
73936  -29.576  0.728  -7.454 0.0000000000
75313  -30.168  2.416  -8.077 0.0000000000
75314  -31.101  2.315  -7.825 0.0000000000
75315  -31.828  2.864  -8.062 0.0000000000
74643  -32.032  2.128  -7.677 0.0000000000
73928  -33.071  0.340  -7.041 0.0000000000
73937  -32.898  0.949  -7.307 0.0000000000
111339  -33.411  0.514  -7.587 0.0000000000
73945  -33.624  0.804  -8.339 0.0000000000
73261  -33.704  -0.051  -7.920 0.0000000000
70961  -32.685  -3.492  -5.787 0.0000000000
70973  -33.783  -3.327  -7.668 0.0000000000
71812  -33.811  -2.594  -7.246 0.0000000000
72581  -33.728  -1.302  -8.492 0.0000000000
71828  -33.576  -2.094  -8.885 0.0000000000
71841  -33.149  -2.185  -9.766 0.0000000000
110788  -33.407  -2.735  -9.292 0.0000000000
119923  -32.893  -4.625  -9.791 0.0000000000
110658  -32.621  -3.746  -10.596 0.0000000000
70141  -32.491  -4.536  -10.652 0.0000000000
70155  -31.960  -4.728  -11.789 0.0000000000
122834  -32.065  -5.421  -11.252 0.0000000000
66933  -33.164  -8.953  -6.931 0.0000000000
110992  -33.373  -8.358  -6.101 0.0000000000
67671  -33.396  -7.937  -6.814 0.0000000000
67679  -33.240  -7.323  -7.680 0.0000000000
67692  -32.661  -8.065  -8.687 0.0000000000
114761  -31.848  -8.520  -10.919 0.0000000000
104438  -32.230  -7.589  -10.500 0.0000000000
67708  -31.613  -7.666  -11.403 0.0000000000
67723  -31.114  -7.233  -12.336 0.0000000000
111233  -30.656  -7.188  -13.481 0.0000000000
67735  -30.829  -7.869  -13.069 0.0000000000
65437  -31.776  -9.943  -12.193 0.0000000000
66243  -31.517  -8.846  -13.457 0.0000000000
65442  -32.658  -9.477  -13.377 0.0000000000
66241  -32.999  -9.197  -13.505 0.0000000000
65438  -33.542  -9.984  -13.323 0.0000000000
112832  -29.911  -12.659  -9.824 0.0000000000
64609  -30.615  -12.283  -10.153 0.0000000000
63781  -34.740  -12.264  -12.124 0.0000000000
64618  -34.629  -11.637  -12.712 0.0000000000
113270  -35.468  -11.851  -13.362 0.0000000000
65440  -35.480  -11.482  -13.275 0.0000000000
62974  -38.081  -13.221  -11.878 0.0000000000
63784  -38.913  -13.209  -11.166 0.0000000000
62087  -28.187  -14.887  -4.693 0.0000000000
60477  -31.608  -16.163  -7.516 0.0000000000
61302  -31.421  -16.052  -6.569 0.0000000000
61311  -31.123  -15.335  -8.207 0.0000000000
61330  -31.062  -15.032  -8.156 0.0000000000
60506  -31.556  -15.702  -7.900 0.0000000000
58801  -31.584  -17.961  -7.109 0.0000000000
59596  -31.529  -17.034  -7.227 0.0000000000
61313  -33.722  -16.298  -8.207 0.0000000000
61332  -34.390  -15.685  -8.276 0.0000000000
61347  -34.001  -16.068  -9.180 0.0000000000
62129  -34.710  -15.483  -8.987 0.0000000000
62157  -35.457  -14.913  -10.151 0.0000000000
62147  -35.729  -14.929  -9.201 0.0000000000
62132  -37.830  -14.906  -8.504 0.0000000000
62149  -38.328  -14.799  -9.365 0.0000000000
62150  -39.718  -14.872  -9.658 0.0000000000
54411  -28.922  -23.476  -5.089 0.0000000000
54401  -29.509  -23.516  -4.672 0.0000000000
55360  -29.726  -22.923  -5.130 0.0000000000
54402  -30.163  -23.198  -4.225 0.0000000000
63729  -30.900  -13.206  -4.875 0.0000000000
62919  -30.708  -14.262  -5.010 0.0000000000
62107  -31.460  -15.149  -5.676 0.0000000000
57073  -31.067  -20.796  -6.082 0.0000000000
57906  -31.339  -19.894  -6.467 0.0000000000
57074  -31.666  -20.453  -6.278 0.0000000000
57075  -32.110  -20.242  -6.357 0.0000000000
57877  -32.375  -19.873  -4.784 0.0000000000
57047  -32.189  -20.530  -4.379 0.0000000000
48902  -26.086  -29.108  0.214 0.0000000000
123322  -25.578  -27.128  -2.406 0.0000000000
50640  -26.256  -27.371  -1.752 0.0000000000
50641  -27.103  -27.188  -1.207 0.0000000000
57893  -26.913  -19.885  -4.278 0.0000000000
57060  -26.479  -20.547  -4.135 0.0000000000
104123  -26.721  -21.474  -4.311 0.0000000000
109068  -27.308  -22.238  -4.825 0.0000000000
74652  -27.811  0.755  -8.926 0.0000000000
73925  -30.313  0.239  -6.667 0.0000000000
74636  -32.045  1.294  -7.212 0.0000000000
123120  -31.403  0.168  -6.408 0.0000000000
73248  -32.005  -0.260  -6.261 0.0000000000
111915  -32.572  -0.912  -6.315 0.0000000000
70962  -33.132  -4.329  -5.919 0.0000000000
107116  -33.672  -3.984  -7.155 0.0000000000
70977  -33.624  -3.759  -8.440 0.0000000000
70989  -33.392  -3.442  -9.230 0.0000000000
70126  -33.463  -4.554  -8.360 0.0000000000
109689  -32.985  -5.094  -9.093 0.0000000000
69215  -33.076  -5.842  -8.700 0.0000000000
107270  -32.858  -9.261  -7.821 0.0000000000
66953  -32.580  -9.107  -8.526 0.0000000000
66961  -32.173  -9.165  -10.136 0.0000000000
66967  -31.604  -9.081  -11.614 0.0000000000
123056  -31.624  -10.063  -10.832 0.0000000000
66230  -31.659  -9.934  -11.516 0.0000000000
65433  -31.847  -10.626  -11.557 0.0000000000
63774  -31.829  -12.719  -10.546 0.0000000000
63775  -33.729  -12.757  -10.963 0.0000000000
63782  -35.829  -12.699  -12.803 0.0000000000
114618  -36.239  -12.543  -13.346 0.0000000000
62972  -36.505  -12.919  -12.712 0.0000000000
62969  -36.797  -13.838  -11.656 0.0000000000
62167  -37.689  -13.695  -11.778 0.0000000000
60464  -30.042  -16.362  -5.518 0.0000000000
60463  -29.089  -16.515  -4.717 0.0000000000
60488  -31.731  -16.233  -7.563 0.0000000000
59586  -32.538  -17.967  -6.841 0.0000000000
59599  -32.901  -17.234  -7.210 0.0000000000
61314  -34.280  -15.752  -7.212 0.0000000000
61333  -35.029  -15.172  -7.454 0.0000000000
62117  -35.981  -14.715  -7.250 0.0000000000
61334  -38.940  -15.569  -8.316 0.0000000000
61317  -38.537  -15.815  -7.392 0.0000000000
52390  -26.642  -26.216  -3.364 0.0000000000
52407  -27.043  -25.746  -3.743 0.0000000000
106934  -27.515  -24.983  -4.041 0.0000000000
53393  -27.461  -24.448  -4.476 0.0000000000
53394  -28.126  -24.151  -4.813 0.0000000000
53386  -28.186  -24.698  -4.026 0.0000000000
119454  -28.958  -24.108  -4.084 0.0000000000
64571  -32.792  -11.306  -6.719 0.0000000000
64593  -31.765  -11.749  -9.169 0.0000000000
64582  -32.179  -12.384  -8.548 0.0000000000
63748  -31.395  -13.252  -9.190 0.0000000000
116518  -31.446  -13.965  -8.627 0.0000000000
115508  -29.998  -13.886  -9.360 0.0000000000
114036  -29.891  -13.826  -9.734 0.0000000000
62960  -30.755  -14.584  -9.861 0.0000000000
62155  -30.745  -15.121  -9.440 0.0000000000
58780  -30.170  -18.301  -5.588 0.0000000000
58789  -30.586  -18.256  -6.308 0.0000000000
58791  -32.044  -18.907  -6.677 0.0000000000
59587  -33.038  -17.566  -6.219 0.0000000000
59588  -33.667  -16.929  -5.233 0.0000000000
59589  -34.830  -16.663  -4.483 0.0000000000
59571  -34.152  -17.402  -4.531 0.0000000000
57899  -33.631  -18.951  -4.210 0.0000000000
47993  -25.156  -30.341  0.910 0.0000000000
52389  -26.166  -26.569  -3.222 0.0000000000
50661  -26.033  -26.912  -2.621 0.0000000000
51500  -26.992  -26.113  -3.229 0.0000000000
51501  -27.678  -25.690  -2.901 0.0000000000
59567  -28.661  -18.086  -4.546 0.0000000000
58779  -29.474  -18.815  -4.887 0.0000000000
57895  -29.443  -19.753  -4.914 0.0000000000
57062  -29.990  -20.205  -5.451 0.0000000000
57071  -29.148  -20.686  -4.819 0.0000000000
57072  -30.313  -21.003  -5.737 0.0000000000
56267  -30.587  -21.417  -5.633 0.0000000000
110338  -26.456  2.849  -10.687 0.0000000000
117022  -27.916  0.317  -8.617 0.0000000000
74641  -28.799  1.033  -8.206 0.0000000000
75312  -29.369  1.820  -8.234 0.0000000000
75970  -30.092  3.198  -8.353 0.0000000000
74644  -32.843  1.752  -7.754 0.0000000000
110714  -33.611  2.207  -8.865 0.0000000000
74653  -33.727  1.508  -8.977 0.0000000000
73956  -33.703  0.790  -9.220 0.0000000000
120568  -33.346  -0.056  -9.707 0.0000000000
72565  -32.086  -2.075  -5.818 0.0000000000
116945  -33.418  -0.944  -6.745 0.0000000000
70969  -33.289  -3.154  -6.346 0.0000000000
72573  -33.751  -1.772  -6.938 0.0000000000
72578  -33.791  -0.962  -7.570 0.0000000000
113539  -33.773  -0.570  -8.285 0.0000000000
114775  -33.611  -0.699  -9.059 0.0000000000
73283  -32.669  -0.654  -10.679 0.0000000000
72601  -32.193  -1.487  -11.200 0.0000000000
71849  -31.864  -2.368  -11.686 0.0000000000
71002  -32.910  -3.076  -10.075 0.0000000000
71001  -32.327  -3.212  -11.222 0.0000000000
115400  -33.328  -7.542  -5.750 0.0000000000
68420  -33.512  -6.371  -7.234 0.0000000000
68433  -33.249  -6.396  -8.152 0.0000000000
69225  -32.688  -5.911  -9.608 0.0000000000
67691  -32.561  -7.360  -9.422 0.0000000000
68445  -32.461  -6.722  -10.084 0.0000000000
69235  -32.134  -6.075  -10.644 0.0000000000
68472  -31.479  -6.298  -11.792 0.0000000000
66979  -31.064  -8.395  -13.394 0.0000000000
66982  -31.380  -8.523  -13.946 0.0000000000
66980  -33.084  -8.891  -13.499 0.0000000000
66981  -33.728  -8.995  -12.894 0.0000000000
64599  -30.774  -11.750  -10.119 0.0000000000
64608  -31.437  -11.424  -10.763 0.0000000000
64612  -32.498  -11.034  -11.804 0.0000000000
64613  -33.316  -11.418  -11.966 0.0000000000
64617  -33.862  -10.852  -12.694 0.0000000000
65439  -34.645  -10.725  -13.065 0.0000000000
64614  -37.034  -11.913  -12.396 0.0000000000
62106  -30.917  -15.429  -5.357 0.0000000000
116098  -31.224  -15.377  -8.001 0.0000000000
61345  -31.349  -15.411  -9.022 0.0000000000
62145  -32.309  -15.188  -9.653 0.0000000000
59584  -31.015  -17.293  -6.825 0.0000000000
60489  -31.702  -16.058  -7.689 0.0000000000
103496  -32.794  -16.931  -7.940 0.0000000000
60490  -32.258  -16.519  -8.062 0.0000000000
60513  -32.747  -16.368  -8.986 0.0000000000
61346  -32.964  -15.957  -9.306 0.0000000000
62156  -34.361  -15.170  -10.167 0.0000000000
62163  -36.467  -14.592  -10.876 0.0000000000
62164  -37.614  -14.318  -11.312 0.0000000000
62148  -37.070  -14.624  -9.107 0.0000000000
62159  -38.612  -14.654  -10.168 0.0000000000
62169  -39.065  -13.954  -11.121 0.0000000000
109537  -26.676  -22.291  -4.456 0.0000000000
119736  -28.285  -23.522  -5.246 0.0000000000
55358  -28.057  -23.228  -5.332 0.0000000000
55359  -28.690  -22.957  -5.233 0.0000000000
55369  -29.475  -22.541  -5.205 0.0000000000
55361  -30.320  -22.367  -5.079 0.0000000000
55362  -30.799  -21.901  -4.872 0.0000000000
53384  -26.564  -25.195  -3.919 0.0000000000
54412  -30.100  -22.973  -4.870 0.0000000000
58792  -32.232  -18.819  -6.524 0.0000000000
59585  -31.496  -16.649  -7.177 0.0000000000
59597  -31.792  -16.943  -7.323 0.0000000000
60507  -31.974  -16.040  -8.529 0.0000000000
61331  -33.560  -16.406  -8.875 0.0000000000
61349  -31.948  -15.545  -9.247 0.0000000000
62105  -30.308  -14.834  -4.674 0.0000000000
62146  -33.770  -15.563  -9.624 0.0000000000
62158  -37.575  -14.742  -9.936 0.0000000000
62165  -38.702  -14.351  -10.888 0.0000000000
62166  -39.618  -14.144  -10.555 0.0000000000
62951  -30.003  -14.460  -9.394 0.0000000000
62962  -33.760  -14.517  -10.368 0.0000000000
62970  -39.409  -13.645  -10.689 0.0000000000
62971  -39.398  -13.871  -10.819 0.0000000000
62973  -37.260  -13.116  -12.291 0.0000000000
62975  -38.850  -13.554  -11.349 0.0000000000
62976  -37.478  -12.801  -12.362 0.0000000000
63759  -29.868  -13.040  -9.697 0.0000000000
63785  -35.663  -12.217  -13.329 0.0000000000
64600  -30.239  -12.103  -9.910 0.0000000000
64620  -36.447  -12.361  -13.202 0.0000000000
66231  -31.739  -9.614  -10.566 0.0000000000
66240  -31.948  -9.424  -13.102 0.0000000000
66952  -32.272  -9.100  -9.339 0.0000000000
66977  -31.227  -8.418  -12.625 0.0000000000
68446  -32.736  -6.537  -9.032 0.0000000000
70107  -33.472  -5.003  -5.996 0.0000000000
70142  -33.015  -3.951  -9.934 0.0000000000
70970  -33.401  -3.808  -6.465 0.0000000000
71807  -33.490  -2.511  -6.584 0.0000000000
72572  -33.050  -1.726  -6.244 0.0000000000
72602  -32.906  -1.487  -10.253 0.0000000000
73249  -32.888  -0.222  -6.648 0.0000000000
73926  -31.413  0.678  -6.817 0.0000000000
75322  -33.205  2.261  -8.317 0.0000000000
104768  -31.026  -11.678  -9.759 0.0000000000
105063  -37.545  -14.652  -10.669 0.0000000000
105898  -33.681  -4.092  -7.816 0.0000000000
110090  -33.278  -0.875  -9.844 0.0000000000
110091  -31.192  -12.572  -9.583 0.0000000000
111209  -32.497  -8.298  -13.784 0.0000000000
112106  -32.600  -12.059  -7.416 0.0000000000
113745  -33.315  1.161  -7.802 0.0000000000
121599  -31.555  -15.780  -6.373 0.0000000000
122512  -31.257  1.700  -7.511 0.0000000000
124103  -31.655  -10.368  -11.416 0.0000000000
124779  -33.858  -2.713  -7.799 0.0000000000
