#!ascii label  , from subject Paciente_3 vox2ras=TkReg
930
112069  42.851  11.706  44.284 0.0000000000
82596  46.225  11.978  34.409 0.0000000000
108622  52.644  19.932  35.555 0.0000000000
80696  45.583  9.065  23.988 0.0000000000
79838  41.413  7.359  39.048 0.0000000000
86540  54.462  17.961  43.851 0.0000000000
82644  47.094  11.428  27.586 0.0000000000
85921  43.789  16.360  34.674 0.0000000000
83853  49.352  13.840  41.103 0.0000000000
81908  45.541  10.693  40.260 0.0000000000
79889  43.847  7.142  34.241 0.0000000000
87950  46.745  19.277  36.608 0.0000000000
85220  46.613  15.472  31.362 0.0000000000
85188  50.326  16.208  35.595 0.0000000000
85246  48.900  15.353  26.864 0.0000000000
88040  42.257  20.378  32.998 0.0000000000
83196  46.527  12.700  43.210 0.0000000000
81886  44.634  11.065  42.675 0.0000000000
79861  42.328  7.512  36.858 0.0000000000
87251  51.269  18.477  40.123 0.0000000000
86564  48.358  17.655  40.531 0.0000000000
123626  50.084  19.218  36.450 0.0000000000
88055  46.870  19.984  32.806 0.0000000000
87361  49.373  19.085  31.982 0.0000000000
83887  47.445  13.696  37.739 0.0000000000
84484  50.440  14.552  38.874 0.0000000000
84533  47.745  14.173  34.417 0.0000000000
82009  47.360  11.030  22.863 0.0000000000
83308  48.720  13.742  26.494 0.0000000000
83329  46.381  12.571  23.648 0.0000000000
83972  45.315  13.196  26.737 0.0000000000
81366  43.821  9.028  25.597 0.0000000000
79156  43.009  6.770  27.162 0.0000000000
126738  41.013  10.284  43.700 0.0000000000
80537  42.909  8.445  42.231 0.0000000000
87261  55.113  18.893  39.017 0.0000000000
81318  45.657  9.342  31.201 0.0000000000
82624  46.983  11.468  30.469 0.0000000000
80659  46.534  8.904  27.779 0.0000000000
80685  48.159  9.307  24.888 0.0000000000
85115  49.811  15.490  45.797 0.0000000000
84453  47.538  14.528  44.644 0.0000000000
83213  47.645  12.569  40.570 0.0000000000
82570  45.325  11.683  37.688 0.0000000000
81240  43.457  9.496  40.175 0.0000000000
81925  43.493  10.362  37.329 0.0000000000
81948  44.720  10.092  34.567 0.0000000000
79912  45.330  7.305  32.134 0.0000000000
81883  39.327  10.436  44.975 0.0000000000
128286  46.028  17.458  40.569 0.0000000000
87952  44.164  19.427  36.687 0.0000000000
88634  44.452  20.248  33.949 0.0000000000
85205  45.384  15.915  33.260 0.0000000000
83935  43.417  13.008  31.158 0.0000000000
108095  52.366  15.625  41.925 0.0000000000
85869  53.357  16.421  38.515 0.0000000000
86613  52.567  17.649  35.423 0.0000000000
84551  48.876  13.684  31.169 0.0000000000
85219  50.563  15.727  30.664 0.0000000000
86660  50.483  17.214  31.108 0.0000000000
85232  47.887  15.825  29.229 0.0000000000
83956  43.878  13.374  29.100 0.0000000000
88626  41.402  20.325  34.167 0.0000000000
88005  42.439  20.275  35.437 0.0000000000
83192  44.362  12.469  44.596 0.0000000000
82526  43.715  11.717  43.866 0.0000000000
87282  52.103  18.999  37.757 0.0000000000
87283  50.903  18.650  38.112 0.0000000000
115286  51.551  19.755  35.514 0.0000000000
88619  50.057  19.750  34.462 0.0000000000
88032  51.151  19.603  34.224 0.0000000000
83901  46.592  13.453  36.203 0.0000000000
84516  47.746  14.468  36.162 0.0000000000
83915  47.131  12.985  34.394 0.0000000000
81379  46.931  10.055  22.671 0.0000000000
83333  47.187  12.361  23.221 0.0000000000
82010  45.633  10.730  23.285 0.0000000000
82666  45.059  11.075  24.141 0.0000000000
81373  44.916  9.264  24.416 0.0000000000
79995  44.301  8.135  25.208 0.0000000000
111080  45.288  7.384  25.045 0.0000000000
80524  41.700  8.333  42.610 0.0000000000
87248  54.158  18.713  41.440 0.0000000000
86551  54.846  17.800  41.538 0.0000000000
80639  45.929  8.626  29.990 0.0000000000
81336  46.044  9.348  29.478 0.0000000000
80648  46.505  8.455  28.654 0.0000000000
79983  48.802  8.366  25.785 0.0000000000
108135  49.539  9.118  23.848 0.0000000000
81370  48.631  9.122  22.807 0.0000000000
82537  45.999  11.127  41.939 0.0000000000
110574  46.867  12.092  41.783 0.0000000000
82550  46.722  11.526  40.828 0.0000000000
83218  46.985  12.123  39.593 0.0000000000
82557  45.774  11.451  38.676 0.0000000000
79828  42.308  7.709  40.618 0.0000000000
80544  43.481  8.576  41.257 0.0000000000
80548  42.522  8.404  40.218 0.0000000000
79874  43.217  7.448  35.421 0.0000000000
81265  42.658  8.878  36.598 0.0000000000
127061  43.725  9.031  35.303 0.0000000000
81939  44.320  10.381  35.426 0.0000000000
112727  44.319  8.690  33.937 0.0000000000
80620  45.011  8.386  32.998 0.0000000000
79913  44.921  7.504  32.923 0.0000000000
110238  48.227  6.067  32.195 0.0000000000
86587  47.890  17.895  38.942 0.0000000000
130732  47.204  17.382  40.871 0.0000000000
87287  46.510  18.279  38.218 0.0000000000
86578  45.123  17.896  39.266 0.0000000000
113978  46.064  19.053  36.927 0.0000000000
88002  44.933  20.311  35.186 0.0000000000
124472  45.749  20.109  35.213 0.0000000000
86654  46.731  17.974  32.416 0.0000000000
87365  45.851  18.607  32.833 0.0000000000
85213  45.803  15.468  32.342 0.0000000000
84548  44.685  14.266  32.164 0.0000000000
125150  44.879  14.215  31.355 0.0000000000
84457  49.763  15.278  43.939 0.0000000000
111124  50.833  15.543  44.162 0.0000000000
84461  50.703  14.751  41.934 0.0000000000
85173  49.700  15.606  36.221 0.0000000000
85151  51.745  15.530  38.752 0.0000000000
85880  51.263  16.389  36.919 0.0000000000
123698  52.950  17.222  36.764 0.0000000000
85904  51.175  16.569  34.887 0.0000000000
82637  47.067  11.494  28.602 0.0000000000
118732  47.970  12.532  31.250 0.0000000000
83295  48.184  12.657  29.279 0.0000000000
84572  49.198  14.962  26.656 0.0000000000
83953  49.878  14.849  28.189 0.0000000000
84566  49.880  15.075  28.103 0.0000000000
85940  50.616  16.216  30.500 0.0000000000
85957  49.453  16.220  29.011 0.0000000000
86678  49.285  16.733  29.414 0.0000000000
85239  48.576  15.738  28.086 0.0000000000
82645  44.365  11.992  27.170 0.0000000000
112897  44.944  13.733  28.090 0.0000000000
82638  43.339  11.950  28.499 0.0000000000
83305  43.008  12.199  29.245 0.0000000000
85837  53.956  17.550  44.921 0.0000000000
86630  41.972  18.593  34.025 0.0000000000
87337  42.697  19.385  33.073 0.0000000000
83837  45.936  13.616  45.246 0.0000000000
83191  45.470  13.137  44.708 0.0000000000
124288  45.149  11.611  42.944 0.0000000000
81902  45.447  10.630  41.692 0.0000000000
80559  41.948  7.845  37.625 0.0000000000
87252  50.002  18.122  40.299 0.0000000000
87285  49.154  18.446  38.111 0.0000000000
87948  48.488  19.129  36.683 0.0000000000
88609  46.926  20.407  34.702 0.0000000000
88608  48.259  20.327  34.729 0.0000000000
88054  47.852  19.826  32.758 0.0000000000
86663  48.013  17.698  31.294 0.0000000000
83867  48.679  13.399  39.720 0.0000000000
84474  49.990  13.948  40.156 0.0000000000
84486  49.023  14.118  38.401 0.0000000000
84514  49.271  14.961  36.804 0.0000000000
85190  48.864  15.341  34.841 0.0000000000
82657  47.539  11.566  25.142 0.0000000000
83309  48.135  12.968  27.193 0.0000000000
82649  47.716  12.627  25.000 0.0000000000
83976  47.187  13.701  24.570 0.0000000000
84587  47.351  14.170  25.293 0.0000000000
118250  47.383  14.607  26.189 0.0000000000
83315  45.492  13.136  25.558 0.0000000000
82651  44.520  11.692  26.082 0.0000000000
81358  43.515  9.269  26.210 0.0000000000
108877  43.765  6.829  26.748 0.0000000000
81881  41.690  10.775  43.979 0.0000000000
110226  43.001  10.130  42.993 0.0000000000
81216  42.615  9.328  42.847 0.0000000000
79813  42.505  7.923  42.069 0.0000000000
79821  41.934  7.118  41.096 0.0000000000
87229  52.192  18.765  41.906 0.0000000000
109586  53.612  19.526  40.094 0.0000000000
122103  53.959  19.533  37.936 0.0000000000
82611  46.173  10.831  32.826 0.0000000000
116352  46.836  11.890  33.147 0.0000000000
81966  46.570  10.724  31.105 0.0000000000
81977  46.546  10.761  29.176 0.0000000000
81984  46.635  10.701  28.217 0.0000000000
79984  47.976  8.026  26.521 0.0000000000
80676  47.312  9.053  25.826 0.0000000000
81995  46.868  10.553  26.006 0.0000000000
81363  47.800  10.342  23.731 0.0000000000
81378  47.662  9.415  22.913 0.0000000000
80703  47.457  8.556  23.019 0.0000000000
127575  46.060  7.540  24.545 0.0000000000
85116  48.808  15.360  45.729 0.0000000000
84458  48.428  14.141  42.863 0.0000000000
83835  46.987  13.925  44.188 0.0000000000
83847  47.821  13.227  42.465 0.0000000000
83854  48.739  13.326  41.067 0.0000000000
83868  47.940  13.178  39.481 0.0000000000
83234  46.390  12.599  37.739 0.0000000000
83244  45.590  12.349  36.202 0.0000000000
81226  43.994  9.596  42.130 0.0000000000
81236  44.402  9.581  41.125 0.0000000000
81239  44.231  9.852  40.443 0.0000000000
117396  42.018  8.608  38.036 0.0000000000
81252  42.826  9.901  37.941 0.0000000000
81912  44.431  10.697  38.853 0.0000000000
82571  44.571  11.283  37.137 0.0000000000
82589  44.705  11.193  35.562 0.0000000000
82597  45.636  11.412  34.387 0.0000000000
81297  45.285  9.692  32.891 0.0000000000
113569  45.414  8.711  31.759 0.0000000000
79925  46.248  6.940  30.679 0.0000000000
118526  46.324  5.883  32.255 0.0000000000
79118  46.428  6.262  31.504 0.0000000000
81882  40.718  11.056  44.667 0.0000000000
112268  40.118  10.562  44.323 0.0000000000
80527  38.276  9.120  43.989 0.0000000000
87233  46.250  18.116  42.690 0.0000000000
86558  44.805  17.820  40.937 0.0000000000
88004  43.200  20.393  35.259 0.0000000000
88635  43.363  20.326  33.484 0.0000000000
86643  43.899  18.638  33.658 0.0000000000
88036  46.195  20.162  33.506 0.0000000000
130222  45.211  18.641  33.095 0.0000000000
85199  44.356  15.867  34.282 0.0000000000
85842  53.498  16.510  43.381 0.0000000000
84472  51.345  14.875  40.618 0.0000000000
123752  52.750  15.560  40.211 0.0000000000
85130  54.019  16.531  40.847 0.0000000000
85867  54.945  17.458  39.188 0.0000000000
115004  54.874  18.577  36.852 0.0000000000
86611  53.057  19.270  35.331 0.0000000000
129647  47.598  12.975  32.830 0.0000000000
83926  48.341  14.067  32.677 0.0000000000
85204  49.323  15.265  32.625 0.0000000000
83294  48.863  13.565  28.627 0.0000000000
115290  49.969  15.043  30.468 0.0000000000
85210  50.637  15.952  32.658 0.0000000000
85918  51.688  16.712  33.562 0.0000000000
86641  52.001  17.740  32.844 0.0000000000
113621  51.924  19.429  33.969 0.0000000000
87369  49.915  18.090  31.371 0.0000000000
86671  48.435  17.077  30.475 0.0000000000
85949  47.459  16.091  30.601 0.0000000000
84567  46.258  14.638  27.943 0.0000000000
84563  46.143  14.622  28.916 0.0000000000
84558  45.682  14.254  29.815 0.0000000000
83939  44.148  13.634  30.222 0.0000000000
119098  41.912  6.282  27.895 0.0000000000
87982  41.905  19.792  35.888 0.0000000000
87981  42.422  19.736  36.207 0.0000000000
83193  43.378  12.386  44.877 0.0000000000
87946  52.842  19.967  36.493 0.0000000000
87307  52.080  19.655  36.697 0.0000000000
87975  52.361  19.869  35.803 0.0000000000
88606  51.606  19.844  35.066 0.0000000000
88020  52.168  19.850  35.029 0.0000000000
83258  46.505  12.542  34.806 0.0000000000
83908  46.841  13.220  35.252 0.0000000000
83266  46.810  12.289  33.925 0.0000000000
81380  46.264  9.599  23.174 0.0000000000
82017  46.290  10.421  22.835 0.0000000000
81372  45.598  9.857  23.594 0.0000000000
80697  44.852  8.538  24.647 0.0000000000
80003  45.592  8.205  24.365 0.0000000000
125852  54.313  18.112  44.221 0.0000000000
87215  54.431  18.356  43.721 0.0000000000
87226  54.509  18.396  43.239 0.0000000000
86544  54.574  17.972  43.322 0.0000000000
79947  46.807  7.457  29.510 0.0000000000
79948  46.333  8.051  29.552 0.0000000000
79960  46.829  7.833  28.765 0.0000000000
80684  50.415  8.807  24.134 0.0000000000
80692  50.271  8.244  23.850 0.0000000000
112085  49.592  8.643  23.488 0.0000000000
129299  43.880  15.501  34.685 0.0000000000
82545  46.203  10.966  41.292 0.0000000000
82544  46.572  11.573  41.511 0.0000000000
82551  46.224  11.008  40.539 0.0000000000
122886  45.947  11.150  39.667 0.0000000000
80549  41.748  7.989  39.642 0.0000000000
79890  43.633  7.769  34.746 0.0000000000
80588  43.412  8.339  35.349 0.0000000000
81287  44.002  8.662  34.675 0.0000000000
80600  44.076  7.987  34.083 0.0000000000
80611  44.552  8.189  33.468 0.0000000000
79901  44.349  7.292  33.588 0.0000000000
87286  47.426  18.288  38.163 0.0000000000
87311  46.891  18.768  37.355 0.0000000000
117952  46.073  18.553  37.598 0.0000000000
87979  46.122  19.619  36.022 0.0000000000
113098  46.611  20.030  35.197 0.0000000000
85934  47.385  17.403  31.831 0.0000000000
85935  46.740  16.955  32.422 0.0000000000
85212  46.549  16.127  32.224 0.0000000000
84547  45.650  14.739  31.412 0.0000000000
84462  49.932  14.595  42.218 0.0000000000
84456  50.531  15.207  43.001 0.0000000000
109041  50.028  14.311  41.416 0.0000000000
85172  50.443  15.968  36.562 0.0000000000
85888  51.100  16.697  35.951 0.0000000000
82630  47.654  12.075  28.939 0.0000000000
82636  47.585  12.160  27.951 0.0000000000
85252  48.402  15.015  26.103 0.0000000000
85237  49.595  15.413  28.095 0.0000000000
85231  49.762  15.426  28.929 0.0000000000
85238  49.097  15.655  27.778 0.0000000000
85967  48.998  16.102  28.515 0.0000000000
113497  48.531  15.583  27.354 0.0000000000
81991  43.528  10.574  27.356 0.0000000000
82646  43.745  11.528  27.726 0.0000000000
81986  43.237  11.056  28.249 0.0000000000
88637  41.815  20.418  33.612 0.0000000000
88041  41.669  20.100  33.368 0.0000000000
87352  41.909  19.782  32.899 0.0000000000
87338  42.190  19.290  33.040 0.0000000000
87351  42.566  19.886  32.775 0.0000000000
83185  45.521  13.374  45.835 0.0000000000
110817  44.909  13.101  45.305 0.0000000000
82525  44.506  11.657  43.364 0.0000000000
83197  45.018  12.054  43.777 0.0000000000
81893  45.182  10.898  42.287 0.0000000000
87241  50.991  18.462  41.266 0.0000000000
127551  50.542  18.254  40.705 0.0000000000
127824  50.518  19.142  36.787 0.0000000000
87284  49.839  18.437  38.564 0.0000000000
113095  49.302  19.012  36.715 0.0000000000
87309  48.854  18.707  37.377 0.0000000000
87977  49.297  19.436  35.976 0.0000000000
88000  48.724  19.976  35.309 0.0000000000
88033  49.268  19.759  33.597 0.0000000000
88630  48.724  20.226  34.050 0.0000000000
88053  48.799  19.623  32.783 0.0000000000
87371  48.116  18.468  31.616 0.0000000000
83871  48.520  13.558  38.937 0.0000000000
83870  49.249  13.791  39.194 0.0000000000
83886  48.215  13.954  38.129 0.0000000000
84526  47.710  14.363  35.179 0.0000000000
84515  48.471  14.784  36.518 0.0000000000
84525  48.242  14.941  35.522 0.0000000000
85174  48.975  15.284  35.878 0.0000000000
84532  48.073  14.908  34.501 0.0000000000
82001  47.547  11.406  23.839 0.0000000000
82656  47.453  12.421  23.936 0.0000000000
83328  47.152  12.898  23.400 0.0000000000
83981  47.127  13.267  23.870 0.0000000000
83977  47.134  13.760  24.533 0.0000000000
83978  46.448  13.659  24.826 0.0000000000
83321  45.825  12.972  24.513 0.0000000000
82003  44.424  10.455  24.940 0.0000000000
82659  44.546  11.480  25.013 0.0000000000
82004  43.869  9.850  25.584 0.0000000000
81996  44.192  10.750  25.782 0.0000000000
79166  44.224  7.011  26.081 0.0000000000
81888  42.326  10.159  43.231 0.0000000000
81889  41.899  9.754  43.124 0.0000000000
80538  42.336  8.246  42.378 0.0000000000
79817  41.991  7.352  41.894 0.0000000000
125396  54.344  18.682  40.612 0.0000000000
87249  53.685  18.936  40.602 0.0000000000
87262  54.170  19.824  40.081 0.0000000000
87924  53.729  19.566  38.740 0.0000000000
87923  54.549  19.456  38.459 0.0000000000
81960  45.879  10.199  32.455 0.0000000000
81959  46.434  10.744  32.034 0.0000000000
81967  46.062  10.077  31.629 0.0000000000
81346  46.289  9.203  28.656 0.0000000000
81978  46.002  10.093  29.736 0.0000000000
81985  46.250  9.992  28.857 0.0000000000
81345  46.460  9.795  27.852 0.0000000000
79971  47.611  7.801  27.406 0.0000000000
80674  48.896  9.176  24.840 0.0000000000
80675  47.955  8.574  25.774 0.0000000000
81357  46.925  9.696  25.834 0.0000000000
81364  47.763  9.839  24.946 0.0000000000
82002  47.552  10.534  24.923 0.0000000000
114720  48.204  9.734  24.050 0.0000000000
80007  48.769  8.289  22.865 0.0000000000
80702  48.385  8.702  22.740 0.0000000000
80001  47.652  7.765  23.525 0.0000000000
84448  47.529  14.517  45.877 0.0000000000
84447  48.180  15.038  46.174 0.0000000000
84452  48.249  15.104  45.096 0.0000000000
124598  48.899  15.048  44.255 0.0000000000
110852  48.327  14.609  43.940 0.0000000000
83190  46.119  13.111  44.204 0.0000000000
83836  46.417  13.765  44.737 0.0000000000
110075  46.638  13.306  43.885 0.0000000000
83207  47.342  12.240  41.206 0.0000000000
83199  47.414  12.512  41.971 0.0000000000
83206  48.066  12.881  41.527 0.0000000000
83205  48.165  12.849  40.940 0.0000000000
83216  48.077  13.066  40.248 0.0000000000
83222  46.044  11.977  38.117 0.0000000000
83221  46.693  12.230  38.712 0.0000000000
83235  45.690  12.289  37.206 0.0000000000
83243  46.137  12.846  36.713 0.0000000000
81896  43.044  9.231  42.688 0.0000000000
81895  43.572  9.770  42.519 0.0000000000
81227  43.325  9.006  42.300 0.0000000000
80547  43.283  8.704  40.618 0.0000000000
81234  43.856  9.064  41.453 0.0000000000
81237  43.867  9.081  40.877 0.0000000000
112665  42.269  8.372  37.061 0.0000000000
81264  43.049  9.662  36.690 0.0000000000
81913  43.540  10.387  38.481 0.0000000000
81924  44.158  10.783  37.825 0.0000000000
116874  44.017  10.742  36.957 0.0000000000
82598  44.945  10.872  34.809 0.0000000000
112806  45.246  11.457  35.144 0.0000000000
81947  45.185  10.681  33.987 0.0000000000
81953  45.538  10.413  33.207 0.0000000000
81954  44.875  9.942  33.650 0.0000000000
80619  45.211  8.135  32.329 0.0000000000
81307  45.223  8.939  32.607 0.0000000000
113219  45.424  7.895  31.444 0.0000000000
79937  45.828  7.780  30.542 0.0000000000
79926  45.698  7.095  31.353 0.0000000000
79107  45.872  5.859  32.679 0.0000000000
79117  47.494  6.066  31.489 0.0000000000
111988  47.838  6.263  30.869 0.0000000000
82523  40.743  11.083  45.927 0.0000000000
81879  39.424  10.474  46.008 0.0000000000
109464  39.978  10.862  45.435 0.0000000000
81210  39.560  10.046  43.911 0.0000000000
81211  38.746  9.821  44.494 0.0000000000
86566  46.768  17.461  40.310 0.0000000000
86548  46.825  17.610  42.096 0.0000000000
86549  46.043  17.757  41.828 0.0000000000
87234  45.599  18.822  42.764 0.0000000000
86557  45.640  17.544  41.095 0.0000000000
87242  45.273  18.121  41.663 0.0000000000
86567  45.290  17.607  40.297 0.0000000000
87289  44.746  18.425  38.313 0.0000000000
87314  43.535  19.092  37.516 0.0000000000
87953  43.432  19.505  36.638 0.0000000000
123228  43.738  19.892  35.913 0.0000000000
88622  44.875  20.337  34.348 0.0000000000
88623  43.819  20.455  34.123 0.0000000000
113171  43.271  19.970  33.019 0.0000000000
87349  43.998  19.381  33.412 0.0000000000
88632  47.140  20.668  33.805 0.0000000000
118493  46.686  20.533  34.297 0.0000000000
129493  46.803  20.435  33.401 0.0000000000
85928  46.052  17.461  32.904 0.0000000000
86642  45.356  17.957  33.266 0.0000000000
85929  45.458  16.948  33.432 0.0000000000
114356  44.681  17.614  33.784 0.0000000000
85930  44.853  16.423  33.840 0.0000000000
84540  44.147  14.872  34.213 0.0000000000
85206  44.751  15.435  33.632 0.0000000000
83928  44.251  13.699  31.352 0.0000000000
109256  50.637  15.740  46.263 0.0000000000
85124  51.583  15.696  43.512 0.0000000000
85122  51.764  15.987  44.568 0.0000000000
85121  52.573  16.234  43.910 0.0000000000
85126  52.463  15.920  42.934 0.0000000000
84481  50.555  14.413  39.668 0.0000000000
84473  50.617  14.407  40.388 0.0000000000
85147  51.147  14.918  39.203 0.0000000000
85150  52.593  15.820  39.057 0.0000000000
85145  52.711  15.593  39.674 0.0000000000
85853  53.481  16.077  40.030 0.0000000000
85860  54.222  16.674  39.593 0.0000000000
85859  54.832  17.225  40.031 0.0000000000
85868  54.240  16.770  38.812 0.0000000000
86606  53.099  17.791  36.140 0.0000000000
86598  53.936  17.780  36.709 0.0000000000
115501  53.108  18.363  35.539 0.0000000000
86605  53.908  18.676  36.115 0.0000000000
86612  52.745  18.423  34.894 0.0000000000
83273  47.148  11.973  32.327 0.0000000000
83272  47.267  12.439  32.894 0.0000000000
83280  47.442  12.112  31.631 0.0000000000
83285  48.540  13.190  30.732 0.0000000000
83278  48.278  13.196  31.628 0.0000000000
110311  48.683  13.835  31.907 0.0000000000
112519  48.609  14.776  32.897 0.0000000000
84546  49.017  14.586  32.138 0.0000000000
114660  48.214  12.935  26.013 0.0000000000
83301  48.809  13.658  27.514 0.0000000000
121981  49.938  15.024  29.619 0.0000000000
83946  49.709  14.671  29.024 0.0000000000
85211  49.853  15.239  31.558 0.0000000000
123964  50.554  15.785  31.729 0.0000000000
85927  51.172  16.375  33.135 0.0000000000
85933  50.890  16.217  32.223 0.0000000000
86659  51.026  17.585  31.805 0.0000000000
117628  50.866  16.725  31.720 0.0000000000
87347  51.964  18.839  33.121 0.0000000000
87359  51.419  18.246  32.351 0.0000000000
88051  50.960  19.160  32.939 0.0000000000
87368  50.659  18.314  31.871 0.0000000000
85959  48.414  16.391  29.421 0.0000000000
86670  49.058  17.092  30.097 0.0000000000
85948  48.076  16.709  30.058 0.0000000000
85225  47.816  16.193  29.796 0.0000000000
83971  46.121  13.750  25.880 0.0000000000
84575  46.433  14.520  26.998 0.0000000000
83962  45.607  13.940  27.033 0.0000000000
83303  44.307  13.173  28.317 0.0000000000
84569  45.199  14.129  28.645 0.0000000000
83955  44.429  13.680  28.862 0.0000000000
84564  45.160  14.113  29.354 0.0000000000
83948  44.463  13.812  29.504 0.0000000000
84559  44.682  13.915  29.994 0.0000000000
83949  43.833  13.467  29.853 0.0000000000
81979  42.681  10.979  29.679 0.0000000000
82632  42.712  11.648  29.908 0.0000000000
79973  42.783  7.257  26.791 0.0000000000
78281  42.462  6.338  27.933 0.0000000000
88638  41.133  20.121  33.899 0.0000000000
88006  41.770  20.451  34.937 0.0000000000
88615  41.958  20.584  34.201 0.0000000000
81887  43.837  10.846  42.875 0.0000000000
118806  51.813  18.599  38.874 0.0000000000
87308  51.095  19.117  37.123 0.0000000000
87976  50.522  19.575  35.689 0.0000000000
87999  49.953  19.785  35.235 0.0000000000
88607  50.659  19.854  35.063 0.0000000000
116043  50.217  19.498  33.712 0.0000000000
83888  46.745  13.310  37.263 0.0000000000
83900  47.201  13.960  36.743 0.0000000000
83907  47.223  13.877  35.708 0.0000000000
83914  47.404  13.681  34.812 0.0000000000
82016  46.949  10.841  22.502 0.0000000000
82663  47.219  12.062  23.210 0.0000000000
82669  47.070  11.620  22.819 0.0000000000
82670  46.446  11.250  22.747 0.0000000000
82665  45.895  11.632  23.347 0.0000000000
82658  45.362  12.052  24.289 0.0000000000
82011  44.986  10.112  24.233 0.0000000000
81365  44.338  9.546  24.979 0.0000000000
80686  44.294  8.776  25.074 0.0000000000
79179  44.493  7.548  25.379 0.0000000000
79165  44.889  7.003  25.616 0.0000000000
81218  41.218  9.284  43.023 0.0000000000
126730  54.054  18.875  42.948 0.0000000000
87239  54.416  18.570  42.578 0.0000000000
87238  54.650  18.268  41.603 0.0000000000
87247  54.896  18.094  40.636 0.0000000000
80630  45.569  8.556  30.832 0.0000000000
81328  45.777  9.335  30.299 0.0000000000
80649  46.207  8.737  29.271 0.0000000000
79982  49.954  8.824  25.291 0.0000000000
79993  49.622  9.069  24.735 0.0000000000
80694  48.759  9.409  23.736 0.0000000000
80693  49.252  9.075  23.096 0.0000000000
80701  49.049  8.707  22.906 0.0000000000
127970  46.195  12.085  42.734 0.0000000000
83200  46.747  12.315  42.365 0.0000000000
82536  46.342  11.752  42.117 0.0000000000
83214  47.150  12.078  40.360 0.0000000000
82553  46.662  11.548  40.033 0.0000000000
82556  46.461  11.669  39.236 0.0000000000
80541  43.032  8.214  41.695 0.0000000000
80536  43.404  8.697  41.845 0.0000000000
80545  43.031  8.096  40.999 0.0000000000
81241  42.707  9.132  39.775 0.0000000000
79875  42.807  8.077  36.167 0.0000000000
80573  43.152  8.977  35.915 0.0000000000
81276  43.680  9.671  35.736 0.0000000000
81932  43.765  10.299  36.348 0.0000000000
81275  44.250  9.513  34.983 0.0000000000
81286  44.408  9.367  34.158 0.0000000000
81298  44.785  9.072  33.383 0.0000000000
79106  46.761  5.558  32.830 0.0000000000
108292  49.161  6.422  32.043 0.0000000000
86575  48.197  17.677  39.723 0.0000000000
113636  47.769  17.545  40.929 0.0000000000
86576  47.368  17.661  39.652 0.0000000000
86577  46.646  17.723  39.559 0.0000000000
116978  45.973  17.658  39.832 0.0000000000
87288  45.622  18.284  38.295 0.0000000000
87312  45.349  18.734  37.502 0.0000000000
87951  45.184  19.390  36.630 0.0000000000
129707  44.592  19.863  35.855 0.0000000000
128442  45.335  19.854  35.746 0.0000000000
88611  45.313  20.343  34.718 0.0000000000
87364  46.668  19.071  32.415 0.0000000000
85936  46.073  16.448  32.889 0.0000000000
85214  45.014  15.097  32.781 0.0000000000
129178  45.219  14.736  32.055 0.0000000000
83934  43.909  13.421  30.792 0.0000000000
109762  50.305  15.497  44.908 0.0000000000
85114  50.937  15.660  45.577 0.0000000000
85127  51.484  15.371  42.454 0.0000000000
84496  50.277  14.784  37.982 0.0000000000
85152  50.946  15.171  38.384 0.0000000000
85160  50.703  15.512  37.479 0.0000000000
85159  51.501  15.930  37.894 0.0000000000
85870  52.442  16.216  38.228 0.0000000000
85878  53.459  16.873  37.514 0.0000000000
85879  52.224  16.657  37.277 0.0000000000
85887  52.106  17.092  36.265 0.0000000000
85903  51.938  17.027  35.169 0.0000000000
82631  46.983  11.530  29.521 0.0000000000
82615  47.515  12.010  30.839 0.0000000000
82623  47.566  12.049  29.852 0.0000000000
83286  48.106  12.559  30.292 0.0000000000
110983  48.705  13.289  29.716 0.0000000000
83961  49.251  14.442  26.851 0.0000000000
83954  49.456  14.334  27.768 0.0000000000
83960  49.738  14.876  27.378 0.0000000000
84562  49.840  15.267  29.012 0.0000000000
84556  50.405  15.589  29.797 0.0000000000
127867  50.708  15.966  30.441 0.0000000000
85230  50.278  15.693  29.560 0.0000000000
85946  50.499  16.096  29.798 0.0000000000
86668  50.276  16.607  30.192 0.0000000000
86669  49.728  16.921  29.990 0.0000000000
85958  48.986  16.515  29.036 0.0000000000
110516  47.875  15.589  28.483 0.0000000000
83963  44.948  13.347  27.627 0.0000000000
83310  44.650  12.766  27.475 0.0000000000
83311  43.994  12.393  28.052 0.0000000000
83304  43.560  12.733  28.738 0.0000000000
82639  42.866  11.468  29.003 0.0000000000
108156  54.184  17.626  44.441 0.0000000000
126412  41.343  19.624  33.387 0.0000000000
86614  42.646  17.741  34.683 0.0000000000
112191  43.511  17.439  34.513 0.0000000000
110329  45.660  12.306  43.531 0.0000000000
125377  45.096  12.565  44.399 0.0000000000
82530  45.769  11.588  42.538 0.0000000000
81905  45.647  10.518  41.018 0.0000000000
79847  41.660  7.309  38.134 0.0000000000
79043  41.903  6.643  37.744 0.0000000000
79846  42.027  7.180  37.429 0.0000000000
79052  42.395  6.575  36.959 0.0000000000
79065  42.798  7.007  36.138 0.0000000000
79064  43.353  6.490  35.401 0.0000000000
120667  43.488  7.053  34.843 0.0000000000
79080  44.246  6.406  33.885 0.0000000000
79097  44.774  6.509  33.243 0.0000000000
86562  50.064  18.000  41.141 0.0000000000
86574  49.044  17.880  39.977 0.0000000000
87265  50.628  18.392  39.164 0.0000000000
124022  49.759  18.183  39.479 0.0000000000
87266  48.889  18.004  38.981 0.0000000000
109298  48.355  18.292  38.157 0.0000000000
87310  47.923  18.701  37.380 0.0000000000
87949  47.538  19.213  36.688 0.0000000000
113094  47.119  19.568  35.889 0.0000000000
88001  47.600  20.166  35.143 0.0000000000
118083  47.554  20.606  34.350 0.0000000000
88631  47.935  20.703  33.791 0.0000000000
113949  49.201  20.092  34.737 0.0000000000
88034  48.300  20.183  33.406 0.0000000000
88035  47.474  20.438  33.282 0.0000000000
87363  47.494  19.259  32.184 0.0000000000
86653  47.428  18.410  31.948 0.0000000000
85942  47.198  16.454  31.670 0.0000000000
83861  49.386  13.672  40.622 0.0000000000
84467  49.998  14.065  40.780 0.0000000000
83866  49.394  13.611  39.943 0.0000000000
84482  49.903  14.057  39.428 0.0000000000
84485  49.760  14.282  38.627 0.0000000000
84499  47.908  14.371  37.189 0.0000000000
84498  48.739  14.505  37.471 0.0000000000
84497  49.554  14.618  37.722 0.0000000000
85161  50.030  15.132  37.098 0.0000000000
85189  49.605  15.746  35.230 0.0000000000
82650  47.234  11.359  26.475 0.0000000000
82643  47.638  12.152  26.888 0.0000000000
122782  47.755  12.077  25.913 0.0000000000
83327  47.158  12.852  23.475 0.0000000000
83320  47.289  13.208  24.055 0.0000000000
83313  48.378  13.758  25.774 0.0000000000
83969  47.769  14.217  25.408 0.0000000000
84581  48.083  14.435  25.675 0.0000000000
85247  48.182  15.362  26.660 0.0000000000
84582  47.795  14.263  25.535 0.0000000000
83322  44.886  12.416  25.241 0.0000000000
83316  44.900  12.512  26.430 0.0000000000
81997  43.631  10.178  26.391 0.0000000000
81359  43.176  8.689  26.795 0.0000000000
79985  43.824  7.675  25.768 0.0000000000
79167  43.379  7.217  26.426 0.0000000000
82527  42.094  11.508  44.684 0.0000000000
82532  42.474  10.945  43.690 0.0000000000
81228  42.773  8.768  42.542 0.0000000000
81217  42.243  8.872  42.715 0.0000000000
79820  42.564  7.694  41.466 0.0000000000
79829  41.480  7.279  40.055 0.0000000000
108146  51.084  18.507  42.112 0.0000000000
113964  51.968  18.759  40.984 0.0000000000
110152  53.072  18.732  41.201 0.0000000000
87250  52.669  18.900  40.452 0.0000000000
87264  52.725  19.000  39.645 0.0000000000
87281  53.014  19.230  38.711 0.0000000000
87925  53.040  19.683  37.668 0.0000000000
87974  53.123  19.966  36.172 0.0000000000
82603  46.309  11.658  33.756 0.0000000000
120462  46.393  11.348  33.160 0.0000000000
82610  46.662  11.370  32.514 0.0000000000
82616  46.975  11.475  31.563 0.0000000000
81972  46.022  10.065  30.679 0.0000000000
81971  46.480  10.765  30.117 0.0000000000
81990  46.694  10.613  27.145 0.0000000000
112684  47.293  7.685  28.207 0.0000000000
79972  46.922  8.169  27.850 0.0000000000
129866  46.829  8.592  27.320 0.0000000000
80666  47.289  8.397  26.779 0.0000000000
117955  46.746  9.057  26.779 0.0000000000
81352  46.568  9.818  26.781 0.0000000000
81371  48.060  9.551  23.273 0.0000000000
112829  47.537  10.080  23.027 0.0000000000
109568  47.238  10.309  22.690 0.0000000000
122698  46.960  9.303  22.976 0.0000000000
80695  46.402  8.819  23.540 0.0000000000
80002  46.683  8.065  23.924 0.0000000000
79187  46.934  7.261  24.400 0.0000000000
84451  49.251  15.445  44.950 0.0000000000
111814  49.049  14.691  43.383 0.0000000000
83846  49.156  14.407  42.425 0.0000000000
84449  46.756  14.111  46.124 0.0000000000
84454  46.897  14.198  45.231 0.0000000000
83848  47.162  12.763  42.623 0.0000000000
83842  47.144  13.263  43.289 0.0000000000
83841  47.678  14.012  43.512 0.0000000000
113394  48.673  13.690  41.772 0.0000000000
83862  48.760  13.327  40.487 0.0000000000
83872  47.751  13.324  38.651 0.0000000000
83217  47.493  12.648  39.918 0.0000000000
83220  47.313  12.737  39.151 0.0000000000
83873  47.054  12.978  38.272 0.0000000000
83250  46.176  12.802  35.700 0.0000000000
83251  45.805  12.034  35.205 0.0000000000
82531  43.129  11.142  43.411 0.0000000000
81894  44.319  10.359  42.356 0.0000000000
122016  43.760  9.139  41.898 0.0000000000
112762  44.643  10.211  41.932 0.0000000000
81903  44.871  10.148  41.392 0.0000000000
81906  44.968  10.206  40.710 0.0000000000
81909  44.818  10.519  39.835 0.0000000000
80552  41.716  8.007  38.598 0.0000000000
80551  42.080  8.649  39.177 0.0000000000
81244  42.411  9.270  38.603 0.0000000000
81253  42.433  9.154  37.441 0.0000000000
81243  42.974  9.886  39.195 0.0000000000
81910  43.832  10.224  39.573 0.0000000000
112562  45.415  10.823  39.726 0.0000000000
82554  45.250  10.952  39.159 0.0000000000
82558  44.935  11.125  38.224 0.0000000000
81931  44.265  10.937  36.229 0.0000000000
82580  44.701  11.454  36.250 0.0000000000
82579  45.106  11.862  36.705 0.0000000000
82588  45.143  11.767  35.812 0.0000000000
82604  45.872  11.069  33.536 0.0000000000
81306  45.583  9.490  32.108 0.0000000000
113936  46.373  7.471  30.099 0.0000000000
79108  45.265  6.542  32.659 0.0000000000
79119  45.724  6.431  32.074 0.0000000000
79105  47.174  5.770  32.199 0.0000000000
79936  46.879  6.950  30.126 0.0000000000
130764  40.411  9.961  43.576 0.0000000000
117591  38.868  8.390  43.456 0.0000000000
87253  44.000  18.159  40.877 0.0000000000
86568  44.409  17.778  40.095 0.0000000000
114031  43.586  18.122  40.127 0.0000000000
88614  42.547  20.615  34.630 0.0000000000
88003  44.084  20.446  35.211 0.0000000000
88613  43.532  20.591  34.638 0.0000000000
88636  42.779  20.459  33.288 0.0000000000
88039  42.750  20.312  32.972 0.0000000000
87350  43.200  19.440  33.216 0.0000000000
86629  43.887  17.867  34.069 0.0000000000
88621  45.843  20.341  34.329 0.0000000000
88633  45.534  20.282  33.976 0.0000000000
88056  46.001  19.545  33.106 0.0000000000
87348  45.029  19.259  33.281 0.0000000000
116709  44.697  18.619  33.381 0.0000000000
85920  44.245  16.900  34.258 0.0000000000
116194  44.469  14.525  33.150 0.0000000000
124276  51.158  15.695  44.969 0.0000000000
111541  53.595  16.884  45.004 0.0000000000
112599  53.620  16.760  44.275 0.0000000000
85844  54.225  16.944  42.881 0.0000000000
84466  50.680  14.510  41.100 0.0000000000
84460  51.415  15.078  41.467 0.0000000000
85146  51.911  15.285  39.468 0.0000000000
85138  52.044  15.201  40.098 0.0000000000
85131  53.240  16.016  41.425 0.0000000000
121485  54.222  16.706  41.872 0.0000000000
85847  54.637  17.602  42.418 0.0000000000
122601  54.787  17.220  41.298 0.0000000000
86573  55.069  18.010  39.667 0.0000000000
86585  55.307  18.424  38.655 0.0000000000
85877  54.197  16.942  38.071 0.0000000000
86596  55.328  18.556  37.745 0.0000000000
87280  55.372  19.169  38.196 0.0000000000
87306  55.219  19.151  37.281 0.0000000000
87973  53.940  19.458  36.568 0.0000000000
87996  52.914  19.943  35.450 0.0000000000
128605  47.075  12.347  33.377 0.0000000000
83265  47.338  12.861  33.520 0.0000000000
83920  47.592  13.591  33.993 0.0000000000
83279  47.660  12.646  32.149 0.0000000000
112429  47.789  13.567  33.163 0.0000000000
84539  48.041  14.395  33.589 0.0000000000
85198  48.810  15.285  33.656 0.0000000000
85197  49.643  15.731  34.183 0.0000000000
83302  48.157  12.851  28.298 0.0000000000
83947  49.510  14.320  28.519 0.0000000000
112931  49.274  13.957  29.211 0.0000000000
84550  49.352  14.353  31.242 0.0000000000
85203  49.819  15.697  33.167 0.0000000000
85202  50.527  16.056  33.607 0.0000000000
85919  51.182  16.465  33.978 0.0000000000
112654  51.865  16.853  34.258 0.0000000000
86628  52.386  17.501  34.553 0.0000000000
126975  51.559  16.811  32.822 0.0000000000
111719  52.170  17.361  33.658 0.0000000000
86627  52.547  18.356  34.129 0.0000000000
86640  52.422  19.141  33.966 0.0000000000
88019  52.455  19.642  34.764 0.0000000000
129414  52.043  19.763  34.730 0.0000000000
87360  50.153  18.922  32.113 0.0000000000
87377  49.421  17.394  30.805 0.0000000000
87370  48.965  18.243  31.511 0.0000000000
85941  47.832  16.901  31.023 0.0000000000
111899  47.014  15.215  30.372 0.0000000000
84574  47.349  15.024  26.999 0.0000000000
85240  47.096  15.172  28.179 0.0000000000
84568  45.585  14.216  27.765 0.0000000000
85233  47.203  15.242  29.013 0.0000000000
84557  46.718  14.794  29.663 0.0000000000
85221  46.187  14.650  30.531 0.0000000000
84552  45.187  14.214  30.604 0.0000000000
84553  44.436  13.809  30.649 0.0000000000
83940  43.657  13.236  30.628 0.0000000000
83296  43.339  12.884  29.561 0.0000000000
83287  43.251  12.866  30.406 0.0000000000
79178  45.631  6.510  25.645 0.0000000000
79081  43.788  6.446  34.609 0.0000000000
79155  44.009  6.559  27.416 0.0000000000
79994  44.800  7.949  24.881 0.0000000000
80687  43.764  8.330  25.650 0.0000000000
81233  44.248  9.577  41.669 0.0000000000
81987  42.826  10.604  28.704 0.0000000000
82652  44.053  11.080  26.805 0.0000000000
82664  46.782  12.098  23.056 0.0000000000
83297  42.859  12.282  30.125 0.0000000000
83314  47.756  13.460  25.124 0.0000000000
83845  49.400  14.218  41.699 0.0000000000
83927  48.035  13.391  32.400 0.0000000000
83938  49.407  14.066  30.168 0.0000000000
83968  48.605  14.591  25.988 0.0000000000
83970  47.041  14.141  25.262 0.0000000000
83982  46.872  13.371  23.927 0.0000000000
84480  51.290  14.780  39.918 0.0000000000
84573  48.147  14.650  25.875 0.0000000000
84583  46.740  14.289  26.100 0.0000000000
85132  52.288  15.466  40.886 0.0000000000
85137  53.150  15.867  40.642 0.0000000000
85196  50.404  16.140  34.575 0.0000000000
85218  50.648  16.038  31.145 0.0000000000
85224  50.677  15.917  30.054 0.0000000000
85226  47.396  15.577  29.746 0.0000000000
85245  49.573  15.193  27.366 0.0000000000
85248  47.914  15.512  27.595 0.0000000000
85840  54.507  17.713  43.304 0.0000000000
85841  54.236  17.303  43.754 0.0000000000
85845  53.370  16.240  42.405 0.0000000000
85851  54.792  17.025  40.617 0.0000000000
85852  54.298  16.696  40.217 0.0000000000
85861  53.375  16.179  39.309 0.0000000000
85947  48.761  16.794  29.625 0.0000000000
85956  50.119  15.996  29.332 0.0000000000
85966  49.322  15.796  28.467 0.0000000000
85968  48.605  16.007  28.801 0.0000000000
86556  46.540  17.386  41.210 0.0000000000
86561  54.935  17.514  40.647 0.0000000000
86565  47.608  17.523  40.338 0.0000000000
86586  54.988  17.584  38.291 0.0000000000
86588  46.994  17.996  38.957 0.0000000000
86589  46.123  17.943  39.008 0.0000000000
86597  54.629  17.652  37.443 0.0000000000
86652  51.455  17.359  32.273 0.0000000000
86661  50.022  17.185  30.649 0.0000000000
86662  48.651  17.510  31.061 0.0000000000
86677  49.930  16.418  29.564 0.0000000000
87240  53.657  18.801  42.161 0.0000000000
87263  53.725  19.727  39.644 0.0000000000
87313  44.495  18.934  37.489 0.0000000000
87323  54.686  19.374  36.977 0.0000000000
87324  54.569  19.122  36.611 0.0000000000
87331  53.587  19.454  36.017 0.0000000000
87336  52.636  19.363  34.601 0.0000000000
87362  48.401  19.220  32.023 0.0000000000
87910  54.774  19.286  38.888 0.0000000000
87911  54.192  19.707  39.378 0.0000000000
87944  54.833  19.376  37.619 0.0000000000
87945  53.728  19.586  37.091 0.0000000000
87947  51.082  19.463  36.282 0.0000000000
87978  48.100  19.507  35.911 0.0000000000
87980  42.960  19.886  36.049 0.0000000000
87997  52.069  19.865  35.207 0.0000000000
87998  51.133  19.834  35.165 0.0000000000
88037  45.274  19.915  33.693 0.0000000000
88038  44.152  19.880  33.594 0.0000000000
88052  49.786  19.409  32.823 0.0000000000
88610  46.192  20.291  34.705 0.0000000000
88612  44.421  20.521  34.686 0.0000000000
88618  51.441  19.849  34.937 0.0000000000
88620  48.292  20.520  34.214 0.0000000000
88624  43.040  20.510  33.967 0.0000000000
88625  42.357  20.568  33.676 0.0000000000
108055  52.571  19.855  35.095 0.0000000000
109185  51.640  16.057  45.308 0.0000000000
110058  54.630  18.773  39.835 0.0000000000
110352  46.402  13.861  45.645 0.0000000000
112044  43.702  13.284  31.361 0.0000000000
113283  46.276  11.789  38.686 0.0000000000
113356  43.002  18.706  33.905 0.0000000000
117285  49.952  18.794  37.375 0.0000000000
120058  54.670  18.153  42.529 0.0000000000
120840  52.647  19.802  34.966 0.0000000000
121085  50.110  15.613  32.308 0.0000000000
124504  49.676  14.819  42.973 0.0000000000
126272  46.384  20.460  33.864 0.0000000000
126306  54.504  19.367  39.440 0.0000000000
126382  45.635  18.317  42.254 0.0000000000
126649  52.351  18.286  33.480 0.0000000000
128395  51.816  19.676  36.048 0.0000000000
128588  52.766  20.027  35.935 0.0000000000
130204  43.220  20.407  33.617 0.0000000000
130429  46.548  9.358  27.329 0.0000000000
130549  50.379  18.268  39.777 0.0000000000
130629  44.138  13.657  29.368 0.0000000000
130918  54.205  17.849  44.534 0.0000000000
