#!ascii label  , from subject Paciente_3 vox2ras=TkReg
1127
115148  45.147  28.444  33.360 0.0000000000
97789  50.021  36.137  36.688 0.0000000000
91471  50.721  26.451  43.433 0.0000000000
92131  39.549  26.324  37.309 0.0000000000
90857  43.031  24.069  40.427 0.0000000000
124798  43.356  34.853  34.688 0.0000000000
98249  45.970  37.544  40.271 0.0000000000
101332  46.005  44.684  37.843 0.0000000000
90213  50.289  24.124  49.001 0.0000000000
87210  49.724  18.659  44.507 0.0000000000
95740  50.086  32.421  32.386 0.0000000000
92686  49.949  27.285  37.509 0.0000000000
93931  52.010  29.525  36.851 0.0000000000
93206  49.163  28.918  42.956 0.0000000000
101904  46.110  44.637  30.761 0.0000000000
99294  44.809  39.967  36.187 0.0000000000
89155  45.223  21.250  42.718 0.0000000000
93253  41.798  28.521  36.103 0.0000000000
91511  41.495  25.593  38.833 0.0000000000
92692  43.965  27.522  37.403 0.0000000000
95192  45.578  30.583  30.890 0.0000000000
125878  42.783  28.416  31.486 0.0000000000
100289  43.462  41.445  38.697 0.0000000000
128861  50.867  21.426  50.672 0.0000000000
87847  52.565  19.538  48.059 0.0000000000
85806  52.320  17.374  47.525 0.0000000000
100382  47.622  40.775  29.251 0.0000000000
96757  50.718  35.030  34.484 0.0000000000
95146  52.490  30.901  33.775 0.0000000000
95715  50.742  32.416  34.718 0.0000000000
95080  46.018  31.107  39.482 0.0000000000
94506  48.599  30.442  39.945 0.0000000000
93220  47.207  29.117  41.974 0.0000000000
92046  48.184  26.909  45.249 0.0000000000
99271  47.733  40.148  38.721 0.0000000000
100305  45.396  42.493  37.175 0.0000000000
98814  48.034  37.985  36.175 0.0000000000
97806  47.169  36.114  35.057 0.0000000000
108661  50.921  26.428  40.372 0.0000000000
90852  46.866  24.804  41.293 0.0000000000
90274  48.192  23.818  43.236 0.0000000000
89164  40.098  21.338  40.412 0.0000000000
87905  41.446  19.586  40.739 0.0000000000
99324  42.763  38.773  32.962 0.0000000000
97814  41.862  36.492  32.347 0.0000000000
98277  48.384  37.174  39.373 0.0000000000
96212  49.038  34.775  36.724 0.0000000000
102806  42.658  47.769  35.178 0.0000000000
103267  44.173  48.089  34.681 0.0000000000
99768  46.516  41.246  39.411 0.0000000000
90807  49.801  25.176  46.263 0.0000000000
89143  47.870  21.743  45.980 0.0000000000
88521  50.315  20.916  47.473 0.0000000000
108437  53.223  18.718  44.406 0.0000000000
93975  48.409  29.756  31.396 0.0000000000
93264  47.304  28.750  35.091 0.0000000000
121391  50.532  28.939  33.775 0.0000000000
92701  53.104  27.348  36.355 0.0000000000
92669  53.128  27.687  40.051 0.0000000000
94544  48.973  30.179  36.419 0.0000000000
93885  50.973  29.965  40.402 0.0000000000
92628  51.064  27.444  44.090 0.0000000000
92599  49.372  26.930  46.198 0.0000000000
91382  49.141  25.589  49.297 0.0000000000
100373  45.313  41.716  29.869 0.0000000000
100893  47.154  42.937  31.714 0.0000000000
100875  44.523  43.003  34.317 0.0000000000
100341  43.491  41.315  33.814 0.0000000000
98306  43.729  37.546  35.439 0.0000000000
124395  47.102  33.151  33.726 0.0000000000
92113  45.781  26.486  38.926 0.0000000000
90282  44.271  22.909  41.441 0.0000000000
87254  43.321  18.443  40.902 0.0000000000
87891  46.613  19.751  44.322 0.0000000000
120953  43.979  28.524  34.541 0.0000000000
92709  43.476  27.993  36.819 0.0000000000
93267  44.381  28.522  35.368 0.0000000000
93351  45.826  28.968  30.846 0.0000000000
93990  44.007  29.046  30.767 0.0000000000
93309  43.639  27.842  32.100 0.0000000000
115389  42.124  28.228  33.241 0.0000000000
87820  50.684  20.132  50.448 0.0000000000
87146  52.292  18.865  49.390 0.0000000000
86499  51.254  17.838  48.799 0.0000000000
116973  40.980  18.816  38.139 0.0000000000
97794  50.528  35.723  35.205 0.0000000000
96222  51.090  34.358  34.746 0.0000000000
126148  50.621  34.871  35.684 0.0000000000
94496  45.154  30.406  40.144 0.0000000000
94494  46.967  30.519  40.324 0.0000000000
98795  48.879  38.057  37.548 0.0000000000
99291  47.788  39.275  37.049 0.0000000000
98292  49.373  37.269  36.475 0.0000000000
119441  49.587  36.453  35.585 0.0000000000
92092  51.248  26.278  41.835 0.0000000000
91484  49.108  25.312  42.545 0.0000000000
90838  49.329  25.340  43.245 0.0000000000
90885  37.919  24.889  37.915 0.0000000000
90870  39.185  24.729  38.935 0.0000000000
91504  42.006  25.096  39.337 0.0000000000
90292  40.309  23.535  40.038 0.0000000000
90288  40.901  22.859  40.498 0.0000000000
89163  40.845  21.362  40.771 0.0000000000
89719  42.131  21.781  41.165 0.0000000000
97810  42.353  36.352  34.679 0.0000000000
120480  42.218  37.448  33.344 0.0000000000
97285  42.161  35.363  33.722 0.0000000000
92730  39.416  27.144  35.132 0.0000000000
92140  38.468  26.344  35.946 0.0000000000
98266  47.655  37.420  40.041 0.0000000000
97244  47.360  36.026  38.680 0.0000000000
126171  46.774  36.824  39.880 0.0000000000
99260  45.470  38.704  39.705 0.0000000000
122763  45.656  41.242  39.453 0.0000000000
99259  46.618  39.698  39.489 0.0000000000
110757  47.308  38.815  39.648 0.0000000000
90227  49.946  24.562  48.094 0.0000000000
90228  49.524  23.594  47.438 0.0000000000
89679  50.540  22.457  48.419 0.0000000000
87198  53.480  17.994  45.597 0.0000000000
87881  52.385  18.418  45.934 0.0000000000
87227  54.350  18.570  43.422 0.0000000000
118559  49.206  31.193  31.854 0.0000000000
93966  49.504  29.596  32.394 0.0000000000
94594  50.730  30.548  31.923 0.0000000000
123420  52.800  29.605  34.664 0.0000000000
93282  53.065  28.919  35.361 0.0000000000
93929  53.607  28.671  36.324 0.0000000000
92674  53.297  27.775  38.145 0.0000000000
93917  52.985  29.133  38.463 0.0000000000
114067  47.287  33.217  35.966 0.0000000000
95129  48.140  31.974  35.633 0.0000000000
95116  47.421  30.985  36.054 0.0000000000
93868  48.959  29.688  41.061 0.0000000000
93907  49.264  29.987  39.640 0.0000000000
93867  49.937  29.766  41.179 0.0000000000
93219  51.366  29.233  41.884 0.0000000000
93192  50.790  28.247  43.743 0.0000000000
110132  50.080  27.303  45.025 0.0000000000
93183  49.429  28.040  44.669 0.0000000000
91426  47.822  26.122  46.257 0.0000000000
92023  48.631  26.545  46.675 0.0000000000
100912  45.066  43.416  30.578 0.0000000000
100911  46.643  43.401  30.079 0.0000000000
101407  46.627  44.256  30.469 0.0000000000
102316  44.621  45.738  37.197 0.0000000000
102795  44.728  47.002  35.099 0.0000000000
101848  45.377  45.064  37.027 0.0000000000
119952  44.736  41.373  36.615 0.0000000000
100866  44.031  42.807  35.965 0.0000000000
120030  43.685  42.091  35.615 0.0000000000
100884  44.039  42.128  34.125 0.0000000000
99807  42.897  40.497  35.297 0.0000000000
99307  42.550  39.596  35.110 0.0000000000
118628  44.138  38.212  35.709 0.0000000000
96246  49.103  33.714  33.458 0.0000000000
97278  46.954  35.142  34.660 0.0000000000
95732  48.555  32.696  33.068 0.0000000000
95173  47.695  31.202  31.326 0.0000000000
116109  48.228  27.488  36.460 0.0000000000
92689  46.868  27.176  37.251 0.0000000000
92111  47.612  26.684  38.580 0.0000000000
89716  46.240  23.306  41.938 0.0000000000
90850  46.007  24.024  41.084 0.0000000000
89156  44.724  21.572  42.180 0.0000000000
88561  43.302  20.355  41.777 0.0000000000
87897  44.770  19.770  42.357 0.0000000000
88548  48.336  20.206  45.866 0.0000000000
117420  47.020  20.863  45.071 0.0000000000
87212  47.843  18.744  44.272 0.0000000000
92712  40.319  27.638  36.437 0.0000000000
91520  40.014  25.996  38.125 0.0000000000
131032  41.591  27.279  37.639 0.0000000000
92116  42.694  26.365  38.473 0.0000000000
91509  43.263  25.806  38.881 0.0000000000
96263  44.877  32.839  32.665 0.0000000000
93271  40.582  27.918  34.916 0.0000000000
89653  50.667  23.248  50.134 0.0000000000
89110  51.373  22.040  49.188 0.0000000000
89099  52.370  20.950  49.589 0.0000000000
87172  52.846  18.350  48.070 0.0000000000
96245  50.957  34.128  33.313 0.0000000000
95157  51.610  31.799  32.212 0.0000000000
95729  51.847  33.076  33.499 0.0000000000
95138  52.023  31.591  33.988 0.0000000000
94554  51.103  30.428  35.480 0.0000000000
95104  46.160  31.263  37.571 0.0000000000
94533  47.639  30.457  37.717 0.0000000000
94523  46.930  30.940  39.326 0.0000000000
93888  47.501  30.203  40.708 0.0000000000
93859  48.152  29.096  42.440 0.0000000000
92629  48.744  28.069  44.460 0.0000000000
92641  47.260  28.089  43.225 0.0000000000
92631  46.941  27.283  43.647 0.0000000000
91454  46.563  25.877  44.995 0.0000000000
102377  44.925  45.804  31.753 0.0000000000
100303  47.279  42.631  38.988 0.0000000000
100833  46.411  43.540  38.037 0.0000000000
99789  46.737  41.650  37.933 0.0000000000
99797  46.024  40.965  37.161 0.0000000000
98804  46.549  38.855  36.333 0.0000000000
98816  45.834  38.355  35.952 0.0000000000
98303  47.500  37.557  35.674 0.0000000000
121581  49.174  35.739  34.853 0.0000000000
92109  50.189  26.692  38.954 0.0000000000
108084  48.302  26.588  39.090 0.0000000000
91494  49.215  26.116  40.577 0.0000000000
90278  47.148  23.802  42.297 0.0000000000
89710  46.482  22.269  43.207 0.0000000000
86552  50.301  18.011  41.931 0.0000000000
86553  49.407  17.774  41.715 0.0000000000
89168  38.053  21.238  39.683 0.0000000000
90866  39.740  24.148  39.544 0.0000000000
89724  39.524  22.252  40.113 0.0000000000
88569  39.073  20.104  39.986 0.0000000000
87907  39.870  19.906  40.235 0.0000000000
87271  40.590  18.672  39.577 0.0000000000
87270  41.421  18.573  39.686 0.0000000000
98833  43.839  38.073  31.842 0.0000000000
98316  43.137  37.515  31.753 0.0000000000
97258  49.576  36.311  38.162 0.0000000000
97271  49.755  35.612  37.090 0.0000000000
114008  49.096  35.930  38.415 0.0000000000
96736  47.442  35.080  37.553 0.0000000000
96215  46.080  33.602  36.719 0.0000000000
95708  45.463  32.715  36.731 0.0000000000
95105  45.268  31.650  37.706 0.0000000000
103269  43.000  48.029  35.344 0.0000000000
102773  43.803  46.516  37.600 0.0000000000
129621  44.467  45.187  38.106 0.0000000000
100814  46.590  43.582  39.269 0.0000000000
99779  47.087  41.366  39.075 0.0000000000
98773  48.226  38.554  39.174 0.0000000000
91453  49.834  25.531  44.723 0.0000000000
90827  49.351  24.612  44.437 0.0000000000
90255  49.351  24.329  45.850 0.0000000000
89142  48.576  21.610  46.628 0.0000000000
87883  49.757  19.569  45.610 0.0000000000
88541  51.851  20.000  47.529 0.0000000000
87200  51.620  18.736  45.627 0.0000000000
87219  51.045  18.599  43.627 0.0000000000
93318  46.208  28.855  32.082 0.0000000000
93289  46.741  29.097  34.143 0.0000000000
93305  47.427  29.296  33.369 0.0000000000
93287  48.970  28.793  34.327 0.0000000000
92726  50.520  27.474  35.794 0.0000000000
124895  52.263  29.099  33.556 0.0000000000
92739  52.332  27.936  34.794 0.0000000000
111473  51.617  27.108  36.870 0.0000000000
92107  52.022  26.870  38.751 0.0000000000
92096  52.182  26.801  40.392 0.0000000000
111730  51.868  26.813  42.531 0.0000000000
116216  50.037  33.720  35.340 0.0000000000
95127  49.857  31.481  35.219 0.0000000000
94543  50.499  29.938  36.133 0.0000000000
108294  48.353  30.025  38.300 0.0000000000
130047  49.803  29.555  38.745 0.0000000000
93926  51.388  29.594  38.042 0.0000000000
93884  51.862  29.505  40.389 0.0000000000
93218  52.100  28.600  41.500 0.0000000000
92057  51.067  26.750  43.766 0.0000000000
111608  50.291  26.299  45.325 0.0000000000
91425  50.205  25.920  46.709 0.0000000000
111913  49.936  25.555  48.327 0.0000000000
92036  49.130  26.968  46.131 0.0000000000
92008  49.245  26.645  47.617 0.0000000000
90769  50.100  24.556  49.713 0.0000000000
90191  49.884  23.608  50.822 0.0000000000
100372  45.900  41.132  29.316 0.0000000000
100919  47.369  42.304  30.092 0.0000000000
100353  47.413  41.865  31.188 0.0000000000
115246  45.399  43.905  36.916 0.0000000000
101379  46.335  44.374  32.101 0.0000000000
100882  45.912  42.852  33.056 0.0000000000
100339  45.398  41.886  33.000 0.0000000000
99830  44.820  41.034  32.894 0.0000000000
113199  42.240  40.104  33.776 0.0000000000
98819  42.287  37.969  34.991 0.0000000000
122888  43.895  36.106  35.173 0.0000000000
97799  45.492  36.971  35.219 0.0000000000
97280  45.335  35.381  34.898 0.0000000000
96232  45.405  33.805  34.172 0.0000000000
95743  46.460  31.553  31.962 0.0000000000
93987  47.289  29.760  30.582 0.0000000000
92707  45.334  27.765  36.864 0.0000000000
110633  45.093  26.685  38.356 0.0000000000
90861  44.316  24.926  40.237 0.0000000000
91500  46.391  25.591  40.004 0.0000000000
90855  44.901  24.341  40.686 0.0000000000
90286  43.505  23.293  40.915 0.0000000000
89160  42.551  20.871  41.396 0.0000000000
87245  42.792  19.033  41.207 0.0000000000
90269  47.837  23.119  44.076 0.0000000000
89151  46.849  21.964  43.889 0.0000000000
88553  46.079  20.298  43.739 0.0000000000
86547  47.747  17.710  42.232 0.0000000000
126382  45.635  18.317  42.254 0.0000000000
126013  51.066  16.137  46.572 0.0000000000
85838  52.694  16.401  44.735 0.0000000000
93292  44.192  28.358  33.659 0.0000000000
93291  44.795  28.534  34.472 0.0000000000
93319  45.447  28.428  31.855 0.0000000000
93320  44.451  28.000  31.726 0.0000000000
93308  44.379  28.036  32.685 0.0000000000
124550  43.666  28.110  32.973 0.0000000000
87825  51.059  19.360  49.836 0.0000000000
97269  50.364  35.683  35.869 0.0000000000
97270  50.155  35.688  36.580 0.0000000000
98794  49.421  37.368  37.341 0.0000000000
98291  49.775  36.749  37.109 0.0000000000
98300  49.734  36.668  36.207 0.0000000000
91483  50.571  26.044  42.497 0.0000000000
117926  49.794  25.709  42.609 0.0000000000
113826  50.089  26.014  43.101 0.0000000000
91522  38.339  25.383  37.398 0.0000000000
91513  38.687  25.160  38.216 0.0000000000
91521  39.152  25.690  37.729 0.0000000000
90863  42.505  24.629  39.926 0.0000000000
90291  41.261  23.683  40.078 0.0000000000
90287  41.852  23.194  40.621 0.0000000000
115969  41.644  22.410  40.892 0.0000000000
121527  42.641  23.429  40.625 0.0000000000
97809  43.065  35.626  35.004 0.0000000000
127049  42.380  35.674  34.382 0.0000000000
97282  42.678  34.974  34.359 0.0000000000
92139  39.189  26.590  36.404 0.0000000000
118589  39.047  26.787  35.668 0.0000000000
92132  38.790  25.914  36.820 0.0000000000
98267  46.770  37.252  40.328 0.0000000000
97753  47.206  37.035  40.148 0.0000000000
97754  46.396  37.030  40.245 0.0000000000
99769  45.465  39.937  39.479 0.0000000000
119833  46.408  38.328  40.022 0.0000000000
98774  47.115  37.877  40.288 0.0000000000
89666  50.169  23.478  48.367 0.0000000000
87206  54.003  18.296  44.595 0.0000000000
122861  49.811  31.668  32.088 0.0000000000
95171  50.150  31.181  31.885 0.0000000000
95170  51.019  31.291  31.891 0.0000000000
93936  52.690  29.379  35.702 0.0000000000
109836  53.462  29.026  35.903 0.0000000000
93930  53.238  29.121  36.681 0.0000000000
93924  53.195  28.976  37.604 0.0000000000
93925  52.523  29.341  37.738 0.0000000000
95706  47.222  32.158  35.897 0.0000000000
95117  46.572  31.473  36.573 0.0000000000
124197  49.415  29.900  40.617 0.0000000000
93857  49.671  29.468  42.023 0.0000000000
93856  50.567  29.475  42.025 0.0000000000
93205  50.283  29.039  42.993 0.0000000000
93193  49.890  28.431  43.886 0.0000000000
91427  46.828  25.593  46.662 0.0000000000
101906  44.924  44.842  31.240 0.0000000000
101420  45.487  44.293  30.618 0.0000000000
101920  46.264  44.534  30.433 0.0000000000
128414  46.434  44.385  30.277 0.0000000000
101836  45.248  45.055  37.842 0.0000000000
102330  45.040  45.710  36.194 0.0000000000
99799  44.317  40.575  36.194 0.0000000000
122597  44.038  41.109  36.082 0.0000000000
99295  43.575  40.523  35.785 0.0000000000
119885  43.466  41.291  35.587 0.0000000000
130961  43.141  39.924  35.606 0.0000000000
99305  44.150  39.028  35.957 0.0000000000
95731  49.756  33.205  32.883 0.0000000000
95741  48.972  32.153  32.448 0.0000000000
95159  49.079  31.667  32.122 0.0000000000
92687  48.957  27.306  37.224 0.0000000000
92688  47.810  27.126  37.223 0.0000000000
92680  48.343  26.856  38.097 0.0000000000
89713  46.179  22.717  42.494 0.0000000000
89717  45.714  22.938  41.913 0.0000000000
89714  45.430  22.162  42.365 0.0000000000
88557  44.690  20.659  42.386 0.0000000000
87888  49.220  19.065  45.035 0.0000000000
87889  48.230  19.175  44.921 0.0000000000
87211  48.782  18.700  44.378 0.0000000000
93254  40.783  28.205  35.899 0.0000000000
92695  40.807  27.229  37.309 0.0000000000
92711  41.388  27.880  36.917 0.0000000000
92693  43.141  27.545  37.461 0.0000000000
92127  43.614  27.107  37.825 0.0000000000
92115  43.632  26.516  38.360 0.0000000000
117478  45.308  31.937  32.022 0.0000000000
95744  44.850  32.391  32.204 0.0000000000
95176  44.857  30.857  31.332 0.0000000000
93354  43.613  28.556  31.023 0.0000000000
94612  43.774  29.397  31.035 0.0000000000
130906  41.985  28.445  34.333 0.0000000000
93294  41.095  28.190  34.420 0.0000000000
93270  41.395  28.366  35.169 0.0000000000
89640  50.853  22.691  50.436 0.0000000000
89100  52.054  21.522  50.023 0.0000000000
88486  52.134  21.192  50.127 0.0000000000
86497  52.368  18.313  48.827 0.0000000000
87156  52.817  18.964  49.022 0.0000000000
86522  52.849  17.804  47.162 0.0000000000
109496  53.066  17.752  46.278 0.0000000000
86523  53.016  17.423  46.209 0.0000000000
99855  46.993  40.041  28.499 0.0000000000
99871  46.283  39.829  27.557 0.0000000000
96770  50.492  34.663  33.873 0.0000000000
95730  51.407  33.523  33.214 0.0000000000
96244  51.700  34.016  33.751 0.0000000000
96229  51.399  33.507  34.454 0.0000000000
95723  51.801  32.786  34.009 0.0000000000
95139  51.581  32.195  34.246 0.0000000000
95125  51.763  30.984  34.616 0.0000000000
95126  50.853  31.300  34.999 0.0000000000
117858  45.632  31.402  38.269 0.0000000000
95094  46.200  31.193  38.677 0.0000000000
124886  47.182  29.659  41.159 0.0000000000
93869  48.024  29.784  41.446 0.0000000000
93207  47.514  28.658  42.725 0.0000000000
92048  46.493  26.430  44.216 0.0000000000
99788  47.146  41.307  38.549 0.0000000000
98803  48.091  38.524  36.654 0.0000000000
99292  46.832  39.676  36.809 0.0000000000
99293  45.852  40.241  36.674 0.0000000000
111804  47.459  38.751  36.547 0.0000000000
98815  46.970  38.164  36.071 0.0000000000
97803  50.146  35.998  35.182 0.0000000000
97804  49.567  36.245  35.281 0.0000000000
96758  50.272  35.243  34.400 0.0000000000
92102  50.386  26.571  39.872 0.0000000000
92103  49.361  26.557  39.763 0.0000000000
92098  50.111  26.258  40.573 0.0000000000
90843  48.612  24.509  43.010 0.0000000000
90847  48.235  24.836  42.401 0.0000000000
90844  47.811  24.062  42.663 0.0000000000
90275  47.453  23.587  42.850 0.0000000000
115033  38.246  22.032  39.700 0.0000000000
117334  40.564  25.509  38.735 0.0000000000
90869  40.143  24.899  39.183 0.0000000000
90289  40.065  22.824  40.249 0.0000000000
129858  39.875  21.785  40.291 0.0000000000
89165  39.495  21.458  40.120 0.0000000000
88566  39.629  20.705  40.210 0.0000000000
88564  41.127  20.449  40.834 0.0000000000
87906  40.662  19.726  40.458 0.0000000000
87257  40.990  18.940  40.242 0.0000000000
118943  41.090  18.572  38.938 0.0000000000
99323  43.378  39.262  32.633 0.0000000000
98829  43.382  38.493  32.423 0.0000000000
120131  41.971  36.660  33.273 0.0000000000
114617  42.369  37.178  32.566 0.0000000000
108369  42.479  37.078  31.989 0.0000000000
97768  49.286  36.691  38.739 0.0000000000
97242  49.158  36.295  38.799 0.0000000000
97259  48.097  35.625  38.264 0.0000000000
96747  46.713  34.481  37.024 0.0000000000
96216  45.221  33.571  36.912 0.0000000000
95696  44.816  32.216  37.234 0.0000000000
103277  42.879  48.574  34.390 0.0000000000
102774  43.133  46.821  37.834 0.0000000000
102306  43.387  46.270  38.363 0.0000000000
102305  44.169  45.692  37.927 0.0000000000
100276  46.551  42.522  39.584 0.0000000000
100800  47.032  43.165  39.679 0.0000000000
100275  46.992  42.540  39.411 0.0000000000
99767  47.013  41.099  39.236 0.0000000000
114852  47.853  38.289  39.840 0.0000000000
99258  47.874  39.200  39.237 0.0000000000
98265  48.349  37.797  39.401 0.0000000000
98276  49.068  37.260  38.835 0.0000000000
91439  50.232  25.761  45.622 0.0000000000
90815  49.717  24.917  45.262 0.0000000000
89129  49.269  21.861  47.258 0.0000000000
89680  48.957  22.691  46.963 0.0000000000
89141  49.411  21.081  47.076 0.0000000000
87871  49.248  20.093  46.064 0.0000000000
88543  49.746  20.476  46.759 0.0000000000
88519  52.404  20.364  48.494 0.0000000000
89126  52.004  21.190  48.818 0.0000000000
87208  52.543  18.779  45.064 0.0000000000
123884  51.651  18.807  44.980 0.0000000000
110729  51.980  18.770  44.403 0.0000000000
109783  51.695  18.667  42.811 0.0000000000
87228  53.076  18.699  42.897 0.0000000000
93968  47.649  29.454  31.734 0.0000000000
93959  47.992  29.440  32.713 0.0000000000
122606  49.937  29.352  33.136 0.0000000000
93303  49.503  29.067  33.733 0.0000000000
93286  50.029  28.492  34.341 0.0000000000
93262  49.388  28.227  35.028 0.0000000000
92741  50.505  27.746  34.951 0.0000000000
125181  52.259  31.775  33.060 0.0000000000
94585  52.059  30.627  32.328 0.0000000000
94574  52.956  30.348  33.546 0.0000000000
93261  53.371  28.279  35.678 0.0000000000
93283  52.696  28.676  34.891 0.0000000000
92723  52.959  27.431  35.739 0.0000000000
92702  52.149  27.153  36.069 0.0000000000
92684  52.444  27.168  37.041 0.0000000000
92677  51.613  27.019  37.808 0.0000000000
92676  52.631  27.221  38.017 0.0000000000
120586  53.247  27.556  39.466 0.0000000000
92672  52.899  27.272  39.003 0.0000000000
92095  52.901  27.181  39.863 0.0000000000
92091  52.022  26.761  41.366 0.0000000000
92090  52.572  27.304  40.668 0.0000000000
96745  50.121  35.041  36.286 0.0000000000
96224  49.277  34.118  35.843 0.0000000000
94556  48.960  30.790  35.618 0.0000000000
95128  49.000  31.728  35.379 0.0000000000
94555  49.928  30.481  35.698 0.0000000000
94531  49.752  29.826  36.775 0.0000000000
94522  47.692  30.546  38.811 0.0000000000
94521  48.437  30.115  39.301 0.0000000000
109856  50.113  30.236  39.967 0.0000000000
108356  50.028  29.749  39.305 0.0000000000
110536  50.383  29.574  38.451 0.0000000000
93919  50.946  29.665  39.071 0.0000000000
93905  51.681  29.612  39.685 0.0000000000
93191  51.564  27.904  43.499 0.0000000000
93203  51.901  28.309  42.537 0.0000000000
92640  51.890  27.344  43.040 0.0000000000
92056  51.057  26.900  43.960 0.0000000000
92045  50.465  26.695  44.408 0.0000000000
92035  50.004  26.669  45.998 0.0000000000
128198  50.321  26.405  45.706 0.0000000000
91407  49.905  26.114  47.689 0.0000000000
92021  49.695  26.441  46.944 0.0000000000
92621  48.506  27.536  44.886 0.0000000000
92611  49.083  27.395  45.574 0.0000000000
91392  48.790  26.180  48.735 0.0000000000
92009  48.834  26.557  47.536 0.0000000000
92000  49.064  26.567  48.187 0.0000000000
123687  49.260  26.442  48.501 0.0000000000
129946  49.374  26.192  48.861 0.0000000000
90199  49.983  24.064  50.341 0.0000000000
100913  44.465  42.165  30.581 0.0000000000
100362  43.516  41.316  30.432 0.0000000000
99839  43.725  40.806  29.881 0.0000000000
101406  47.018  43.630  30.497 0.0000000000
100920  46.979  42.513  29.839 0.0000000000
100909  47.380  42.584  30.477 0.0000000000
100352  47.607  41.827  30.696 0.0000000000
118134  47.179  42.335  31.666 0.0000000000
100848  45.617  43.477  37.277 0.0000000000
101367  44.202  43.517  34.948 0.0000000000
101350  44.138  43.389  35.534 0.0000000000
101366  44.918  43.930  34.524 0.0000000000
101381  45.362  43.390  33.737 0.0000000000
101380  46.055  43.811  33.008 0.0000000000
100340  44.414  41.615  33.452 0.0000000000
100349  45.748  41.257  32.300 0.0000000000
99822  43.898  40.817  33.232 0.0000000000
120593  44.255  40.401  32.684 0.0000000000
99823  42.944  40.509  33.460 0.0000000000
98818  43.196  38.307  35.518 0.0000000000
119516  42.558  38.757  35.265 0.0000000000
98307  42.896  37.511  35.243 0.0000000000
97800  44.319  36.870  35.292 0.0000000000
97798  46.718  36.970  35.276 0.0000000000
98304  46.251  37.607  35.593 0.0000000000
96231  47.388  33.764  34.225 0.0000000000
97279  46.242  35.501  34.870 0.0000000000
96761  45.978  34.590  34.580 0.0000000000
96248  46.327  33.552  34.059 0.0000000000
96249  45.365  33.162  33.375 0.0000000000
95734  46.414  32.732  33.176 0.0000000000
93986  48.106  30.247  30.690 0.0000000000
94608  47.342  30.573  30.691 0.0000000000
93330  46.654  29.143  31.600 0.0000000000
93265  46.282  28.690  35.203 0.0000000000
93248  46.773  28.118  35.893 0.0000000000
92124  46.554  26.931  37.835 0.0000000000
92125  45.883  26.880  38.152 0.0000000000
91507  44.921  26.214  39.033 0.0000000000
91501  44.630  25.588  39.673 0.0000000000
91498  48.214  25.975  39.978 0.0000000000
91499  47.153  25.707  39.925 0.0000000000
114012  46.668  25.251  40.646 0.0000000000
90281  45.212  23.304  41.526 0.0000000000
90854  45.612  24.426  40.847 0.0000000000
90285  44.579  23.722  41.086 0.0000000000
117532  43.444  22.556  41.215 0.0000000000
89159  43.374  21.163  41.585 0.0000000000
87902  43.383  19.507  41.755 0.0000000000
87255  42.812  18.477  40.350 0.0000000000
90268  48.450  23.657  44.439 0.0000000000
89702  47.845  23.024  45.000 0.0000000000
88551  47.032  20.127  44.970 0.0000000000
89149  46.634  20.856  44.287 0.0000000000
89152  46.276  21.351  43.509 0.0000000000
87893  46.216  19.224  43.765 0.0000000000
86563  49.197  17.818  40.847 0.0000000000
86546  48.735  17.758  42.366 0.0000000000
86554  48.368  17.674  41.431 0.0000000000
128868  42.720  28.662  34.695 0.0000000000
93252  42.884  28.608  36.125 0.0000000000
93268  43.345  28.706  35.182 0.0000000000
93251  43.906  28.442  36.139 0.0000000000
92708  44.389  27.918  36.826 0.0000000000
93988  45.745  29.539  30.516 0.0000000000
94610  45.270  29.860  30.507 0.0000000000
93352  45.168  29.015  30.819 0.0000000000
93333  43.973  28.225  31.168 0.0000000000
108361  43.601  27.954  31.470 0.0000000000
92751  42.252  28.224  32.484 0.0000000000
115512  42.936  28.090  32.646 0.0000000000
119187  43.122  28.453  33.902 0.0000000000
88476  51.196  20.718  50.627 0.0000000000
88475  51.882  20.694  50.258 0.0000000000
87819  51.444  20.114  50.218 0.0000000000
86498  52.135  18.384  49.055 0.0000000000
86513  51.954  17.665  48.409 0.0000000000
97275  50.908  35.343  34.893 0.0000000000
96756  51.068  34.749  34.648 0.0000000000
96751  51.125  35.005  35.034 0.0000000000
96752  50.917  34.905  35.332 0.0000000000
96223  50.839  34.384  35.119 0.0000000000
94509  45.599  30.792  39.927 0.0000000000
94508  46.459  30.803  39.950 0.0000000000
94495  46.014  30.479  40.308 0.0000000000
93870  46.484  29.270  41.438 0.0000000000
99270  48.510  38.739  37.831 0.0000000000
99282  48.089  39.456  37.775 0.0000000000
98796  48.388  38.606  37.033 0.0000000000
115399  48.464  38.074  36.489 0.0000000000
98813  48.803  37.610  36.112 0.0000000000
98301  49.163  37.107  35.849 0.0000000000
91492  50.685  26.040  41.063 0.0000000000
91493  49.761  25.776  41.238 0.0000000000
91488  49.831  25.660  42.020 0.0000000000
90865  40.696  24.299  39.654 0.0000000000
90864  41.609  24.465  39.772 0.0000000000
89723  40.326  22.084  40.478 0.0000000000
88565  40.369  20.590  40.516 0.0000000000
89722  41.009  22.114  40.781 0.0000000000
130922  41.436  21.767  40.971 0.0000000000
89161  41.628  21.088  41.113 0.0000000000
98824  42.029  38.022  34.084 0.0000000000
98826  42.428  38.225  33.356 0.0000000000
98312  41.942  37.036  34.148 0.0000000000
97812  41.950  36.156  33.907 0.0000000000
114841  41.799  35.882  32.971 0.0000000000
92149  38.791  26.829  35.127 0.0000000000
91534  38.040  25.646  36.533 0.0000000000
113947  37.493  25.177  37.231 0.0000000000
97752  47.857  37.015  39.732 0.0000000000
97770  47.564  36.667  39.419 0.0000000000
97771  46.553  36.373  39.111 0.0000000000
99770  44.230  40.375  39.223 0.0000000000
100288  45.186  42.008  39.373 0.0000000000
90241  49.558  24.461  46.927 0.0000000000
121443  49.719  22.622  47.700 0.0000000000
89128  49.974  21.666  47.711 0.0000000000
87867  52.661  18.631  47.407 0.0000000000
87868  52.122  19.154  47.139 0.0000000000
87199  53.380  18.347  45.346 0.0000000000
109138  53.973  18.562  44.276 0.0000000000
87217  53.897  18.753  43.695 0.0000000000
124322  48.659  30.089  31.139 0.0000000000
93967  48.600  29.569  32.143 0.0000000000
93974  49.132  29.899  31.704 0.0000000000
126867  50.300  29.616  32.565 0.0000000000
93957  50.869  29.318  33.065 0.0000000000
94566  53.248  30.022  34.166 0.0000000000
110142  53.255  29.846  33.821 0.0000000000
93935  52.906  29.058  35.179 0.0000000000
93934  53.467  28.777  35.821 0.0000000000
93247  53.655  28.197  36.117 0.0000000000
92682  53.331  27.737  37.386 0.0000000000
93244  53.416  28.051  37.677 0.0000000000
93904  53.424  28.117  38.585 0.0000000000
93241  53.382  28.247  39.511 0.0000000000
96213  48.046  34.100  36.100 0.0000000000
123830  48.145  33.129  35.721 0.0000000000
94557  48.252  31.043  35.598 0.0000000000
94545  48.200  30.521  36.167 0.0000000000
93887  48.704  30.088  40.416 0.0000000000
93908  49.382  30.186  40.173 0.0000000000
93886  50.144  30.062  40.591 0.0000000000
93866  50.774  29.832  41.189 0.0000000000
93204  51.185  28.852  42.881 0.0000000000
92618  50.585  27.062  44.528 0.0000000000
93182  50.271  27.790  44.542 0.0000000000
92619  49.598  27.634  45.054 0.0000000000
92609  49.608  27.242  45.534 0.0000000000
92038  47.755  26.373  45.609 0.0000000000
92037  48.527  26.707  45.907 0.0000000000
91393  48.340  26.051  48.062 0.0000000000
100902  43.826  42.981  31.113 0.0000000000
100360  45.865  42.886  30.146 0.0000000000
101419  46.261  44.061  30.073 0.0000000000
101418  46.556  44.142  30.285 0.0000000000
114352  47.100  43.693  31.113 0.0000000000
102784  44.299  46.642  36.734 0.0000000000
115669  44.732  46.619  35.938 0.0000000000
100849  44.765  43.043  36.663 0.0000000000
100316  44.210  41.981  36.303 0.0000000000
100876  43.679  42.659  35.008 0.0000000000
100325  43.291  41.794  35.163 0.0000000000
100332  43.277  41.679  34.567 0.0000000000
122518  42.731  40.904  34.158 0.0000000000
99814  42.444  40.342  34.598 0.0000000000
99306  43.145  39.213  35.697 0.0000000000
122308  48.004  35.523  34.722 0.0000000000
96230  48.432  34.131  34.115 0.0000000000
96247  48.012  33.283  33.728 0.0000000000
95733  47.460  32.489  33.179 0.0000000000
95742  47.905  31.825  32.552 0.0000000000
95172  48.390  31.208  31.687 0.0000000000
92728  47.762  27.965  35.770 0.0000000000
92705  47.280  27.543  36.552 0.0000000000
92123  47.325  26.834  37.887 0.0000000000
92112  46.739  26.664  38.606 0.0000000000
90279  46.615  23.733  41.810 0.0000000000
90849  46.460  24.055  41.371 0.0000000000
90280  46.025  23.614  41.487 0.0000000000
89718  44.921  22.464  41.860 0.0000000000
89158  43.957  21.913  41.673 0.0000000000
88558  44.034  20.932  41.931 0.0000000000
87898  44.051  20.054  42.124 0.0000000000
87901  44.211  19.232  41.951 0.0000000000
88545  48.061  20.951  46.054 0.0000000000
89146  47.436  21.298  45.495 0.0000000000
88549  47.556  20.501  45.514 0.0000000000
87890  47.359  19.366  44.696 0.0000000000
87213  46.945  18.860  44.129 0.0000000000
92138  39.923  26.988  36.878 0.0000000000
92130  40.419  26.602  37.710 0.0000000000
126187  41.301  26.765  38.004 0.0000000000
92117  41.834  26.268  38.502 0.0000000000
92694  42.279  27.489  37.575 0.0000000000
92129  42.110  26.907  38.118 0.0000000000
91510  42.384  25.687  38.877 0.0000000000
91503  42.901  25.242  39.442 0.0000000000
96250  44.353  33.260  33.272 0.0000000000
96234  43.692  33.683  33.862 0.0000000000
95745  44.013  32.489  32.009 0.0000000000
94597  44.300  30.142  31.210 0.0000000000
92752  41.498  28.041  32.813 0.0000000000
93293  41.264  28.143  33.653 0.0000000000
92729  40.020  27.645  35.481 0.0000000000
99261  44.374  39.026  39.579 0.0000000000
98775  45.500  37.991  40.241 0.0000000000
90212  50.328  23.967  49.581 0.0000000000
89665  50.711  23.140  49.348 0.0000000000
89652  51.447  22.284  49.999 0.0000000000
89109  52.130  21.423  49.609 0.0000000000
88518  52.760  19.878  48.888 0.0000000000
129609  52.516  19.939  49.234 0.0000000000
87832  52.855  19.342  48.921 0.0000000000
87845  52.972  18.772  48.095 0.0000000000
87185  52.900  18.077  47.051 0.0000000000
86532  53.557  17.588  45.505 0.0000000000
96262  50.762  33.375  32.833 0.0000000000
95158  50.722  31.902  32.065 0.0000000000
95739  51.363  32.722  32.605 0.0000000000
95738  52.016  32.222  32.847 0.0000000000
95147  52.089  31.984  33.524 0.0000000000
124683  51.635  33.698  34.223 0.0000000000
94553  52.559  30.555  34.311 0.0000000000
117527  52.154  30.092  35.090 0.0000000000
93937  51.474  29.748  36.021 0.0000000000
94546  46.971  30.751  37.068 0.0000000000
94534  46.902  30.814  38.204 0.0000000000
94507  47.835  30.763  39.713 0.0000000000
122077  47.241  30.762  39.983 0.0000000000
94493  47.866  30.617  40.326 0.0000000000
116413  48.164  30.170  40.753 0.0000000000
93858  48.814  29.408  41.992 0.0000000000
93194  49.108  28.413  43.926 0.0000000000
93195  48.254  28.468  43.432 0.0000000000
92630  47.872  27.789  44.063 0.0000000000
92058  47.562  27.024  44.491 0.0000000000
92047  47.252  26.381  45.023 0.0000000000
91440  47.046  25.921  45.684 0.0000000000
101905  45.492  44.890  31.247 0.0000000000
100832  47.063  43.364  39.023 0.0000000000
101319  46.376  44.030  38.545 0.0000000000
100304  46.666  42.621  38.103 0.0000000000
99283  47.421  40.136  37.725 0.0000000000
99796  46.693  40.666  37.465 0.0000000000
100315  45.751  41.611  37.250 0.0000000000
99798  45.171  40.761  36.675 0.0000000000
98805  45.552  39.255  36.251 0.0000000000
97797  47.961  36.989  35.421 0.0000000000
97796  48.987  36.882  35.563 0.0000000000
97805  48.527  36.294  35.249 0.0000000000
96759  49.662  34.657  33.950 0.0000000000
112787  50.143  34.144  33.278 0.0000000000
92678  50.540  26.998  38.073 0.0000000000
92110  49.116  26.768  38.787 0.0000000000
117419  48.624  25.630  40.980 0.0000000000
91489  48.933  25.445  41.826 0.0000000000
91490  47.885  25.188  41.594 0.0000000000
90848  47.226  24.275  41.924 0.0000000000
89154  45.848  21.800  42.951 0.0000000000
87231  49.964  18.203  43.296 0.0000000000
87220  49.349  18.396  43.798 0.0000000000
86545  49.689  17.881  42.554 0.0000000000
88571  37.298  20.462  39.594 0.0000000000
91512  39.598  25.381  38.528 0.0000000000
90867  38.818  24.003  39.302 0.0000000000
90293  39.336  23.268  39.912 0.0000000000
89726  38.734  22.539  39.795 0.0000000000
89167  38.841  21.738  39.860 0.0000000000
88567  38.897  20.917  39.902 0.0000000000
87914  38.523  19.517  39.517 0.0000000000
87912  40.185  19.146  40.025 0.0000000000
87291  40.310  18.585  38.705 0.0000000000
98830  42.863  37.868  32.557 0.0000000000
96772  42.429  34.398  33.540 0.0000000000
97291  41.951  35.054  33.006 0.0000000000
97780  49.794  36.348  37.541 0.0000000000
97257  49.921  36.076  37.398 0.0000000000
119695  49.595  35.951  37.826 0.0000000000
96735  48.754  35.362  37.567 0.0000000000
97243  48.474  36.144  38.936 0.0000000000
96746  47.834  34.596  36.937 0.0000000000
96214  47.001  33.841  36.420 0.0000000000
95118  45.736  31.875  36.947 0.0000000000
95095  44.990  31.498  38.663 0.0000000000
103268  43.521  48.127  35.247 0.0000000000
103259  43.261  47.537  36.222 0.0000000000
103258  44.047  47.466  35.988 0.0000000000
101822  45.974  44.451  38.571 0.0000000000
101307  45.642  44.297  38.891 0.0000000000
100287  47.187  43.125  39.500 0.0000000000
100286  47.107  42.566  39.157 0.0000000000
99272  47.457  40.101  39.257 0.0000000000
98786  48.259  39.127  38.567 0.0000000000
98785  48.701  38.157  38.529 0.0000000000
98284  49.235  37.455  38.127 0.0000000000
91472  49.902  26.169  43.946 0.0000000000
121569  49.426  25.198  44.034 0.0000000000
90267  49.088  24.170  44.872 0.0000000000
89694  48.166  22.714  46.066 0.0000000000
90242  48.964  23.591  46.492 0.0000000000
87884  48.714  19.620  45.506 0.0000000000
89127  50.940  21.501  48.258 0.0000000000
88542  50.804  20.301  47.088 0.0000000000
87869  51.380  19.416  46.533 0.0000000000
87882  50.756  19.354  45.774 0.0000000000
87887  50.213  18.891  45.206 0.0000000000
119985  50.142  18.548  43.933 0.0000000000
87230  50.569  18.291  42.723 0.0000000000
93307  45.750  28.593  32.616 0.0000000000
119315  45.984  28.863  33.484 0.0000000000
93306  46.503  29.080  32.983 0.0000000000
93288  47.884  29.094  34.277 0.0000000000
93304  48.475  29.198  33.553 0.0000000000
93263  48.367  28.537  35.070 0.0000000000
92727  48.727  27.883  35.728 0.0000000000
127755  49.682  27.731  35.744 0.0000000000
92704  50.001  27.503  36.623 0.0000000000
94593  51.621  31.003  32.004 0.0000000000
93956  51.836  29.385  32.963 0.0000000000
93302  51.520  28.861  33.591 0.0000000000
93301  52.796  29.205  33.920 0.0000000000
93284  52.127  28.404  34.091 0.0000000000
93285  51.093  28.216  34.134 0.0000000000
92725  51.355  27.326  35.452 0.0000000000
92703  51.081  27.237  36.293 0.0000000000
92685  50.794  27.204  37.212 0.0000000000
92108  51.138  26.771  38.610 0.0000000000
92101  51.236  26.610  39.452 0.0000000000
92100  52.230  26.794  39.593 0.0000000000
123477  51.595  26.583  40.103 0.0000000000
92097  51.412  26.437  40.826 0.0000000000
92076  51.283  26.558  42.999 0.0000000000
96753  50.333  34.509  35.716 0.0000000000
95717  49.079  32.903  35.507 0.0000000000
95716  49.872  32.612  35.126 0.0000000000
125519  47.667  30.519  36.788 0.0000000000
111214  48.287  30.231  37.149 0.0000000000
94532  48.983  29.714  37.599 0.0000000000
93920  49.167  29.641  38.807 0.0000000000
93927  49.748  29.568  37.990 0.0000000000
93932  50.697  29.671  37.161 0.0000000000
93918  52.050  29.525  38.764 0.0000000000
111772  52.804  29.249  39.296 0.0000000000
93234  53.019  28.332  40.205 0.0000000000
93865  51.575  29.524  41.047 0.0000000000
93217  52.671  27.946  40.804 0.0000000000
92656  52.231  27.497  41.825 0.0000000000
122577  50.584  26.651  44.082 0.0000000000
91452  50.228  26.284  44.735 0.0000000000
92608  50.209  26.714  45.218 0.0000000000
90794  49.870  25.378  47.352 0.0000000000
90780  50.262  24.830  49.017 0.0000000000
92620  49.150  27.695  45.231 0.0000000000
92022  49.155  26.738  46.944 0.0000000000
91999  49.405  26.448  47.978 0.0000000000
91391  49.612  26.198  48.488 0.0000000000
130165  50.255  23.849  50.167 0.0000000000
90190  50.274  23.415  50.571 0.0000000000
89641  50.301  22.968  50.736 0.0000000000
89089  50.080  22.046  50.841 0.0000000000
99845  46.507  40.563  28.972 0.0000000000
100921  46.579  42.344  29.702 0.0000000000
100371  47.084  41.646  29.360 0.0000000000
100370  47.816  41.611  29.772 0.0000000000
100359  47.958  41.738  30.291 0.0000000000
99833  47.698  41.304  30.731 0.0000000000
99834  47.004  40.972  30.957 0.0000000000
102826  45.158  46.033  31.964 0.0000000000
102365  45.839  45.033  31.605 0.0000000000
101320  46.047  44.224  37.623 0.0000000000
101861  45.339  44.884  35.980 0.0000000000
101334  44.632  43.679  36.239 0.0000000000
101893  45.999  44.927  32.138 0.0000000000
101892  46.210  44.740  31.426 0.0000000000
101393  46.624  44.376  31.171 0.0000000000
101394  46.633  43.530  32.101 0.0000000000
100883  44.932  42.463  33.613 0.0000000000
100894  46.459  42.308  32.330 0.0000000000
100348  46.675  41.553  31.687 0.0000000000
99829  45.919  40.511  31.465 0.0000000000
112856  45.010  40.417  32.263 0.0000000000
99832  42.649  39.704  33.171 0.0000000000
118260  42.097  38.842  34.585 0.0000000000
99319  42.153  39.128  33.680 0.0000000000
128002  42.048  37.521  34.536 0.0000000000
97802  42.349  37.144  34.881 0.0000000000
97281  44.183  35.252  34.950 0.0000000000
98817  44.881  38.517  35.900 0.0000000000
98305  44.931  37.720  35.569 0.0000000000
97807  45.938  36.228  35.014 0.0000000000
97808  44.846  36.162  35.067 0.0000000000
96233  44.591  33.684  34.020 0.0000000000
95735  45.668  32.285  32.366 0.0000000000
95750  45.968  31.553  31.819 0.0000000000
95161  47.312  31.387  31.835 0.0000000000
95174  46.787  31.187  31.350 0.0000000000
95191  46.411  30.580  30.718 0.0000000000
93977  46.481  29.389  30.650 0.0000000000
93331  45.948  28.792  31.414 0.0000000000
93266  45.312  28.526  35.349 0.0000000000
93250  44.865  28.276  36.172 0.0000000000
92691  44.762  27.475  37.376 0.0000000000
92706  46.324  27.664  36.683 0.0000000000
127199  45.302  27.410  37.353 0.0000000000
92126  44.384  26.968  37.921 0.0000000000
92114  44.415  26.468  38.503 0.0000000000
91502  43.768  25.416  39.569 0.0000000000
90862  43.419  24.794  40.094 0.0000000000
115119  47.408  26.320  39.286 0.0000000000
92104  46.515  26.143  39.430 0.0000000000
90853  46.207  24.511  41.015 0.0000000000
91496  45.920  25.148  40.534 0.0000000000
92105  45.614  25.769  39.722 0.0000000000
90856  43.995  24.200  40.596 0.0000000000
89721  42.687  22.656  40.966 0.0000000000
88562  41.863  20.203  41.229 0.0000000000
117366  42.602  19.839  41.542 0.0000000000
87903  42.112  19.486  41.110 0.0000000000
87256  41.964  18.877  40.464 0.0000000000
90839  48.889  24.327  43.676 0.0000000000
90270  48.374  23.669  43.775 0.0000000000
90271  47.642  23.274  43.420 0.0000000000
89706  47.359  22.406  44.464 0.0000000000
113823  47.318  22.705  43.792 0.0000000000
89709  47.013  22.693  43.461 0.0000000000
88554  45.672  20.813  43.184 0.0000000000
87221  48.439  18.296  43.711 0.0000000000
86542  48.100  17.917  43.026 0.0000000000
87222  47.491  18.299  43.618 0.0000000000
86555  47.385  17.505  41.470 0.0000000000
87232  47.139  17.908  42.910 0.0000000000
87223  46.640  18.443  43.450 0.0000000000
87224  46.011  18.790  43.226 0.0000000000
87894  45.670  19.691  43.162 0.0000000000
88556  45.220  20.294  42.739 0.0000000000
87235  45.009  18.872  42.235 0.0000000000
87243  44.487  18.511  41.568 0.0000000000
116688  51.355  16.899  47.706 0.0000000000
129633  51.794  16.679  46.809 0.0000000000
85100  51.608  16.140  45.985 0.0000000000
108227  52.541  16.813  46.121 0.0000000000
85817  52.619  17.247  46.755 0.0000000000
85827  53.346  17.066  45.562 0.0000000000
85828  52.494  16.484  45.431 0.0000000000
86512  52.741  18.111  48.091 0.0000000000
86541  49.075  17.964  43.146 0.0000000000
87147  51.454  18.550  49.352 0.0000000000
87155  52.856  18.747  48.678 0.0000000000
87173  52.840  18.597  48.532 0.0000000000
87186  52.919  18.118  46.193 0.0000000000
87207  53.426  18.563  44.910 0.0000000000
87209  50.803  18.621  44.620 0.0000000000
87216  54.285  18.434  43.928 0.0000000000
87218  52.513  18.700  43.663 0.0000000000
87244  43.667  18.807  41.459 0.0000000000
87818  51.984  20.005  49.675 0.0000000000
87823  52.479  19.468  49.329 0.0000000000
87824  51.855  19.350  49.685 0.0000000000
87846  52.894  19.203  48.511 0.0000000000
87870  50.283  20.022  46.241 0.0000000000
87885  47.777  19.764  45.338 0.0000000000
87896  45.240  19.493  42.655 0.0000000000
88485  52.343  20.484  49.520 0.0000000000
88495  52.608  20.148  49.154 0.0000000000
88496  52.567  20.708  49.175 0.0000000000
88520  51.460  20.762  47.904 0.0000000000
88544  48.870  20.642  46.447 0.0000000000
89088  51.573  21.851  50.245 0.0000000000
89148  47.091  21.579  44.762 0.0000000000
89703  47.537  22.146  45.325 0.0000000000
89712  46.871  23.088  43.028 0.0000000000
90256  48.598  23.640  45.457 0.0000000000
90276  46.732  23.431  42.365 0.0000000000
90284  45.454  23.927  41.096 0.0000000000
90828  48.854  24.023  44.177 0.0000000000
90858  42.138  23.928  40.252 0.0000000000
90860  45.155  25.054  40.385 0.0000000000
91408  47.997  25.976  47.171 0.0000000000
91487  50.452  25.894  41.670 0.0000000000
91495  47.569  25.442  40.739 0.0000000000
91505  41.088  25.011  39.298 0.0000000000
91508  44.103  25.955  38.940 0.0000000000
92034  50.363  26.245  46.116 0.0000000000
92075  51.507  26.850  43.441 0.0000000000
92118  40.952  26.136  38.359 0.0000000000
92128  42.922  26.971  37.963 0.0000000000
92610  49.223  27.314  45.638 0.0000000000
92675  53.144  27.542  38.131 0.0000000000
92679  49.494  27.000  38.129 0.0000000000
92683  53.135  27.482  37.224 0.0000000000
92690  45.927  27.273  37.415 0.0000000000
92700  53.453  27.726  36.563 0.0000000000
92710  42.498  28.035  36.877 0.0000000000
92713  39.560  27.186  35.994 0.0000000000
92722  53.491  27.728  35.972 0.0000000000
92724  52.217  27.440  35.301 0.0000000000
92738  52.837  27.892  35.370 0.0000000000
92740  51.628  27.712  34.703 0.0000000000
92764  42.891  28.078  31.839 0.0000000000
93235  52.366  28.854  40.698 0.0000000000
93245  53.513  28.106  36.777 0.0000000000
93249  45.809  28.224  36.075 0.0000000000
93269  42.365  28.671  35.286 0.0000000000
93290  45.715  28.782  34.385 0.0000000000
93317  47.029  29.286  32.420 0.0000000000
93332  45.023  28.564  31.196 0.0000000000
93334  43.340  28.254  31.328 0.0000000000
93353  44.377  28.746  30.903 0.0000000000
93355  43.297  28.911  30.908 0.0000000000
93883  52.795  29.071  39.971 0.0000000000
93906  50.698  29.918  39.713 0.0000000000
93916  53.326  28.547  38.097 0.0000000000
93923  53.444  28.568  37.155 0.0000000000
93946  52.828  29.460  34.553 0.0000000000
93955  52.740  29.745  33.243 0.0000000000
93958  48.995  29.278  32.922 0.0000000000
93965  52.052  29.986  32.525 0.0000000000
93973  50.074  29.967  31.996 0.0000000000
93976  47.063  29.324  30.969 0.0000000000
93989  44.840  29.328  30.778 0.0000000000
94584  52.544  30.535  32.848 0.0000000000
94586  51.524  30.352  32.167 0.0000000000
94595  49.507  30.509  31.668 0.0000000000
94596  48.608  30.720  31.403 0.0000000000
94609  46.542  29.889  30.350 0.0000000000
94611  44.560  29.578  30.887 0.0000000000
95155  52.445  31.181  33.242 0.0000000000
95156  52.187  31.363  32.563 0.0000000000
95160  48.203  31.423  31.980 0.0000000000
95175  46.084  31.102  31.357 0.0000000000
95190  48.073  30.904  30.997 0.0000000000
95193  44.945  30.133  30.851 0.0000000000
95751  44.641  31.770  31.761 0.0000000000
96243  51.394  34.266  34.324 0.0000000000
96744  50.533  35.254  35.865 0.0000000000
96760  47.694  34.664  34.419 0.0000000000
96762  44.905  34.514  34.521 0.0000000000
96763  43.970  34.349  34.421 0.0000000000
96764  43.087  34.225  34.229 0.0000000000
96771  42.983  33.741  33.625 0.0000000000
97273  50.767  35.325  35.326 0.0000000000
97276  50.517  35.595  34.841 0.0000000000
97277  50.060  35.817  34.814 0.0000000000
97767  49.579  36.820  38.053 0.0000000000
97769  48.590  36.701  39.166 0.0000000000
97795  50.138  36.133  35.675 0.0000000000
97801  43.177  36.696  35.198 0.0000000000
98302  48.534  37.428  35.774 0.0000000000
98802  48.895  37.833  36.715 0.0000000000
99314  42.120  39.637  34.272 0.0000000000
99328  43.940  38.801  32.175 0.0000000000
99840  42.880  40.649  30.008 0.0000000000
100326  42.777  41.167  34.989 0.0000000000
100361  44.302  41.299  30.093 0.0000000000
100901  47.396  42.720  31.135 0.0000000000
100910  46.729  43.216  30.160 0.0000000000
101333  45.469  44.575  36.805 0.0000000000
101882  45.985  44.570  32.992 0.0000000000
102376  45.444  45.056  31.477 0.0000000000
102785  43.521  47.135  37.034 0.0000000000
109940  54.077  17.855  44.739 0.0000000000
110833  52.679  19.746  49.124 0.0000000000
111676  43.035  21.806  41.299 0.0000000000
112294  44.784  45.762  31.649 0.0000000000
114544  49.798  25.497  49.103 0.0000000000
115977  47.916  29.704  30.898 0.0000000000
117328  51.091  29.823  32.367 0.0000000000
117611  51.562  21.336  50.462 0.0000000000
118567  46.830  31.933  32.521 0.0000000000
119056  50.647  33.415  34.850 0.0000000000
120698  48.763  35.033  34.391 0.0000000000
120821  45.913  30.025  30.293 0.0000000000
121640  51.012  18.789  45.291 0.0000000000
122397  50.925  22.132  50.558 0.0000000000
122476  53.308  27.693  38.849 0.0000000000
122573  45.446  31.349  31.592 0.0000000000
122696  46.838  34.300  34.468 0.0000000000
122732  45.221  27.104  37.749 0.0000000000
124520  51.471  27.176  43.703 0.0000000000
124806  45.067  28.193  32.394 0.0000000000
124875  53.349  28.722  38.988 0.0000000000
126509  43.821  39.855  35.899 0.0000000000
126719  45.618  31.357  38.967 0.0000000000
127301  51.126  34.545  34.017 0.0000000000
127432  46.383  29.066  31.076 0.0000000000
128128  49.660  35.358  34.449 0.0000000000
128503  52.053  16.276  45.068 0.0000000000
128772  48.931  36.957  39.081 0.0000000000
128808  49.084  27.588  36.364 0.0000000000
128872  53.297  27.774  35.706 0.0000000000
129255  43.233  22.805  40.993 0.0000000000
129661  45.243  32.212  32.200 0.0000000000
130149  53.212  28.828  39.487 0.0000000000
130569  50.459  33.763  33.029 0.0000000000
