#!ascii label  , from subject Paciente_3 vox2ras=TkReg
1048
46864  32.346  -29.401  55.625 0.0000000000
126559  46.279  -10.202  41.606 0.0000000000
53415  38.870  -22.901  45.430 0.0000000000
35514  15.599  -42.326  65.442 0.0000000000
40715  30.057  -36.122  58.933 0.0000000000
58198  38.597  -17.351  45.700 0.0000000000
36376  22.402  -41.419  59.995 0.0000000000
34672  20.785  -43.583  63.584 0.0000000000
37236  26.710  -40.780  57.488 0.0000000000
120261  50.075  -9.924  41.009 0.0000000000
47721  36.152  -27.626  55.012 0.0000000000
48697  37.837  -28.005  50.799 0.0000000000
44370  38.127  -32.464  54.668 0.0000000000
67778  48.323  -5.225  41.728 0.0000000000
67791  52.130  -6.642  38.934 0.0000000000
63440  42.315  -10.567  43.920 0.0000000000
110732  46.063  -15.344  43.139 0.0000000000
59085  42.787  -16.622  43.619 0.0000000000
54392  43.766  -22.072  45.160 0.0000000000
41587  34.182  -35.582  57.343 0.0000000000
108973  15.759  -44.126  69.736 0.0000000000
34548  11.448  -43.663  72.290 0.0000000000
36245  9.772  -41.118  75.694 0.0000000000
44333  29.571  -31.941  57.642 0.0000000000
38991  30.792  -39.025  57.414 0.0000000000
111530  33.823  -23.057  50.014 0.0000000000
51319  41.022  -24.570  51.388 0.0000000000
69590  55.293  -3.853  38.160 0.0000000000
64285  47.953  -10.400  41.157 0.0000000000
62492  48.717  -12.586  42.111 0.0000000000
47722  33.963  -28.055  54.836 0.0000000000
46058  35.791  -30.938  52.833 0.0000000000
46029  34.899  -31.157  55.362 0.0000000000
65948  45.289  -8.066  42.776 0.0000000000
112488  47.734  -5.940  43.999 0.0000000000
66855  47.252  -7.213  41.430 0.0000000000
66867  48.909  -7.409  40.327 0.0000000000
33535  10.496  -44.550  76.772 0.0000000000
128731  42.082  -13.716  43.572 0.0000000000
61661  40.431  -13.662  44.910 0.0000000000
111784  38.521  -20.002  45.110 0.0000000000
56311  40.775  -19.784  44.336 0.0000000000
53413  41.481  -22.674  45.149 0.0000000000
129275  41.623  -24.224  47.970 0.0000000000
35526  17.340  -42.580  64.056 0.0000000000
34640  20.298  -44.372  65.507 0.0000000000
34629  17.591  -43.877  66.396 0.0000000000
34591  17.249  -44.395  69.124 0.0000000000
34619  15.709  -43.647  67.683 0.0000000000
36272  12.045  -41.570  70.490 0.0000000000
35440  10.600  -42.442  74.003 0.0000000000
126312  30.120  -33.300  58.816 0.0000000000
110890  30.920  -35.843  56.243 0.0000000000
40738  29.538  -36.849  56.468 0.0000000000
35575  25.716  -43.085  60.008 0.0000000000
36371  28.589  -42.000  60.104 0.0000000000
47745  41.149  -29.287  52.660 0.0000000000
49628  39.523  -26.305  50.584 0.0000000000
126254  39.672  -15.135  47.126 0.0000000000
57268  37.518  -17.737  47.762 0.0000000000
55309  36.340  -20.165  46.687 0.0000000000
129721  23.916  -43.343  60.869 0.0000000000
34669  23.164  -44.142  63.238 0.0000000000
36350  20.904  -42.203  61.629 0.0000000000
36353  18.526  -41.154  62.300 0.0000000000
37185  16.477  -40.423  63.355 0.0000000000
39877  27.571  -37.160  56.586 0.0000000000
39864  25.327  -37.405  57.256 0.0000000000
36387  24.434  -41.678  58.458 0.0000000000
49597  37.778  -26.491  54.727 0.0000000000
50458  36.836  -26.575  52.813 0.0000000000
111809  36.685  -28.293  52.236 0.0000000000
119601  38.513  -30.755  51.947 0.0000000000
69580  52.281  -3.662  40.061 0.0000000000
67784  49.794  -6.003  40.060 0.0000000000
65974  51.118  -8.677  39.985 0.0000000000
64278  43.970  -10.003  42.310 0.0000000000
61683  45.931  -13.207  42.388 0.0000000000
62482  43.877  -12.820  42.615 0.0000000000
59096  44.382  -16.188  43.289 0.0000000000
57291  45.129  -18.654  44.100 0.0000000000
113451  40.023  -16.670  44.468 0.0000000000
56309  42.740  -19.317  43.978 0.0000000000
45202  31.922  -31.696  56.995 0.0000000000
45189  34.479  -31.363  57.875 0.0000000000
65109  44.683  -8.513  44.654 0.0000000000
37118  13.491  -41.070  67.599 0.0000000000
35472  13.049  -42.637  68.944 0.0000000000
34565  13.121  -44.298  70.857 0.0000000000
33573  13.550  -44.758  72.859 0.0000000000
113786  12.387  -44.757  74.064 0.0000000000
34510  10.362  -43.651  75.433 0.0000000000
35428  9.308  -43.033  76.312 0.0000000000
119744  7.588  -41.654  76.793 0.0000000000
117972  30.146  -30.163  56.267 0.0000000000
43434  31.958  -33.823  56.156 0.0000000000
39860  32.518  -37.458  57.028 0.0000000000
38106  28.852  -39.639  57.287 0.0000000000
52370  36.185  -23.176  47.069 0.0000000000
50473  35.918  -25.470  50.572 0.0000000000
116122  37.444  -24.662  50.050 0.0000000000
52333  39.107  -24.375  48.534 0.0000000000
45199  37.081  -32.222  57.192 0.0000000000
69609  56.693  -4.550  36.683 0.0000000000
69591  53.554  -4.680  38.567 0.0000000000
67802  55.358  -6.752  37.188 0.0000000000
64286  47.042  -10.248  41.365 0.0000000000
63454  48.403  -11.171  41.434 0.0000000000
63447  47.069  -11.838  41.774 0.0000000000
46863  32.888  -29.081  55.082 0.0000000000
46871  34.061  -29.690  54.289 0.0000000000
116890  33.748  -30.422  55.607 0.0000000000
65135  45.449  -8.751  41.983 0.0000000000
66856  46.577  -7.550  41.770 0.0000000000
65134  46.391  -9.280  41.403 0.0000000000
65133  47.484  -9.452  41.125 0.0000000000
33536  9.627  -44.321  77.111 0.0000000000
61650  40.844  -12.950  45.375 0.0000000000
61643  40.723  -13.078  46.549 0.0000000000
53416  38.440  -22.087  45.335 0.0000000000
54396  39.914  -21.859  44.977 0.0000000000
117368  39.699  -22.848  45.264 0.0000000000
52381  41.670  -23.989  46.025 0.0000000000
52382  40.572  -23.990  46.082 0.0000000000
35513  16.427  -42.688  65.100 0.0000000000
34643  17.623  -43.629  65.478 0.0000000000
113335  16.075  -42.879  65.765 0.0000000000
35488  15.968  -43.345  66.918 0.0000000000
35502  15.457  -42.752  66.249 0.0000000000
42521  30.024  -34.909  59.418 0.0000000000
41591  30.510  -35.346  57.373 0.0000000000
40726  29.527  -36.390  56.961 0.0000000000
34680  25.821  -44.607  61.577 0.0000000000
52257  35.404  -23.976  53.802 0.0000000000
47744  41.858  -28.569  53.030 0.0000000000
111700  36.949  -19.568  46.344 0.0000000000
56256  36.218  -19.420  48.150 0.0000000000
35578  22.737  -42.269  60.459 0.0000000000
35564  22.573  -42.854  61.198 0.0000000000
36362  22.075  -41.969  60.793 0.0000000000
37205  19.456  -40.400  61.435 0.0000000000
37194  18.283  -40.211  62.169 0.0000000000
37184  17.072  -40.569  62.904 0.0000000000
40730  25.697  -36.505  57.610 0.0000000000
37229  22.146  -39.800  59.093 0.0000000000
37238  23.435  -40.127  58.012 0.0000000000
36388  23.006  -41.259  59.222 0.0000000000
36374  24.047  -42.567  59.817 0.0000000000
48662  36.818  -27.467  53.483 0.0000000000
119237  36.308  -28.066  53.442 0.0000000000
111919  36.605  -31.910  53.532 0.0000000000
45248  37.165  -31.316  52.306 0.0000000000
45232  38.391  -31.740  53.176 0.0000000000
46049  40.071  -31.391  53.548 0.0000000000
44369  39.027  -32.307  54.633 0.0000000000
67772  47.935  -5.695  42.382 0.0000000000
127786  50.368  -4.387  41.057 0.0000000000
68706  49.074  -5.198  40.904 0.0000000000
122227  49.604  -9.371  40.674 0.0000000000
65975  50.407  -8.510  40.129 0.0000000000
65140  50.262  -9.268  40.586 0.0000000000
64271  43.021  -10.101  43.491 0.0000000000
63449  44.013  -11.274  42.281 0.0000000000
62497  43.339  -11.779  42.632 0.0000000000
59988  42.113  -15.151  43.521 0.0000000000
60004  42.836  -14.883  43.286 0.0000000000
59097  43.471  -16.193  43.344 0.0000000000
59083  44.735  -17.079  43.574 0.0000000000
58209  43.270  -17.483  43.675 0.0000000000
119859  38.790  -16.279  46.192 0.0000000000
59073  39.337  -16.051  45.177 0.0000000000
58212  39.195  -16.979  45.024 0.0000000000
55331  42.134  -21.109  44.334 0.0000000000
56310  41.588  -19.404  44.107 0.0000000000
55330  42.997  -21.004  44.311 0.0000000000
56293  44.147  -20.125  44.507 0.0000000000
43423  33.547  -33.577  57.490 0.0000000000
44331  33.861  -32.768  58.100 0.0000000000
64250  42.799  -9.682  45.856 0.0000000000
65117  43.276  -9.328  43.864 0.0000000000
65116  43.909  -9.015  43.395 0.0000000000
34671  21.502  -43.684  63.341 0.0000000000
34655  21.475  -43.947  64.195 0.0000000000
34592  16.478  -44.291  69.485 0.0000000000
125369  17.807  -44.793  70.455 0.0000000000
34578  16.435  -44.402  70.424 0.0000000000
34562  16.116  -44.360  71.148 0.0000000000
129314  13.232  -40.817  68.370 0.0000000000
36290  13.233  -41.743  68.288 0.0000000000
36281  12.861  -41.203  69.074 0.0000000000
35455  11.651  -42.390  71.109 0.0000000000
35463  12.149  -42.709  70.391 0.0000000000
124724  12.462  -44.004  71.102 0.0000000000
33592  13.718  -44.661  71.477 0.0000000000
126430  12.692  -44.610  72.306 0.0000000000
33574  12.607  -44.695  73.145 0.0000000000
34536  11.923  -44.269  72.632 0.0000000000
36251  10.207  -42.087  74.681 0.0000000000
35441  10.435  -43.146  74.660 0.0000000000
35437  10.072  -42.728  75.233 0.0000000000
111192  9.909  -43.166  75.769 0.0000000000
35427  9.704  -42.316  75.738 0.0000000000
46830  29.780  -28.997  59.542 0.0000000000
47685  29.879  -28.134  58.234 0.0000000000
46022  29.354  -30.538  57.206 0.0000000000
45204  30.175  -31.604  56.716 0.0000000000
44345  30.007  -32.393  57.109 0.0000000000
39874  30.941  -37.593  56.335 0.0000000000
39873  31.783  -36.845  56.322 0.0000000000
39861  31.785  -37.704  56.756 0.0000000000
39007  26.343  -38.903  56.782 0.0000000000
39005  28.303  -38.813  56.608 0.0000000000
38098  27.325  -40.156  57.348 0.0000000000
37214  29.083  -41.586  59.851 0.0000000000
61672  46.354  -14.010  42.758 0.0000000000
61671  47.414  -14.282  42.811 0.0000000000
60851  47.464  -15.117  43.273 0.0000000000
54333  34.080  -21.536  49.876 0.0000000000
122031  34.909  -21.586  48.142 0.0000000000
52337  35.119  -23.308  48.442 0.0000000000
114326  37.144  -27.731  51.039 0.0000000000
50466  36.078  -25.863  51.210 0.0000000000
49637  37.101  -26.577  50.557 0.0000000000
50465  39.965  -25.394  50.940 0.0000000000
50471  38.132  -25.385  50.409 0.0000000000
113496  38.821  -24.620  50.325 0.0000000000
52310  38.587  -24.400  49.358 0.0000000000
127685  39.750  -24.055  50.347 0.0000000000
52308  40.299  -23.832  49.718 0.0000000000
124427  36.212  -31.731  57.746 0.0000000000
69589  55.849  -4.000  37.635 0.0000000000
110337  52.132  -5.439  39.062 0.0000000000
68711  52.732  -4.339  39.224 0.0000000000
67798  52.805  -6.126  38.623 0.0000000000
67796  54.177  -6.939  38.065 0.0000000000
109871  55.472  -7.883  37.247 0.0000000000
37215  21.782  -40.297  59.877 0.0000000000
37216  21.210  -40.267  60.393 0.0000000000
65131  49.288  -9.852  41.039 0.0000000000
123811  50.209  -11.224  41.993 0.0000000000
64275  49.265  -11.234  41.552 0.0000000000
108387  35.336  -28.419  54.254 0.0000000000
46870  35.149  -29.379  53.296 0.0000000000
129290  34.692  -29.402  53.940 0.0000000000
46050  35.112  -30.914  53.666 0.0000000000
45219  36.253  -31.995  54.342 0.0000000000
66830  47.667  -6.155  44.898 0.0000000000
66836  47.027  -6.774  43.180 0.0000000000
66844  47.039  -6.813  42.292 0.0000000000
67779  47.944  -5.998  41.269 0.0000000000
67786  48.375  -6.620  40.653 0.0000000000
66869  47.863  -7.794  41.016 0.0000000000
65961  48.896  -9.097  40.679 0.0000000000
33534  11.276  -44.786  76.477 0.0000000000
63420  41.579  -11.059  45.245 0.0000000000
110666  42.195  -12.500  43.562 0.0000000000
62468  41.207  -12.500  44.634 0.0000000000
61660  41.046  -13.317  44.492 0.0000000000
59989  41.221  -14.843  44.063 0.0000000000
57286  38.576  -19.239  45.241 0.0000000000
57284  39.900  -19.189  44.513 0.0000000000
56294  40.150  -20.196  44.593 0.0000000000
55332  41.272  -21.135  44.525 0.0000000000
114275  42.379  -22.544  45.203 0.0000000000
53396  42.657  -23.704  46.085 0.0000000000
52363  43.162  -24.090  47.471 0.0000000000
39846  34.490  -37.155  58.389 0.0000000000
35524  19.045  -43.052  63.818 0.0000000000
120196  20.084  -43.924  64.740 0.0000000000
34642  18.518  -43.736  65.172 0.0000000000
112101  18.871  -44.299  65.927 0.0000000000
33650  18.628  -44.696  67.268 0.0000000000
34605  16.392  -43.997  68.515 0.0000000000
34606  15.413  -43.822  68.423 0.0000000000
37074  12.370  -40.572  70.336 0.0000000000
36263  11.701  -41.322  71.383 0.0000000000
36264  11.201  -42.139  71.973 0.0000000000
35443  10.872  -42.817  73.252 0.0000000000
36253  10.789  -41.641  73.307 0.0000000000
36250  10.445  -41.260  74.140 0.0000000000
37024  10.586  -39.777  75.099 0.0000000000
112167  29.839  -32.776  57.986 0.0000000000
43429  30.341  -33.363  57.249 0.0000000000
42533  30.596  -34.346  57.302 0.0000000000
40737  30.231  -36.498  56.438 0.0000000000
39017  30.267  -38.009  56.272 0.0000000000
36385  26.384  -42.264  58.927 0.0000000000
37226  26.924  -41.634  58.154 0.0000000000
36373  27.094  -42.706  59.526 0.0000000000
59081  46.475  -16.721  43.876 0.0000000000
52276  33.792  -23.856  51.792 0.0000000000
47755  39.880  -28.933  51.538 0.0000000000
48696  38.768  -27.781  50.712 0.0000000000
47762  40.469  -28.151  51.456 0.0000000000
48679  41.222  -27.476  51.844 0.0000000000
120869  54.687  -3.579  38.853 0.0000000000
34472  7.996  -44.021  76.812 0.0000000000
118773  39.790  -15.811  48.505 0.0000000000
59057  38.969  -16.233  47.697 0.0000000000
58187  38.187  -17.661  46.319 0.0000000000
56284  37.539  -19.102  45.990 0.0000000000
55336  37.731  -20.769  45.489 0.0000000000
125484  37.531  -21.747  45.614 0.0000000000
109078  24.902  -44.533  61.606 0.0000000000
33691  24.539  -44.856  63.263 0.0000000000
34682  23.324  -43.906  62.376 0.0000000000
34683  21.922  -43.496  62.625 0.0000000000
35537  21.048  -43.213  62.845 0.0000000000
36364  20.535  -41.414  61.284 0.0000000000
36351  20.135  -41.879  61.822 0.0000000000
35539  19.309  -42.673  63.103 0.0000000000
35540  18.512  -42.466  63.246 0.0000000000
36328  16.994  -41.861  63.650 0.0000000000
36330  15.553  -40.807  64.602 0.0000000000
40727  28.715  -36.355  57.480 0.0000000000
40728  27.479  -36.492  57.274 0.0000000000
119178  26.127  -37.889  56.744 0.0000000000
38108  25.621  -39.534  57.121 0.0000000000
38992  24.035  -38.172  58.055 0.0000000000
38099  24.219  -39.772  57.607 0.0000000000
37237  25.239  -40.800  57.624 0.0000000000
35586  24.639  -42.349  59.162 0.0000000000
34700  25.090  -43.533  60.408 0.0000000000
50441  37.657  -25.301  54.277 0.0000000000
51299  37.014  -24.872  53.894 0.0000000000
50449  37.269  -25.753  53.751 0.0000000000
48680  36.952  -27.788  52.108 0.0000000000
116747  37.081  -28.379  51.214 0.0000000000
128572  35.910  -29.663  52.147 0.0000000000
46900  37.430  -29.749  51.432 0.0000000000
46899  38.307  -29.936  51.564 0.0000000000
46068  39.602  -30.574  52.288 0.0000000000
46048  40.838  -30.885  53.831 0.0000000000
69574  51.044  -4.002  41.179 0.0000000000
68708  50.705  -4.612  40.297 0.0000000000
127667  51.303  -6.134  39.222 0.0000000000
67785  49.031  -6.365  40.340 0.0000000000
66879  50.588  -6.705  39.574 0.0000000000
64277  44.846  -10.320  42.020 0.0000000000
117035  46.077  -11.650  41.871 0.0000000000
63448  44.987  -11.320  42.061 0.0000000000
61684  44.920  -13.020  42.469 0.0000000000
61673  45.383  -13.843  42.739 0.0000000000
61675  43.359  -13.496  42.974 0.0000000000
60855  43.777  -14.491  43.081 0.0000000000
112901  45.321  -15.244  43.072 0.0000000000
59082  45.449  -16.425  43.489 0.0000000000
58197  46.283  -18.017  44.261 0.0000000000
126766  39.750  -14.801  46.169 0.0000000000
59990  40.349  -15.134  44.451 0.0000000000
59086  41.798  -16.734  44.006 0.0000000000
57296  40.222  -18.321  44.360 0.0000000000
58210  41.667  -17.704  44.020 0.0000000000
57293  42.759  -18.225  43.798 0.0000000000
117545  43.608  -18.858  43.871 0.0000000000
45192  32.105  -30.882  56.883 0.0000000000
46031  33.251  -30.482  56.434 0.0000000000
45190  33.701  -31.340  57.803 0.0000000000
45176  34.252  -32.046  58.298 0.0000000000
112873  45.072  -7.933  43.842 0.0000000000
65124  44.696  -9.436  42.202 0.0000000000
37154  15.079  -40.370  65.310 0.0000000000
37981  14.324  -39.965  66.756 0.0000000000
36308  14.326  -41.427  66.363 0.0000000000
35490  14.320  -42.644  67.309 0.0000000000
35480  14.085  -42.961  68.016 0.0000000000
34594  14.305  -43.801  69.189 0.0000000000
36282  12.379  -42.097  69.662 0.0000000000
34595  13.469  -43.542  69.373 0.0000000000
34580  14.212  -43.896  69.976 0.0000000000
33591  14.722  -44.586  71.671 0.0000000000
33571  15.045  -44.622  72.548 0.0000000000
33555  12.741  -45.005  74.961 0.0000000000
34523  10.895  -43.504  73.976 0.0000000000
34509  10.961  -44.160  74.887 0.0000000000
33545  11.417  -44.831  75.594 0.0000000000
33546  10.731  -44.498  75.873 0.0000000000
34493  10.006  -43.938  76.261 0.0000000000
116144  8.526  -43.357  76.868 0.0000000000
36241  8.776  -41.306  76.643 0.0000000000
36242  8.215  -41.458  76.858 0.0000000000
35413  8.074  -42.715  76.929 0.0000000000
48613  32.164  -27.732  55.551 0.0000000000
48607  30.692  -27.660  56.806 0.0000000000
113485  30.952  -29.587  56.177 0.0000000000
46033  31.104  -30.479  56.356 0.0000000000
124939  31.882  -33.108  56.552 0.0000000000
125926  32.590  -34.224  56.244 0.0000000000
42540  31.366  -34.280  56.137 0.0000000000
41594  32.871  -35.503  56.189 0.0000000000
40723  33.673  -36.297  57.142 0.0000000000
39876  28.281  -37.202  56.500 0.0000000000
39004  29.267  -38.844  56.679 0.0000000000
38105  29.863  -39.427  57.285 0.0000000000
38097  28.595  -41.023  58.081 0.0000000000
38089  29.395  -40.804  58.430 0.0000000000
38095  30.418  -39.770  58.106 0.0000000000
62493  47.628  -12.737  42.150 0.0000000000
55294  35.344  -20.785  47.899 0.0000000000
54365  36.030  -21.651  46.750 0.0000000000
52383  37.718  -23.514  46.302 0.0000000000
51320  35.717  -25.167  52.552 0.0000000000
51321  35.037  -24.874  51.805 0.0000000000
51346  34.989  -24.847  50.378 0.0000000000
49636  37.766  -26.415  50.409 0.0000000000
119698  36.164  -24.971  50.123 0.0000000000
51355  35.699  -24.704  49.485 0.0000000000
52335  37.040  -24.500  48.435 0.0000000000
52368  37.962  -24.157  47.173 0.0000000000
114357  38.856  -23.998  46.668 0.0000000000
115093  40.674  -24.357  47.825 0.0000000000
125825  34.914  -30.953  56.365 0.0000000000
45201  35.563  -31.519  55.938 0.0000000000
45209  37.195  -32.251  56.114 0.0000000000
44341  38.648  -32.694  57.336 0.0000000000
44352  38.969  -32.733  56.298 0.0000000000
69594  57.617  -3.910  36.838 0.0000000000
69584  53.446  -3.904  39.123 0.0000000000
69597  54.472  -4.446  38.124 0.0000000000
67797  53.493  -6.601  38.356 0.0000000000
122350  54.111  -5.330  38.035 0.0000000000
68720  54.735  -5.194  37.632 0.0000000000
67811  55.886  -6.278  36.839 0.0000000000
67810  56.495  -6.340  36.283 0.0000000000
63455  47.528  -11.103  41.494 0.0000000000
63456  46.634  -10.977  41.630 0.0000000000
46042  33.101  -29.832  55.445 0.0000000000
64287  45.552  -9.776  41.808 0.0000000000
34482  8.852  -44.199  77.066 0.0000000000
111479  39.170  -22.242  45.183 0.0000000000
52395  40.278  -23.426  45.447 0.0000000000
52396  39.498  -23.605  45.798 0.0000000000
36318  15.891  -41.859  64.724 0.0000000000
35501  16.189  -43.199  66.277 0.0000000000
41588  30.266  -35.701  58.534 0.0000000000
40716  29.568  -36.210  58.103 0.0000000000
33698  26.186  -45.027  62.337 0.0000000000
34679  26.751  -44.401  61.816 0.0000000000
52248  35.841  -23.691  54.645 0.0000000000
36389  22.340  -40.666  59.295 0.0000000000
37228  22.733  -40.412  58.628 0.0000000000
36375  23.254  -42.053  59.870 0.0000000000
47731  36.680  -27.370  54.513 0.0000000000
112670  36.477  -27.532  54.769 0.0000000000
119400  37.211  -32.186  54.075 0.0000000000
45233  37.389  -31.827  53.091 0.0000000000
109433  37.946  -32.018  53.833 0.0000000000
45218  38.708  -31.960  54.010 0.0000000000
67771  48.339  -4.895  42.967 0.0000000000
68699  48.989  -4.566  42.255 0.0000000000
68705  49.777  -4.509  41.545 0.0000000000
113158  50.870  -9.850  41.035 0.0000000000
33543  13.230  -44.895  75.818 0.0000000000
63439  42.898  -10.891  43.048 0.0000000000
62484  42.337  -11.624  43.455 0.0000000000
59098  42.778  -15.711  43.407 0.0000000000
59084  43.802  -16.879  43.510 0.0000000000
54393  42.817  -21.752  44.919 0.0000000000
118079  43.545  -21.458  44.748 0.0000000000
118481  34.156  -34.623  57.447 0.0000000000
64264  42.731  -9.780  44.519 0.0000000000
64263  43.459  -9.358  44.968 0.0000000000
129075  16.661  -44.478  71.094 0.0000000000
34579  15.599  -44.203  70.447 0.0000000000
34567  11.377  -43.138  71.690 0.0000000000
34566  11.970  -43.325  71.050 0.0000000000
34547  12.016  -43.980  71.748 0.0000000000
130035  9.978  -41.862  75.261 0.0000000000
45164  29.219  -30.881  58.781 0.0000000000
124706  29.597  -29.778  59.908 0.0000000000
46831  29.181  -29.788  59.027 0.0000000000
46839  29.137  -29.420  58.213 0.0000000000
45177  29.321  -31.164  57.842 0.0000000000
45193  29.662  -31.403  57.159 0.0000000000
39002  31.404  -38.360  56.982 0.0000000000
38990  31.770  -38.896  57.864 0.0000000000
37246  26.454  -39.884  57.161 0.0000000000
118097  27.028  -39.469  56.889 0.0000000000
60852  46.648  -14.824  43.017 0.0000000000
126923  33.482  -22.909  50.735 0.0000000000
53338  33.672  -22.239  50.297 0.0000000000
53350  34.087  -22.320  49.444 0.0000000000
53360  34.597  -22.393  48.581 0.0000000000
52338  34.390  -23.138  49.195 0.0000000000
49629  37.051  -27.176  50.950 0.0000000000
48712  37.546  -27.192  50.667 0.0000000000
50464  40.797  -25.467  51.184 0.0000000000
51333  39.770  -24.586  50.742 0.0000000000
51353  38.960  -24.229  50.024 0.0000000000
51332  40.471  -23.995  51.023 0.0000000000
70405  56.129  -3.318  38.216 0.0000000000
38082  21.843  -38.831  59.802 0.0000000000
38083  21.265  -39.249  60.218 0.0000000000
64284  48.864  -10.495  41.217 0.0000000000
112985  48.023  -11.881  41.759 0.0000000000
117364  48.782  -11.780  41.747 0.0000000000
47733  34.370  -28.785  54.376 0.0000000000
46041  34.279  -30.712  54.930 0.0000000000
46051  34.433  -30.438  54.260 0.0000000000
45212  34.904  -31.115  54.494 0.0000000000
45220  35.446  -31.564  54.134 0.0000000000
45211  35.489  -31.693  54.918 0.0000000000
65936  45.822  -7.485  43.311 0.0000000000
66837  46.679  -7.148  43.905 0.0000000000
66845  46.451  -7.177  42.732 0.0000000000
66843  47.539  -6.387  41.863 0.0000000000
66854  47.789  -6.823  41.049 0.0000000000
65962  48.079  -8.779  40.975 0.0000000000
65132  48.440  -9.693  41.020 0.0000000000
63421  41.343  -11.694  44.882 0.0000000000
60840  40.861  -14.000  44.402 0.0000000000
60841  40.370  -14.416  44.615 0.0000000000
56295  39.300  -19.837  44.931 0.0000000000
55334  38.970  -20.528  45.046 0.0000000000
53414  40.566  -22.739  45.155 0.0000000000
55333  40.441  -21.073  44.636 0.0000000000
54395  40.913  -21.876  44.887 0.0000000000
54394  41.827  -21.817  44.891 0.0000000000
53412  42.927  -23.048  45.612 0.0000000000
52393  42.050  -23.361  45.468 0.0000000000
52364  42.335  -24.133  47.010 0.0000000000
114647  42.570  -24.151  48.156 0.0000000000
121655  41.879  -10.865  45.995 0.0000000000
35525  18.138  -42.818  63.928 0.0000000000
34657  19.247  -43.636  64.540 0.0000000000
34658  18.520  -43.341  64.400 0.0000000000
114377  18.207  -43.967  65.896 0.0000000000
34628  18.376  -44.402  66.512 0.0000000000
34616  17.985  -44.345  67.051 0.0000000000
34603  18.038  -44.514  67.777 0.0000000000
34617  17.399  -43.967  67.313 0.0000000000
34618  16.582  -43.814  67.548 0.0000000000
36255  11.523  -41.005  72.211 0.0000000000
36256  11.107  -41.575  72.623 0.0000000000
37032  11.164  -40.714  72.905 0.0000000000
112950  30.080  -33.278  59.736 0.0000000000
44314  29.897  -32.352  60.068 0.0000000000
108086  29.685  -32.583  59.068 0.0000000000
111284  30.342  -33.777  58.107 0.0000000000
114506  30.522  -35.783  56.647 0.0000000000
109381  30.072  -37.311  56.220 0.0000000000
35584  26.267  -42.812  59.567 0.0000000000
35574  26.616  -43.220  60.144 0.0000000000
120333  33.658  -23.216  52.294 0.0000000000
47754  40.566  -29.096  51.961 0.0000000000
48661  42.367  -27.710  53.059 0.0000000000
48678  41.816  -27.713  52.457 0.0000000000
57276  37.825  -18.239  46.460 0.0000000000
55319  36.919  -20.698  45.987 0.0000000000
34691  24.438  -43.794  61.071 0.0000000000
34681  24.134  -44.092  61.980 0.0000000000
34692  23.459  -43.552  61.393 0.0000000000
35565  21.687  -42.484  61.407 0.0000000000
108461  22.051  -43.024  61.890 0.0000000000
35551  21.356  -42.859  62.106 0.0000000000
37217  20.588  -39.751  60.689 0.0000000000
37203  20.922  -40.793  60.873 0.0000000000
37204  20.218  -40.571  61.125 0.0000000000
37193  18.885  -40.585  61.913 0.0000000000
36352  19.354  -41.378  61.995 0.0000000000
35553  19.701  -42.318  62.441 0.0000000000
36337  18.902  -41.999  62.619 0.0000000000
36338  18.116  -41.723  62.838 0.0000000000
36340  16.800  -41.130  63.336 0.0000000000
36329  16.285  -41.271  63.956 0.0000000000
37172  15.988  -40.132  64.037 0.0000000000
109629  28.006  -36.313  57.701 0.0000000000
40717  27.318  -36.154  58.277 0.0000000000
39863  26.267  -37.038  56.959 0.0000000000
39008  25.467  -38.540  57.053 0.0000000000
36397  24.385  -40.763  57.830 0.0000000000
37248  24.968  -40.124  57.366 0.0000000000
36386  25.348  -42.017  58.714 0.0000000000
35563  24.306  -43.186  60.422 0.0000000000
35576  24.878  -42.908  59.859 0.0000000000
50448  37.795  -25.807  54.430 0.0000000000
49612  37.355  -26.382  53.886 0.0000000000
49613  37.051  -27.089  53.075 0.0000000000
115090  36.822  -29.059  51.395 0.0000000000
46879  35.403  -30.026  52.478 0.0000000000
46878  35.764  -29.029  52.852 0.0000000000
115791  37.694  -30.983  51.960 0.0000000000
46069  37.009  -30.616  51.849 0.0000000000
46076  37.778  -30.454  51.707 0.0000000000
46892  39.073  -30.061  51.785 0.0000000000
45216  40.363  -31.666  54.358 0.0000000000
67763  48.200  -5.550  44.391 0.0000000000
69565  51.480  -3.993  42.238 0.0000000000
68709  50.019  -5.040  40.528 0.0000000000
68713  50.594  -5.616  39.806 0.0000000000
66866  49.854  -7.316  40.033 0.0000000000
66865  50.800  -7.851  39.642 0.0000000000
112428  44.290  -10.715  42.159 0.0000000000
62496  44.427  -12.118  42.291 0.0000000000
61674  44.385  -13.707  42.814 0.0000000000
61676  42.458  -13.229  43.317 0.0000000000
60003  43.626  -15.472  43.208 0.0000000000
60002  44.513  -15.301  43.108 0.0000000000
110138  45.057  -15.803  43.203 0.0000000000
58207  44.942  -17.891  43.826 0.0000000000
58206  45.709  -17.382  43.893 0.0000000000
119758  45.620  -18.154  44.072 0.0000000000
60821  40.061  -13.828  46.813 0.0000000000
59088  39.898  -15.668  44.657 0.0000000000
59087  40.838  -15.970  44.220 0.0000000000
116658  40.936  -16.930  44.138 0.0000000000
117601  40.706  -19.032  44.232 0.0000000000
57294  41.975  -18.625  43.997 0.0000000000
46021  33.103  -30.851  57.240 0.0000000000
45191  32.871  -31.563  57.453 0.0000000000
43422  34.222  -33.683  58.266 0.0000000000
65937  44.323  -8.468  43.785 0.0000000000
65126  43.519  -9.608  43.010 0.0000000000
65125  44.069  -9.297  42.701 0.0000000000
34668  23.907  -44.400  62.835 0.0000000000
33692  23.747  -44.635  63.689 0.0000000000
33625  18.788  -44.640  69.535 0.0000000000
37117  13.914  -40.127  67.457 0.0000000000
119515  14.502  -39.365  67.417 0.0000000000
37137  14.005  -40.806  66.895 0.0000000000
123969  14.333  -40.628  66.340 0.0000000000
35503  14.606  -42.306  66.587 0.0000000000
36299  14.001  -41.748  67.031 0.0000000000
35481  13.491  -42.584  68.285 0.0000000000
35491  13.639  -42.145  67.678 0.0000000000
34607  14.573  -43.609  68.498 0.0000000000
34608  13.759  -43.306  68.658 0.0000000000
37089  12.397  -41.151  69.812 0.0000000000
34582  12.548  -43.589  70.502 0.0000000000
35473  12.707  -43.130  69.761 0.0000000000
34581  13.326  -43.805  70.159 0.0000000000
34564  14.178  -44.396  70.742 0.0000000000
129360  13.382  -44.723  72.057 0.0000000000
33572  14.149  -44.724  72.244 0.0000000000
126703  14.428  -44.729  72.942 0.0000000000
33554  13.313  -44.945  74.448 0.0000000000
34537  11.244  -43.815  73.092 0.0000000000
34494  9.234  -43.874  76.723 0.0000000000
37022  9.225  -40.654  76.200 0.0000000000
37017  8.724  -40.335  76.367 0.0000000000
35414  7.634  -42.217  76.989 0.0000000000
115114  7.331  -41.824  76.655 0.0000000000
123476  32.829  -27.229  55.698 0.0000000000
46848  29.657  -29.049  56.916 0.0000000000
48596  30.494  -27.520  57.760 0.0000000000
47713  30.334  -28.453  56.560 0.0000000000
113111  30.895  -28.740  56.113 0.0000000000
46855  30.168  -29.314  56.358 0.0000000000
44355  30.655  -32.440  56.676 0.0000000000
44354  31.445  -32.433  56.663 0.0000000000
43428  32.672  -33.442  56.791 0.0000000000
41597  30.932  -34.972  56.555 0.0000000000
42541  30.767  -33.885  56.663 0.0000000000
41596  31.494  -35.140  56.036 0.0000000000
40735  32.375  -36.049  56.195 0.0000000000
40724  32.817  -36.671  56.710 0.0000000000
40734  33.116  -35.994  56.503 0.0000000000
39859  33.324  -37.188  57.400 0.0000000000
39848  33.009  -37.951  57.768 0.0000000000
40740  27.852  -36.777  56.803 0.0000000000
40739  28.713  -36.699  56.757 0.0000000000
36383  28.374  -41.833  59.399 0.0000000000
110675  28.027  -41.555  58.540 0.0000000000
37224  29.826  -41.175  59.322 0.0000000000
111989  30.094  -40.303  58.763 0.0000000000
62494  46.523  -12.543  42.092 0.0000000000
55280  35.773  -20.003  48.705 0.0000000000
55281  34.859  -20.736  48.725 0.0000000000
117029  35.347  -22.565  47.709 0.0000000000
54366  35.478  -21.607  47.381 0.0000000000
53382  35.853  -22.311  47.051 0.0000000000
53399  36.376  -22.485  46.526 0.0000000000
52384  36.828  -23.203  46.482 0.0000000000
50450  36.437  -25.627  53.169 0.0000000000
51308  35.896  -24.798  53.448 0.0000000000
50460  35.670  -25.497  51.719 0.0000000000
50467  35.456  -25.329  51.101 0.0000000000
51334  34.885  -24.877  50.913 0.0000000000
50474  35.352  -25.090  50.619 0.0000000000
48710  38.994  -26.999  50.525 0.0000000000
49635  38.618  -26.279  50.416 0.0000000000
51343  37.730  -24.857  50.292 0.0000000000
51344  36.956  -24.901  50.216 0.0000000000
51365  36.696  -24.701  49.507 0.0000000000
52336  35.973  -24.200  48.584 0.0000000000
52334  38.085  -24.507  48.257 0.0000000000
118267  38.763  -24.378  47.620 0.0000000000
52367  39.682  -24.363  47.574 0.0000000000
52332  40.026  -24.193  48.726 0.0000000000
52307  41.275  -23.675  49.746 0.0000000000
46020  33.944  -30.847  57.299 0.0000000000
46030  34.155  -30.700  56.524 0.0000000000
46019  34.744  -30.977  57.226 0.0000000000
111489  35.526  -31.371  56.981 0.0000000000
45200  36.334  -31.810  56.591 0.0000000000
44351  39.621  -32.615  55.717 0.0000000000
123333  57.505  -3.145  37.528 0.0000000000
68729  56.703  -5.357  36.307 0.0000000000
68716  52.911  -5.251  38.729 0.0000000000
69583  53.976  -3.957  38.744 0.0000000000
66898  54.799  -7.327  37.632 0.0000000000
130397  54.000  -6.118  38.125 0.0000000000
67803  54.619  -6.145  37.645 0.0000000000
120822  55.371  -5.600  37.211 0.0000000000
47734  33.561  -28.923  54.686 0.0000000000
46872  33.486  -29.521  54.831 0.0000000000
46052  33.781  -30.142  54.790 0.0000000000
65947  45.889  -7.849  42.238 0.0000000000
65964  46.220  -8.340  41.581 0.0000000000
65963  47.078  -8.323  41.220 0.0000000000
62455  41.184  -12.231  45.331 0.0000000000
62446  41.283  -12.434  46.221 0.0000000000
61651  40.318  -13.516  45.785 0.0000000000
55335  38.395  -20.694  45.211 0.0000000000
54397  38.954  -21.366  45.114 0.0000000000
52394  41.111  -23.505  45.417 0.0000000000
52365  41.225  -24.304  46.930 0.0000000000
109775  17.051  -42.768  64.654 0.0000000000
35511  17.749  -43.176  64.676 0.0000000000
35512  17.136  -43.107  65.158 0.0000000000
35500  16.797  -43.342  65.814 0.0000000000
34630  16.743  -43.611  66.698 0.0000000000
35489  15.148  -43.017  67.079 0.0000000000
37031  11.606  -39.914  73.404 0.0000000000
43412  30.340  -34.083  59.292 0.0000000000
42527  30.467  -34.735  58.318 0.0000000000
40725  30.154  -36.046  57.462 0.0000000000
34699  25.943  -43.624  60.504 0.0000000000
128920  26.523  -43.605  60.595 0.0000000000
117463  26.415  -43.937  61.106 0.0000000000
52258  34.407  -23.629  53.583 0.0000000000
46876  41.592  -29.494  53.418 0.0000000000
47730  42.190  -29.026  53.838 0.0000000000
57269  37.220  -18.579  46.979 0.0000000000
56272  37.201  -18.165  48.116 0.0000000000
56273  36.623  -19.129  47.412 0.0000000000
56274  36.174  -19.970  47.431 0.0000000000
35577  23.462  -42.858  60.564 0.0000000000
37206  18.851  -39.762  61.749 0.0000000000
37183  17.790  -40.820  62.595 0.0000000000
39849  24.892  -36.706  57.950 0.0000000000
38090  22.745  -39.199  58.617 0.0000000000
38993  23.295  -38.418  58.408 0.0000000000
37227  23.564  -41.081  58.449 0.0000000000
112967  23.778  -41.905  59.086 0.0000000000
49598  37.193  -26.839  54.077 0.0000000000
48641  37.206  -27.017  54.693 0.0000000000
123697  36.228  -28.957  52.167 0.0000000000
45249  36.502  -31.046  52.320 0.0000000000
45234  36.520  -31.519  52.852 0.0000000000
45247  38.026  -31.428  52.397 0.0000000000
46057  38.946  -31.271  52.616 0.0000000000
45231  39.259  -31.600  53.381 0.0000000000
45217  39.566  -31.891  54.148 0.0000000000
45208  40.572  -31.892  55.088 0.0000000000
67768  48.039  -5.513  43.482 0.0000000000
67767  48.661  -5.044  43.916 0.0000000000
68704  50.572  -4.188  41.999 0.0000000000
65976  49.481  -8.478  40.331 0.0000000000
65960  51.020  -9.228  40.524 0.0000000000
64279  43.393  -10.370  42.727 0.0000000000
116049  43.789  -10.669  42.363 0.0000000000
63450  43.438  -10.995  42.536 0.0000000000
113275  42.051  -14.413  43.546 0.0000000000
116229  42.740  -14.042  43.226 0.0000000000
58208  44.120  -17.655  43.645 0.0000000000
59971  39.319  -15.518  46.147 0.0000000000
120208  39.838  -17.534  44.539 0.0000000000
55347  41.491  -20.370  44.261 0.0000000000
55346  42.364  -20.237  44.151 0.0000000000
55345  43.277  -20.173  44.280 0.0000000000
56308  43.644  -19.578  44.144 0.0000000000
121900  43.816  -20.886  44.544 0.0000000000
44343  33.138  -32.580  57.518 0.0000000000
64249  43.672  -9.391  46.202 0.0000000000
65110  43.922  -8.891  44.291 0.0000000000
34670  22.304  -43.943  63.549 0.0000000000
34653  23.002  -44.435  64.064 0.0000000000
34654  22.316  -44.374  64.504 0.0000000000
34576  17.944  -44.735  69.716 0.0000000000
34577  17.186  -44.637  70.035 0.0000000000
34563  15.798  -44.482  71.999 0.0000000000
37101  13.532  -40.265  68.075 0.0000000000
33593  12.853  -44.513  71.538 0.0000000000
33564  11.854  -44.443  73.356 0.0000000000
36246  9.223  -41.813  76.271 0.0000000000
47686  29.372  -28.819  57.793 0.0000000000
46856  29.561  -29.933  56.616 0.0000000000
110381  30.429  -30.896  56.518 0.0000000000
46034  29.787  -30.761  56.687 0.0000000000
43435  31.184  -33.310  56.425 0.0000000000
111499  30.847  -36.651  56.212 0.0000000000
40736  31.546  -35.942  56.084 0.0000000000
39001  32.221  -38.218  57.418 0.0000000000
130953  26.635  -38.209  56.564 0.0000000000
39020  27.819  -37.830  56.400 0.0000000000
39006  27.258  -38.644  56.561 0.0000000000
38107  27.825  -39.541  56.997 0.0000000000
117257  28.208  -40.262  57.602 0.0000000000
36361  29.155  -41.990  60.684 0.0000000000
61682  46.938  -13.396  42.441 0.0000000000
55272  34.263  -20.872  50.353 0.0000000000
55282  34.523  -20.804  49.602 0.0000000000
54339  34.356  -21.534  48.968 0.0000000000
52371  35.780  -23.482  47.809 0.0000000000
49621  36.961  -27.293  51.824 0.0000000000
50459  36.140  -26.027  52.160 0.0000000000
49622  36.626  -26.667  51.351 0.0000000000
49638  36.507  -26.056  50.630 0.0000000000
49627  40.359  -26.365  51.030 0.0000000000
50470  39.121  -25.323  50.617 0.0000000000
51354  38.198  -24.459  50.027 0.0000000000
52311  37.686  -24.552  49.335 0.0000000000
52309  39.417  -24.080  49.587 0.0000000000
45175  34.990  -31.858  58.479 0.0000000000
45188  35.288  -31.524  57.825 0.0000000000
45174  35.779  -31.802  58.525 0.0000000000
45187  37.000  -32.170  58.169 0.0000000000
70410  56.668  -3.699  37.396 0.0000000000
69595  56.009  -4.502  37.117 0.0000000000
69585  51.936  -4.464  39.577 0.0000000000
36377  21.567  -41.106  60.435 0.0000000000
38978  23.002  -37.935  59.179 0.0000000000
127918  22.277  -39.085  59.234 0.0000000000
64283  49.735  -10.583  41.300 0.0000000000
64282  50.618  -10.476  41.513 0.0000000000
63446  49.498  -11.962  42.016 0.0000000000
47732  35.857  -28.211  53.892 0.0000000000
46880  35.026  -30.401  53.035 0.0000000000
122636  34.549  -30.111  53.590 0.0000000000
45235  35.872  -31.588  53.501 0.0000000000
108314  37.197  -32.399  55.031 0.0000000000
111612  47.405  -6.606  43.982 0.0000000000
66835  47.568  -6.236  43.037 0.0000000000
118219  48.474  -5.814  40.854 0.0000000000
66868  48.303  -7.397  40.672 0.0000000000
65977  48.573  -8.207  40.575 0.0000000000
127639  11.997  -44.853  76.204 0.0000000000
121968  41.717  -11.138  44.400 0.0000000000
62467  41.688  -12.057  44.112 0.0000000000
61659  41.747  -13.025  43.968 0.0000000000
60839  41.507  -13.879  44.013 0.0000000000
112600  41.911  -15.864  43.811 0.0000000000
58199  38.439  -18.316  45.513 0.0000000000
57297  39.283  -18.095  44.886 0.0000000000
57285  39.121  -18.938  45.038 0.0000000000
113299  39.607  -20.810  44.805 0.0000000000
55348  40.831  -20.502  44.460 0.0000000000
121625  43.140  -22.451  45.292 0.0000000000
53395  43.512  -23.327  46.117 0.0000000000
109048  43.324  -23.849  46.715 0.0000000000
52362  44.006  -23.852  47.328 0.0000000000
40714  34.322  -36.289  57.867 0.0000000000
41586  34.616  -35.428  58.048 0.0000000000
64251  42.053  -10.359  45.190 0.0000000000
35523  19.932  -43.481  63.914 0.0000000000
34656  20.642  -43.831  64.259 0.0000000000
34641  19.460  -44.014  65.358 0.0000000000
34627  19.694  -44.495  66.112 0.0000000000
34604  17.299  -44.205  68.187 0.0000000000
126891  15.848  -44.032  69.052 0.0000000000
34593  15.141  -43.938  69.105 0.0000000000
113896  12.094  -40.692  70.948 0.0000000000
35446  11.075  -43.018  72.456 0.0000000000
113604  10.995  -42.264  72.727 0.0000000000
119876  10.826  -40.469  73.617 0.0000000000
36248  10.257  -40.936  75.004 0.0000000000
37025  10.150  -40.205  75.425 0.0000000000
45163  29.441  -31.623  59.435 0.0000000000
44332  29.414  -31.854  58.441 0.0000000000
119161  30.703  -38.353  56.633 0.0000000000
36395  25.976  -41.190  57.753 0.0000000000
36384  27.490  -42.088  59.038 0.0000000000
36372  27.935  -42.323  59.825 0.0000000000
35562  27.092  -43.533  60.710 0.0000000000
35573  27.537  -42.962  60.274 0.0000000000
35572  28.419  -42.572  60.587 0.0000000000
59987  46.204  -15.973  43.492 0.0000000000
60000  46.814  -15.536  43.375 0.0000000000
53329  33.474  -23.086  51.513 0.0000000000
52288  33.712  -23.783  50.776 0.0000000000
47764  38.443  -28.618  50.995 0.0000000000
47763  39.418  -28.374  51.107 0.0000000000
48695  39.792  -27.343  50.878 0.0000000000
47753  41.224  -28.407  52.195 0.0000000000
48694  40.662  -27.175  51.297 0.0000000000
49620  41.237  -26.424  51.515 0.0000000000
66877  52.285  -7.693  39.056 0.0000000000
34483  8.158  -43.994  77.016 0.0000000000
59970  40.057  -14.587  47.747 0.0000000000
59962  39.979  -15.248  48.199 0.0000000000
59063  39.321  -15.631  47.342 0.0000000000
58186  38.308  -16.842  46.874 0.0000000000
129995  38.064  -18.879  45.674 0.0000000000
56296  38.005  -19.561  45.418 0.0000000000
56297  37.440  -19.960  45.617 0.0000000000
129607  37.984  -20.185  45.295 0.0000000000
54398  38.211  -21.338  45.342 0.0000000000
53397  37.991  -22.797  45.643 0.0000000000
129925  25.351  -44.899  62.099 0.0000000000
33699  24.652  -44.744  62.395 0.0000000000
35550  22.648  -43.482  62.024 0.0000000000
108868  22.661  -43.811  62.757 0.0000000000
35538  20.130  -43.013  63.085 0.0000000000
36363  21.291  -41.679  61.071 0.0000000000
36365  19.914  -41.148  61.489 0.0000000000
35552  20.529  -42.624  62.286 0.0000000000
130441  19.605  -43.068  63.479 0.0000000000
36339  17.392  -41.410  63.093 0.0000000000
35541  17.718  -42.202  63.423 0.0000000000
35527  16.620  -42.245  64.308 0.0000000000
39862  27.093  -36.853  56.832 0.0000000000
40729  26.644  -36.475  57.436 0.0000000000
39021  26.931  -37.570  56.543 0.0000000000
37247  25.811  -40.415  57.357 0.0000000000
39865  24.580  -37.467  57.789 0.0000000000
38100  23.638  -39.151  57.999 0.0000000000
120205  24.273  -38.963  57.634 0.0000000000
39009  24.718  -38.298  57.447 0.0000000000
38109  24.843  -39.239  57.302 0.0000000000
130748  25.977  -41.758  58.278 0.0000000000
35585  25.526  -42.626  59.338 0.0000000000
34690  25.401  -43.966  61.072 0.0000000000
51300  36.299  -24.224  54.021 0.0000000000
47765  37.625  -28.897  51.062 0.0000000000
46894  36.179  -30.416  52.179 0.0000000000
46893  36.478  -29.795  51.664 0.0000000000
122133  38.138  -29.311  51.235 0.0000000000
46898  39.017  -29.292  51.384 0.0000000000
46891  39.796  -29.662  51.885 0.0000000000
46890  40.442  -29.933  52.460 0.0000000000
130969  39.679  -31.143  52.927 0.0000000000
46056  40.331  -30.738  52.969 0.0000000000
46877  40.940  -30.070  53.199 0.0000000000
69573  52.089  -3.710  41.250 0.0000000000
69581  51.379  -3.988  40.164 0.0000000000
68712  51.338  -5.083  39.667 0.0000000000
66878  51.417  -7.258  39.189 0.0000000000
64276  45.731  -10.723  41.803 0.0000000000
62495  45.481  -12.335  42.144 0.0000000000
60853  45.781  -14.641  42.917 0.0000000000
62483  42.878  -12.587  43.019 0.0000000000
60854  44.872  -14.534  42.965 0.0000000000
58205  46.506  -17.424  44.144 0.0000000000
60830  40.035  -14.161  45.462 0.0000000000
59980  39.577  -15.387  45.337 0.0000000000
59979  39.838  -14.893  44.960 0.0000000000
58211  40.602  -17.598  44.230 0.0000000000
57295  41.117  -18.450  44.112 0.0000000000
114420  42.467  -17.355  43.834 0.0000000000
120814  43.620  -18.133  43.729 0.0000000000
57292  44.325  -18.420  43.858 0.0000000000
56307  44.486  -19.314  44.187 0.0000000000
56306  45.347  -19.312  44.436 0.0000000000
46032  31.875  -29.962  56.290 0.0000000000
46043  32.605  -29.989  56.126 0.0000000000
116861  32.553  -30.509  56.585 0.0000000000
120919  33.558  -31.968  57.949 0.0000000000
65926  45.902  -7.510  44.257 0.0000000000
65949  44.597  -8.628  42.882 0.0000000000
33682  23.675  -44.706  64.650 0.0000000000
108275  20.897  -44.178  64.900 0.0000000000
36319  15.219  -41.425  65.245 0.0000000000
37136  14.651  -40.031  66.011 0.0000000000
37155  14.628  -40.981  65.778 0.0000000000
36307  14.921  -41.916  65.902 0.0000000000
34620  14.857  -43.346  67.803 0.0000000000
110414  14.995  -43.949  69.846 0.0000000000
124142  14.883  -44.121  70.413 0.0000000000
108136  15.257  -44.383  71.059 0.0000000000
33563  13.377  -44.832  73.743 0.0000000000
33544  12.303  -44.911  75.580 0.0000000000
33565  11.454  -44.370  74.004 0.0000000000
33556  11.752  -44.831  74.811 0.0000000000
35412  8.630  -42.260  76.776 0.0000000000
110677  7.808  -43.038  76.988 0.0000000000
121307  38.335  -25.889  55.133 0.0000000000
47723  32.996  -28.167  55.156 0.0000000000
47724  32.197  -28.603  55.377 0.0000000000
48614  31.517  -27.374  56.197 0.0000000000
47712  31.491  -28.191  55.733 0.0000000000
46854  31.598  -29.084  55.792 0.0000000000
45203  31.069  -31.512  56.580 0.0000000000
44344  32.292  -32.429  57.064 0.0000000000
42532  33.309  -34.332  56.687 0.0000000000
41590  33.615  -35.308  56.586 0.0000000000
43436  30.528  -33.099  56.780 0.0000000000
41595  32.220  -35.333  55.945 0.0000000000
42539  32.096  -34.591  55.905 0.0000000000
42538  32.878  -34.873  56.053 0.0000000000
126320  33.934  -36.918  57.784 0.0000000000
39875  29.142  -37.320  56.409 0.0000000000
39019  28.737  -38.022  56.370 0.0000000000
39018  29.606  -38.064  56.288 0.0000000000
39003  30.091  -38.677  56.638 0.0000000000
37235  27.688  -41.019  57.737 0.0000000000
128592  28.923  -40.327  57.916 0.0000000000
37225  28.880  -41.341  58.977 0.0000000000
38096  29.538  -39.969  58.050 0.0000000000
38094  31.271  -39.540  58.361 0.0000000000
122785  47.767  -13.581  42.490 0.0000000000
59986  47.639  -15.823  43.778 0.0000000000
56241  36.358  -18.888  49.045 0.0000000000
55293  35.847  -20.205  47.834 0.0000000000
55320  35.856  -20.779  47.137 0.0000000000
123331  36.245  -20.995  46.452 0.0000000000
54381  36.637  -21.711  46.163 0.0000000000
53398  37.116  -22.642  46.027 0.0000000000
119023  38.565  -23.413  45.899 0.0000000000
51309  34.904  -24.460  52.926 0.0000000000
51322  34.333  -24.368  52.137 0.0000000000
51335  34.237  -24.472  51.297 0.0000000000
51347  34.427  -24.484  50.490 0.0000000000
52313  34.342  -23.842  49.910 0.0000000000
48711  38.231  -27.143  50.519 0.0000000000
50472  37.183  -25.679  50.341 0.0000000000
117359  36.505  -25.483  50.373 0.0000000000
51345  35.498  -24.955  50.162 0.0000000000
51356  34.970  -24.558  49.895 0.0000000000
52312  35.098  -23.964  49.235 0.0000000000
113107  36.531  -23.951  47.674 0.0000000000
120386  37.321  -24.263  47.624 0.0000000000
52369  37.033  -23.800  46.933 0.0000000000
109367  39.798  -24.095  46.598 0.0000000000
52366  40.409  -24.304  46.985 0.0000000000
125360  40.952  -23.977  48.848 0.0000000000
116287  41.946  -23.973  48.950 0.0000000000
130600  34.391  -30.760  55.741 0.0000000000
45210  36.347  -31.952  55.482 0.0000000000
44342  37.778  -32.542  57.720 0.0000000000
44353  37.950  -32.610  56.722 0.0000000000
44362  38.080  -32.609  55.675 0.0000000000
44361  38.933  -32.619  55.320 0.0000000000
44360  39.793  -32.232  54.995 0.0000000000
69578  54.065  -3.415  39.600 0.0000000000
118499  53.448  -5.664  38.354 0.0000000000
69596  55.302  -4.624  37.504 0.0000000000
128356  55.676  -4.987  37.110 0.0000000000
68730  56.106  -5.359  36.764 0.0000000000
36396  25.206  -41.381  58.083 0.0000000000
46009  29.112  -30.228  58.079 0.0000000000
46849  29.232  -29.641  57.408 0.0000000000
47701  30.034  -28.242  57.345 0.0000000000
60001  45.611  -15.762  43.266 0.0000000000
109719  39.960  -32.700  56.359 0.0000000000
115827  28.123  -36.485  57.129 0.0000000000
119816  40.388  -24.723  51.068 0.0000000000
121395  30.904  -27.972  56.191 0.0000000000
