#!ascii label  , from subject Paciente_3 vox2ras=TkReg
715
31094  33.116  -47.936  71.402 0.0000000000
120360  47.390  -22.272  57.892 0.0000000000
57159  54.285  -19.471  57.155 0.0000000000
45930  50.594  -30.244  64.425 0.0000000000
36287  37.443  -41.603  67.775 0.0000000000
32756  35.409  -44.822  69.759 0.0000000000
122873  52.234  -19.285  58.809 0.0000000000
54192  51.842  -20.515  62.941 0.0000000000
122393  45.700  -32.085  66.820 0.0000000000
39727  41.109  -38.635  68.848 0.0000000000
59917  57.246  -15.128  50.311 0.0000000000
58100  52.876  -17.530  53.144 0.0000000000
46809  47.281  -29.927  62.039 0.0000000000
51213  48.836  -24.794  64.137 0.0000000000
34587  34.352  -43.763  70.252 0.0000000000
31092  34.201  -47.044  71.109 0.0000000000
129189  49.710  -21.325  58.051 0.0000000000
110307  51.528  -19.413  61.242 0.0000000000
111211  49.491  -20.652  61.256 0.0000000000
40655  47.165  -36.576  64.365 0.0000000000
35450  38.818  -42.001  70.445 0.0000000000
37941  39.372  -40.114  69.055 0.0000000000
35457  40.840  -41.759  69.601 0.0000000000
60770  56.516  -14.917  50.646 0.0000000000
57220  55.532  -18.198  50.826 0.0000000000
59902  55.664  -16.142  51.138 0.0000000000
58085  52.319  -17.182  55.473 0.0000000000
58101  51.574  -17.232  53.479 0.0000000000
58083  53.926  -17.647  55.139 0.0000000000
56186  53.457  -19.270  54.141 0.0000000000
54286  54.450  -20.650  56.141 0.0000000000
45074  48.295  -31.126  65.804 0.0000000000
45948  46.122  -30.672  64.948 0.0000000000
46777  49.243  -29.607  64.627 0.0000000000
48517  48.074  -27.243  63.097 0.0000000000
48495  49.891  -27.405  65.177 0.0000000000
124912  51.003  -25.550  64.593 0.0000000000
46803  51.776  -29.102  63.413 0.0000000000
35454  35.859  -42.898  71.441 0.0000000000
56178  51.158  -19.881  55.511 0.0000000000
58044  52.986  -18.986  57.731 0.0000000000
56130  53.492  -20.135  59.978 0.0000000000
54219  53.311  -20.843  61.381 0.0000000000
42439  42.815  -34.943  66.562 0.0000000000
43357  44.414  -34.230  65.404 0.0000000000
43354  47.163  -33.001  65.531 0.0000000000
43366  50.128  -32.705  63.924 0.0000000000
44275  51.015  -32.080  62.180 0.0000000000
41494  41.110  -36.005  67.096 0.0000000000
39732  43.113  -37.998  68.395 0.0000000000
59050  56.379  -16.041  48.228 0.0000000000
59014  53.951  -16.598  51.200 0.0000000000
57198  53.242  -18.168  52.482 0.0000000000
55250  51.832  -20.622  52.749 0.0000000000
53226  47.757  -22.614  61.100 0.0000000000
126210  50.047  -22.645  64.303 0.0000000000
51223  51.291  -23.904  62.992 0.0000000000
30320  33.716  -48.530  71.022 0.0000000000
31093  33.747  -47.365  71.327 0.0000000000
30319  34.217  -47.990  70.674 0.0000000000
55203  49.072  -21.531  58.494 0.0000000000
55194  49.885  -20.698  59.689 0.0000000000
130064  48.392  -21.591  59.580 0.0000000000
35449  39.755  -41.711  70.581 0.0000000000
60782  55.072  -14.640  49.686 0.0000000000
59908  56.079  -15.504  51.036 0.0000000000
59909  55.308  -15.776  50.916 0.0000000000
58074  53.253  -18.435  56.640 0.0000000000
58976  52.968  -17.168  55.327 0.0000000000
113432  53.966  -18.657  55.798 0.0000000000
56176  54.184  -19.447  55.614 0.0000000000
45086  49.590  -31.308  65.209 0.0000000000
46763  48.527  -30.948  65.766 0.0000000000
45932  49.827  -30.014  64.583 0.0000000000
47611  49.507  -28.271  65.002 0.0000000000
47608  50.750  -28.788  64.641 0.0000000000
47621  51.034  -28.555  64.301 0.0000000000
45945  51.446  -29.670  63.821 0.0000000000
34573  35.206  -43.376  71.264 0.0000000000
33579  36.386  -44.187  71.479 0.0000000000
33598  37.316  -44.346  70.830 0.0000000000
55219  50.811  -21.052  56.523 0.0000000000
55233  50.559  -20.774  55.001 0.0000000000
56160  51.753  -19.868  57.213 0.0000000000
57162  52.072  -18.455  56.393 0.0000000000
57130  52.981  -19.012  58.528 0.0000000000
57113  53.614  -19.386  59.107 0.0000000000
57114  53.148  -19.147  59.403 0.0000000000
56107  51.611  -19.814  62.798 0.0000000000
56105  53.026  -19.961  62.338 0.0000000000
54220  52.787  -21.117  61.969 0.0000000000
53231  52.837  -22.250  60.736 0.0000000000
53213  52.053  -21.649  62.409 0.0000000000
41492  43.538  -35.938  67.322 0.0000000000
42448  43.009  -34.707  66.672 0.0000000000
41505  44.070  -35.529  66.029 0.0000000000
42470  46.469  -34.585  64.257 0.0000000000
43368  48.679  -33.001  64.283 0.0000000000
38817  40.585  -39.342  68.975 0.0000000000
38837  40.277  -38.625  68.488 0.0000000000
39741  40.921  -37.561  68.647 0.0000000000
40621  41.952  -37.001  68.168 0.0000000000
39733  42.230  -38.288  68.601 0.0000000000
61607  57.621  -13.714  49.773 0.0000000000
59034  56.740  -16.180  49.315 0.0000000000
57221  54.990  -19.039  50.963 0.0000000000
58999  52.332  -17.168  53.212 0.0000000000
58125  52.106  -17.756  51.804 0.0000000000
58111  52.602  -17.418  52.360 0.0000000000
59015  53.158  -16.752  50.911 0.0000000000
109429  53.150  -17.453  52.001 0.0000000000
58109  53.762  -17.359  51.675 0.0000000000
58110  53.111  -17.696  52.338 0.0000000000
55240  53.065  -20.581  54.218 0.0000000000
126699  52.969  -19.960  53.980 0.0000000000
45059  43.555  -31.747  66.622 0.0000000000
128055  43.919  -30.663  66.899 0.0000000000
45961  46.977  -30.470  63.285 0.0000000000
45962  45.998  -30.793  63.282 0.0000000000
50344  48.516  -25.516  63.665 0.0000000000
117502  47.517  -26.096  61.416 0.0000000000
51230  47.705  -24.665  61.963 0.0000000000
52178  47.560  -23.943  60.818 0.0000000000
52171  47.834  -23.417  62.255 0.0000000000
54207  48.270  -21.930  62.436 0.0000000000
52138  49.175  -23.457  64.297 0.0000000000
49496  51.560  -26.312  63.380 0.0000000000
120793  51.304  -24.962  64.235 0.0000000000
50356  51.414  -25.501  62.953 0.0000000000
51229  50.909  -24.521  61.409 0.0000000000
33582  34.013  -44.883  70.025 0.0000000000
31928  34.588  -45.650  69.764 0.0000000000
31947  35.108  -46.033  69.115 0.0000000000
31121  34.567  -47.383  70.026 0.0000000000
55201  51.137  -20.432  58.160 0.0000000000
56133  51.800  -19.134  60.290 0.0000000000
55193  50.516  -20.189  59.884 0.0000000000
56123  50.303  -20.130  61.857 0.0000000000
55154  50.650  -20.465  62.897 0.0000000000
119451  37.662  -41.658  70.547 0.0000000000
37094  38.214  -41.008  68.186 0.0000000000
118065  38.834  -41.551  69.829 0.0000000000
37061  39.706  -41.233  70.032 0.0000000000
37059  41.104  -40.475  69.269 0.0000000000
37922  42.033  -39.615  69.076 0.0000000000
36276  42.174  -41.151  69.065 0.0000000000
60769  57.071  -14.869  50.710 0.0000000000
58132  56.407  -16.750  50.817 0.0000000000
59004  56.454  -16.112  51.041 0.0000000000
58122  55.601  -17.090  51.200 0.0000000000
57208  54.504  -18.435  51.385 0.0000000000
57180  51.007  -17.661  54.698 0.0000000000
58091  51.479  -17.045  54.301 0.0000000000
58983  52.907  -17.014  54.445 0.0000000000
58990  53.350  -17.464  54.450 0.0000000000
57189  53.346  -17.880  53.576 0.0000000000
56185  54.050  -18.821  54.744 0.0000000000
55231  54.193  -20.239  55.285 0.0000000000
45055  47.221  -31.824  66.428 0.0000000000
46766  45.286  -31.030  66.029 0.0000000000
45917  46.916  -31.065  65.474 0.0000000000
46791  48.061  -30.323  64.556 0.0000000000
46804  48.075  -29.616  63.300 0.0000000000
47650  47.679  -28.415  62.106 0.0000000000
48516  48.558  -27.914  63.772 0.0000000000
48503  48.748  -27.118  64.413 0.0000000000
50324  49.464  -25.754  64.741 0.0000000000
51185  50.115  -25.050  64.582 0.0000000000
49462  50.750  -26.534  64.809 0.0000000000
49478  51.218  -26.771  64.066 0.0000000000
48528  51.956  -27.907  62.618 0.0000000000
35470  34.388  -43.221  69.641 0.0000000000
36280  35.973  -42.415  69.847 0.0000000000
36271  36.711  -41.882  70.586 0.0000000000
35452  37.368  -42.422  71.387 0.0000000000
34572  38.173  -43.199  70.086 0.0000000000
57171  51.629  -17.863  55.555 0.0000000000
58075  53.081  -17.924  56.601 0.0000000000
57144  54.015  -19.322  57.625 0.0000000000
57127  54.335  -19.578  58.119 0.0000000000
55192  54.322  -20.452  59.131 0.0000000000
54232  54.133  -21.294  59.097 0.0000000000
56132  53.207  -19.543  61.228 0.0000000000
55166  53.462  -20.446  60.647 0.0000000000
43327  41.548  -33.914  66.628 0.0000000000
43325  42.265  -33.783  66.491 0.0000000000
43324  43.515  -33.093  65.963 0.0000000000
44222  44.684  -32.506  66.386 0.0000000000
41517  45.337  -35.610  65.026 0.0000000000
43356  45.284  -33.788  65.306 0.0000000000
43340  46.678  -32.536  66.064 0.0000000000
43338  47.927  -32.140  65.698 0.0000000000
44233  49.489  -31.895  65.186 0.0000000000
44242  50.506  -32.121  64.398 0.0000000000
45105  51.375  -31.291  63.435 0.0000000000
128761  50.833  -32.692  63.164 0.0000000000
42441  41.548  -35.115  66.845 0.0000000000
40627  43.275  -36.760  67.862 0.0000000000
39748  44.363  -37.419  67.608 0.0000000000
37938  43.177  -39.391  68.600 0.0000000000
38836  44.465  -38.655  67.818 0.0000000000
60806  57.119  -14.655  47.418 0.0000000000
59910  54.522  -16.043  50.722 0.0000000000
59903  54.807  -16.387  51.178 0.0000000000
58123  54.765  -17.533  51.429 0.0000000000
57209  53.408  -18.655  51.665 0.0000000000
111587  53.281  -18.612  53.360 0.0000000000
56206  52.880  -18.884  52.555 0.0000000000
56217  52.430  -19.284  51.808 0.0000000000
124257  44.693  -30.968  64.601 0.0000000000
53233  46.998  -23.095  59.614 0.0000000000
53249  47.392  -22.433  59.070 0.0000000000
54221  48.392  -21.479  61.181 0.0000000000
55147  49.480  -21.256  63.000 0.0000000000
54194  50.448  -21.464  63.365 0.0000000000
51183  50.807  -23.953  64.968 0.0000000000
52135  51.075  -23.178  64.205 0.0000000000
53202  51.120  -22.452  63.542 0.0000000000
52170  51.397  -23.133  62.477 0.0000000000
45980  51.643  -30.714  62.058 0.0000000000
46814  51.888  -29.363  62.050 0.0000000000
30304  33.433  -48.229  71.197 0.0000000000
29517  33.052  -49.150  71.124 0.0000000000
54257  48.252  -21.871  57.997 0.0000000000
54245  48.342  -21.697  58.979 0.0000000000
60771  55.687  -15.136  50.417 0.0000000000
59919  54.859  -15.424  50.107 0.0000000000
58057  53.961  -18.882  57.126 0.0000000000
58073  53.758  -18.900  56.383 0.0000000000
57160  53.814  -19.116  56.557 0.0000000000
57169  54.199  -19.351  56.813 0.0000000000
56166  54.635  -20.105  57.103 0.0000000000
45931  50.091  -30.931  64.760 0.0000000000
45072  49.435  -30.940  65.196 0.0000000000
109900  50.159  -30.239  64.573 0.0000000000
130894  50.336  -29.605  64.562 0.0000000000
46774  50.577  -29.469  64.505 0.0000000000
46789  51.005  -29.412  64.349 0.0000000000
45946  51.072  -30.325  64.194 0.0000000000
33580  35.565  -44.289  71.150 0.0000000000
32744  36.001  -44.620  70.842 0.0000000000
32755  36.282  -44.571  69.974 0.0000000000
55209  51.424  -20.315  57.528 0.0000000000
55218  51.393  -20.440  56.870 0.0000000000
56154  51.885  -19.758  58.003 0.0000000000
57131  52.604  -19.175  58.075 0.0000000000
57115  52.473  -19.057  59.538 0.0000000000
55144  51.700  -20.209  63.013 0.0000000000
55153  52.469  -20.127  62.859 0.0000000000
54205  52.296  -20.724  62.642 0.0000000000
40634  44.229  -36.575  67.315 0.0000000000
117446  44.179  -35.991  66.861 0.0000000000
40641  44.573  -36.383  66.526 0.0000000000
38827  40.832  -38.700  68.898 0.0000000000
38828  40.430  -38.958  68.931 0.0000000000
39736  40.730  -38.247  68.794 0.0000000000
39735  41.059  -38.077  68.861 0.0000000000
39734  41.737  -38.047  68.651 0.0000000000
39726  41.658  -38.714  68.719 0.0000000000
61596  57.456  -14.334  50.066 0.0000000000
61606  57.833  -13.789  49.664 0.0000000000
60780  57.693  -14.329  49.955 0.0000000000
59938  57.522  -14.899  49.473 0.0000000000
59918  57.123  -15.545  49.719 0.0000000000
113845  52.707  -17.086  53.640 0.0000000000
58998  52.711  -17.401  52.737 0.0000000000
59008  53.051  -17.077  51.677 0.0000000000
54296  53.467  -21.294  54.612 0.0000000000
54305  52.702  -21.276  53.899 0.0000000000
45058  44.227  -31.478  67.149 0.0000000000
45905  43.882  -30.971  67.203 0.0000000000
45904  44.722  -31.002  67.271 0.0000000000
127373  47.324  -30.217  62.727 0.0000000000
45981  46.666  -30.491  61.635 0.0000000000
50345  48.140  -25.382  62.857 0.0000000000
51214  48.493  -24.691  63.312 0.0000000000
125409  47.810  -24.105  62.317 0.0000000000
52155  48.131  -23.840  63.057 0.0000000000
52154  48.756  -23.356  63.609 0.0000000000
125237  48.709  -24.019  63.922 0.0000000000
49511  51.791  -27.112  62.917 0.0000000000
49512  51.447  -26.329  62.434 0.0000000000
50363  51.132  -25.389  61.866 0.0000000000
32747  33.993  -45.954  70.790 0.0000000000
31929  34.285  -46.363  70.733 0.0000000000
32746  34.483  -45.425  69.867 0.0000000000
31939  34.444  -46.657  70.416 0.0000000000
31104  34.673  -46.795  69.847 0.0000000000
31105  34.370  -47.305  70.675 0.0000000000
54256  49.204  -21.660  57.612 0.0000000000
54267  49.422  -21.715  56.768 0.0000000000
55211  50.114  -21.355  57.274 0.0000000000
112280  50.356  -20.902  58.101 0.0000000000
109122  50.640  -20.498  59.025 0.0000000000
55184  49.243  -20.829  60.366 0.0000000000
55183  50.148  -20.293  60.681 0.0000000000
56108  50.868  -19.987  62.702 0.0000000000
56109  50.293  -20.371  62.513 0.0000000000
36270  38.323  -41.729  70.405 0.0000000000
37063  38.346  -41.331  69.742 0.0000000000
36260  38.775  -41.899  70.346 0.0000000000
36269  39.957  -41.684  69.798 0.0000000000
36258  39.688  -41.609  70.136 0.0000000000
37060  40.091  -41.057  69.643 0.0000000000
37924  40.486  -40.508  69.283 0.0000000000
36268  40.814  -41.220  69.465 0.0000000000
36267  41.706  -40.830  69.303 0.0000000000
60781  55.992  -14.391  50.009 0.0000000000
61597  56.980  -14.157  50.191 0.0000000000
59900  56.929  -15.540  51.018 0.0000000000
60764  56.674  -15.319  51.041 0.0000000000
59005  55.953  -16.427  51.156 0.0000000000
57207  55.347  -17.991  51.220 0.0000000000
126237  51.619  -17.129  55.006 0.0000000000
58975  53.549  -17.716  55.501 0.0000000000
58982  53.462  -17.261  54.985 0.0000000000
57179  54.004  -17.946  54.710 0.0000000000
54295  54.101  -21.081  55.384 0.0000000000
44198  47.534  -31.444  66.116 0.0000000000
45902  46.824  -31.408  65.585 0.0000000000
45916  47.953  -30.997  65.791 0.0000000000
118905  49.222  -30.617  64.999 0.0000000000
46778  48.504  -30.611  65.204 0.0000000000
128959  48.715  -30.186  64.625 0.0000000000
121573  47.947  -30.062  63.832 0.0000000000
46790  48.466  -29.710  64.130 0.0000000000
47632  48.454  -28.934  63.433 0.0000000000
47631  48.810  -28.894  64.192 0.0000000000
47610  50.146  -28.290  65.059 0.0000000000
48496  49.176  -27.291  65.002 0.0000000000
49479  48.948  -26.427  64.732 0.0000000000
49464  49.615  -26.558  65.038 0.0000000000
50323  50.246  -25.885  64.918 0.0000000000
49463  50.373  -26.648  65.072 0.0000000000
47620  51.285  -28.285  63.877 0.0000000000
48502  51.083  -27.708  64.178 0.0000000000
47630  51.612  -28.418  63.494 0.0000000000
48515  51.745  -27.767  63.223 0.0000000000
47641  51.991  -28.515  63.043 0.0000000000
34588  33.767  -43.705  69.580 0.0000000000
35471  33.875  -43.209  68.807 0.0000000000
35461  35.414  -42.756  70.752 0.0000000000
35460  36.027  -42.347  70.954 0.0000000000
36262  37.244  -41.903  71.198 0.0000000000
35453  36.593  -42.374  71.316 0.0000000000
57172  50.914  -18.642  55.104 0.0000000000
56177  51.461  -18.860  55.832 0.0000000000
57145  52.981  -18.733  57.578 0.0000000000
57161  52.789  -18.253  56.880 0.0000000000
58060  52.895  -18.346  56.980 0.0000000000
58059  53.147  -18.794  57.239 0.0000000000
58043  53.709  -19.201  57.520 0.0000000000
57128  53.959  -19.324  58.193 0.0000000000
57100  53.521  -19.638  59.662 0.0000000000
57112  54.116  -19.523  58.834 0.0000000000
124457  54.119  -19.791  59.257 0.0000000000
55182  53.905  -20.882  59.895 0.0000000000
117110  52.187  -19.096  61.070 0.0000000000
57101  52.651  -18.989  60.361 0.0000000000
57093  52.779  -19.248  61.210 0.0000000000
55167  53.340  -20.247  61.620 0.0000000000
54218  53.525  -20.943  60.617 0.0000000000
54234  53.593  -21.458  60.396 0.0000000000
43313  42.142  -34.181  66.614 0.0000000000
43326  41.784  -33.634  66.548 0.0000000000
42438  42.697  -34.406  66.560 0.0000000000
42453  43.694  -34.642  65.853 0.0000000000
43343  43.136  -34.090  66.474 0.0000000000
43342  43.829  -33.512  65.826 0.0000000000
129931  44.147  -32.254  66.598 0.0000000000
112269  44.715  -33.321  65.739 0.0000000000
40648  45.809  -36.689  65.320 0.0000000000
41516  46.293  -36.145  64.662 0.0000000000
42460  46.821  -33.764  64.761 0.0000000000
42461  45.938  -34.245  64.824 0.0000000000
43355  46.249  -33.365  65.478 0.0000000000
43341  45.599  -32.928  66.036 0.0000000000
43339  47.192  -32.005  65.922 0.0000000000
43353  47.928  -32.593  65.520 0.0000000000
43367  49.412  -32.770  64.044 0.0000000000
43352  49.203  -32.567  64.895 0.0000000000
43351  49.896  -32.354  64.683 0.0000000000
44232  50.156  -31.781  64.868 0.0000000000
44252  50.743  -32.468  63.669 0.0000000000
37093  38.776  -40.550  68.806 0.0000000000
37106  38.753  -40.632  67.370 0.0000000000
113583  38.869  -40.439  68.109 0.0000000000
40635  40.618  -36.708  67.402 0.0000000000
41495  40.758  -35.867  66.791 0.0000000000
42450  40.969  -35.002  67.001 0.0000000000
42449  41.320  -34.551  66.814 0.0000000000
125882  41.158  -35.266  66.963 0.0000000000
40620  42.525  -37.517  68.384 0.0000000000
113236  42.569  -36.514  67.688 0.0000000000
40619  43.058  -37.445  68.277 0.0000000000
39740  43.704  -37.485  67.996 0.0000000000
37921  42.417  -39.103  68.733 0.0000000000
39738  44.776  -38.504  67.552 0.0000000000
59939  57.094  -15.544  48.793 0.0000000000
59954  56.717  -15.333  47.807 0.0000000000
59051  55.588  -16.434  47.729 0.0000000000
58126  51.329  -18.077  52.053 0.0000000000
59021  53.779  -16.425  50.251 0.0000000000
57197  53.976  -18.115  51.704 0.0000000000
114438  53.643  -18.430  54.133 0.0000000000
55241  52.429  -20.395  53.535 0.0000000000
56195  52.874  -19.478  53.406 0.0000000000
56207  52.325  -19.777  52.671 0.0000000000
46780  45.749  -30.994  65.516 0.0000000000
45933  45.083  -30.877  65.323 0.0000000000
114982  45.584  -30.853  64.349 0.0000000000
48530  47.779  -27.481  62.360 0.0000000000
50366  47.337  -25.420  60.980 0.0000000000
52185  47.580  -23.206  60.753 0.0000000000
52186  47.285  -23.474  60.182 0.0000000000
53232  47.514  -22.818  60.290 0.0000000000
53240  47.446  -22.580  59.670 0.0000000000
54236  47.854  -22.071  60.554 0.0000000000
54222  47.957  -21.933  61.601 0.0000000000
54185  49.764  -22.323  63.940 0.0000000000
118395  48.828  -21.469  62.640 0.0000000000
54195  49.885  -21.654  63.516 0.0000000000
54184  50.150  -22.185  63.888 0.0000000000
126327  50.786  -25.214  64.710 0.0000000000
51184  50.601  -24.364  64.771 0.0000000000
51182  50.976  -24.535  64.823 0.0000000000
51212  51.287  -24.029  64.074 0.0000000000
118923  51.134  -23.768  64.667 0.0000000000
52153  51.270  -23.129  63.430 0.0000000000
51235  50.669  -24.473  60.609 0.0000000000
45117  51.405  -31.382  62.562 0.0000000000
45971  51.695  -30.648  62.864 0.0000000000
31930  33.963  -46.664  71.292 0.0000000000
30303  34.033  -47.760  71.148 0.0000000000
55202  49.759  -21.022  58.791 0.0000000000
55195  48.986  -21.222  59.445 0.0000000000
121464  48.812  -20.991  60.936 0.0000000000
34550  38.543  -42.447  70.233 0.0000000000
35459  39.231  -42.045  69.874 0.0000000000
35458  40.018  -41.817  69.698 0.0000000000
58084  52.876  -17.319  55.986 0.0000000000
58968  53.229  -17.756  56.029 0.0000000000
58082  53.861  -18.436  55.652 0.0000000000
118518  54.041  -18.255  55.446 0.0000000000
57170  53.969  -19.128  55.855 0.0000000000
56175  54.522  -20.231  56.306 0.0000000000
45073  49.002  -31.092  65.590 0.0000000000
45915  48.293  -31.114  65.796 0.0000000000
112709  48.731  -31.091  65.690 0.0000000000
46762  49.215  -30.772  65.149 0.0000000000
46776  49.784  -29.499  64.703 0.0000000000
47609  50.603  -28.315  64.872 0.0000000000
48494  50.598  -27.477  64.970 0.0000000000
46788  51.408  -28.952  63.886 0.0000000000
34574  34.779  -43.743  70.879 0.0000000000
34555  35.070  -43.989  71.182 0.0000000000
34554  35.687  -43.674  71.621 0.0000000000
34553  36.594  -43.141  71.634 0.0000000000
54277  50.416  -21.351  55.793 0.0000000000
55226  50.941  -20.787  55.769 0.0000000000
56168  51.275  -20.426  56.192 0.0000000000
56167  51.672  -19.607  56.457 0.0000000000
57146  52.373  -19.120  57.241 0.0000000000
57129  53.501  -19.229  58.350 0.0000000000
109225  53.202  -19.389  60.287 0.0000000000
56121  52.116  -19.430  62.003 0.0000000000
56120  52.884  -19.613  61.941 0.0000000000
56106  52.369  -19.854  62.706 0.0000000000
54204  52.978  -20.342  62.257 0.0000000000
53223  53.172  -21.572  61.086 0.0000000000
53224  52.428  -21.959  61.607 0.0000000000
52175  51.891  -22.622  61.110 0.0000000000
41493  43.079  -35.346  67.181 0.0000000000
41506  43.319  -35.179  66.642 0.0000000000
41528  46.680  -35.452  64.000 0.0000000000
126535  47.827  -33.361  64.616 0.0000000000
122316  48.107  -33.690  63.650 0.0000000000
42467  48.889  -33.477  63.427 0.0000000000
37940  40.034  -39.728  69.088 0.0000000000
37957  39.323  -39.947  68.514 0.0000000000
37956  39.888  -39.392  68.833 0.0000000000
38847  39.947  -38.375  67.437 0.0000000000
111165  40.103  -37.420  67.238 0.0000000000
40628  40.975  -36.722  68.070 0.0000000000
41472  41.447  -36.634  67.884 0.0000000000
40622  41.272  -37.327  68.534 0.0000000000
112646  42.696  -38.026  68.515 0.0000000000
60797  57.828  -14.147  49.115 0.0000000000
58112  51.832  -17.572  52.667 0.0000000000
58124  52.655  -17.229  51.431 0.0000000000
59007  54.005  -16.927  51.464 0.0000000000
128423  53.373  -20.010  54.418 0.0000000000
110713  46.542  -30.594  64.098 0.0000000000
45974  46.011  -30.924  62.237 0.0000000000
49498  48.097  -26.292  63.211 0.0000000000
112785  47.839  -26.742  62.566 0.0000000000
49513  47.774  -25.971  62.268 0.0000000000
50365  47.615  -25.344  61.681 0.0000000000
51231  47.525  -24.688  61.270 0.0000000000
51236  47.227  -24.729  60.573 0.0000000000
120101  47.681  -24.015  61.662 0.0000000000
53215  47.847  -22.584  61.992 0.0000000000
122882  48.415  -22.797  62.943 0.0000000000
53192  49.193  -22.760  63.801 0.0000000000
53191  49.709  -22.950  64.338 0.0000000000
50333  51.378  -26.118  63.844 0.0000000000
50334  51.230  -25.482  64.282 0.0000000000
50343  51.422  -25.582  63.865 0.0000000000
113554  51.356  -24.763  63.485 0.0000000000
114253  51.221  -24.632  62.413 0.0000000000
34575  33.746  -44.267  69.993 0.0000000000
33601  33.777  -44.826  69.994 0.0000000000
33600  34.462  -44.241  70.372 0.0000000000
33581  34.882  -44.582  70.339 0.0000000000
32745  35.214  -44.697  70.109 0.0000000000
31938  35.036  -46.043  69.340 0.0000000000
55210  50.900  -20.811  57.401 0.0000000000
56145  51.481  -19.895  58.869 0.0000000000
130301  51.797  -19.350  59.451 0.0000000000
56146  51.149  -19.749  59.658 0.0000000000
56134  50.952  -19.712  60.495 0.0000000000
56135  50.810  -19.830  61.278 0.0000000000
56122  51.199  -19.663  62.088 0.0000000000
56094  51.212  -20.144  63.007 0.0000000000
55145  50.916  -20.656  63.040 0.0000000000
40640  45.311  -37.091  66.136 0.0000000000
36278  37.450  -41.489  68.944 0.0000000000
37079  38.205  -41.059  69.194 0.0000000000
37078  38.871  -40.797  69.360 0.0000000000
37044  39.683  -41.745  70.171 0.0000000000
37062  39.691  -40.840  69.563 0.0000000000
37926  39.596  -40.622  69.351 0.0000000000
37925  40.239  -40.440  69.316 0.0000000000
129355  40.689  -39.761  69.053 0.0000000000
112037  41.025  -39.635  69.031 0.0000000000
38815  41.225  -39.073  68.861 0.0000000000
37923  41.503  -39.594  69.037 0.0000000000
37058  41.805  -40.152  69.265 0.0000000000
60768  57.272  -14.948  50.550 0.0000000000
59020  56.929  -16.034  50.456 0.0000000000
59012  57.085  -15.529  50.837 0.0000000000
59013  56.716  -16.084  50.955 0.0000000000
58133  55.899  -17.373  51.047 0.0000000000
59901  56.343  -15.867  51.086 0.0000000000
58121  56.168  -16.601  51.027 0.0000000000
58092  50.898  -17.608  53.787 0.0000000000
58984  52.212  -16.879  54.787 0.0000000000
58991  52.202  -16.895  53.972 0.0000000000
129884  53.020  -17.142  53.980 0.0000000000
57178  54.169  -18.508  55.325 0.0000000000
122155  53.931  -19.702  54.787 0.0000000000
55232  53.695  -20.488  54.790 0.0000000000
45056  46.029  -31.968  65.969 0.0000000000
45903  45.405  -31.511  66.607 0.0000000000
46752  45.955  -31.613  65.721 0.0000000000
46765  46.307  -31.156  65.430 0.0000000000
130295  47.108  -30.833  65.413 0.0000000000
46764  47.834  -30.869  65.652 0.0000000000
46779  47.510  -30.573  65.276 0.0000000000
46792  47.016  -30.359  64.808 0.0000000000
45947  47.419  -30.352  63.944 0.0000000000
45972  47.633  -30.142  63.257 0.0000000000
115295  47.699  -29.728  62.679 0.0000000000
120945  47.646  -29.260  62.202 0.0000000000
47642  48.034  -29.060  62.713 0.0000000000
121636  48.113  -28.181  62.890 0.0000000000
47622  48.979  -28.108  64.714 0.0000000000
121212  48.370  -26.951  63.730 0.0000000000
49497  48.518  -26.306  64.092 0.0000000000
50335  48.848  -25.627  64.408 0.0000000000
51199  49.326  -24.904  64.509 0.0000000000
128255  50.770  -25.966  64.916 0.0000000000
48493  50.958  -27.110  64.520 0.0000000000
49461  51.062  -26.333  64.425 0.0000000000
112453  51.198  -25.995  64.249 0.0000000000
49495  51.501  -26.932  63.524 0.0000000000
36288  36.729  -41.917  68.375 0.0000000000
35462  34.803  -43.250  70.542 0.0000000000
36289  36.198  -42.245  68.866 0.0000000000
36279  36.689  -41.892  69.418 0.0000000000
111721  37.228  -41.600  69.916 0.0000000000
36261  37.951  -41.899  71.108 0.0000000000
35451  38.159  -42.311  71.126 0.0000000000
33578  37.140  -43.687  71.482 0.0000000000
34552  37.581  -42.980  71.457 0.0000000000
34551  38.281  -42.745  71.026 0.0000000000
58076  52.490  -17.717  56.148 0.0000000000
58058  53.759  -19.141  56.935 0.0000000000
56159  54.637  -20.066  57.481 0.0000000000
57143  54.397  -19.638  57.600 0.0000000000
127815  54.639  -20.198  57.798 0.0000000000
114805  54.568  -20.675  58.050 0.0000000000
56144  54.532  -19.872  58.658 0.0000000000
56131  53.306  -19.672  60.741 0.0000000000
56118  53.379  -19.931  61.082 0.0000000000
44206  41.820  -33.398  66.578 0.0000000000
44204  42.340  -33.167  66.075 0.0000000000
121835  42.980  -33.906  66.398 0.0000000000
44203  42.960  -33.221  65.948 0.0000000000
118313  43.178  -32.390  65.910 0.0000000000
118057  43.835  -32.165  66.479 0.0000000000
44202  44.542  -31.949  67.066 0.0000000000
44201  45.443  -32.040  66.991 0.0000000000
41504  44.841  -36.058  65.616 0.0000000000
41518  44.457  -35.178  65.337 0.0000000000
41529  45.811  -35.155  64.365 0.0000000000
42462  45.093  -34.773  64.906 0.0000000000
44221  45.994  -32.229  66.622 0.0000000000
44220  46.854  -32.002  66.465 0.0000000000
44219  47.276  -31.635  66.129 0.0000000000
44218  48.023  -31.427  65.828 0.0000000000
44234  48.598  -32.076  65.509 0.0000000000
44217  48.894  -31.336  65.564 0.0000000000
45096  50.238  -31.390  64.766 0.0000000000
45095  50.653  -31.586  64.494 0.0000000000
117575  51.092  -31.130  64.119 0.0000000000
44251  51.074  -31.867  64.020 0.0000000000
44262  51.123  -32.134  63.123 0.0000000000
43376  50.427  -33.136  63.135 0.0000000000
44263  50.788  -32.771  62.607 0.0000000000
37972  39.269  -39.998  67.621 0.0000000000
42454  41.046  -34.311  66.780 0.0000000000
43314  41.665  -34.218  66.681 0.0000000000
42440  41.804  -35.061  66.773 0.0000000000
41483  41.976  -36.040  67.205 0.0000000000
41471  42.556  -35.660  66.963 0.0000000000
41482  43.042  -35.980  67.283 0.0000000000
41480  43.243  -36.020  67.375 0.0000000000
40626  43.730  -36.685  67.690 0.0000000000
38814  41.742  -39.081  68.787 0.0000000000
38826  42.352  -38.531  68.622 0.0000000000
38825  43.107  -38.646  68.484 0.0000000000
38824  43.855  -39.007  68.229 0.0000000000
39731  43.814  -38.261  68.088 0.0000000000
39739  44.447  -38.086  67.732 0.0000000000
30305  32.550  -49.070  71.326 0.0000000000
59965  56.252  -15.015  46.890 0.0000000000
59006  55.039  -16.807  51.237 0.0000000000
120604  51.846  -20.178  51.953 0.0000000000
45934  45.001  -30.824  66.109 0.0000000000
45949  44.141  -30.713  65.375 0.0000000000
52194  46.885  -23.877  59.504 0.0000000000
53250  46.893  -22.839  59.021 0.0000000000
54258  47.044  -22.556  58.446 0.0000000000
116235  47.668  -22.079  58.664 0.0000000000
54246  47.849  -21.933  59.558 0.0000000000
54235  48.450  -21.419  60.247 0.0000000000
55169  48.901  -20.971  61.657 0.0000000000
112419  48.459  -21.404  62.013 0.0000000000
55156  49.123  -21.022  62.385 0.0000000000
55155  49.890  -20.758  62.729 0.0000000000
54193  51.045  -21.147  63.092 0.0000000000
51198  49.826  -24.222  64.647 0.0000000000
52137  49.683  -23.573  64.576 0.0000000000
53177  50.145  -23.179  64.528 0.0000000000
52122  51.050  -23.887  64.961 0.0000000000
52136  50.842  -23.333  64.552 0.0000000000
53190  50.405  -22.819  64.282 0.0000000000
53189  50.753  -22.677  64.010 0.0000000000
126185  50.924  -22.041  63.469 0.0000000000
54206  51.439  -21.482  62.938 0.0000000000
53214  51.506  -22.359  62.865 0.0000000000
53225  51.753  -22.481  62.017 0.0000000000
52176  51.378  -23.224  61.509 0.0000000000
51228  51.158  -23.854  61.925 0.0000000000
51234  50.953  -23.850  61.040 0.0000000000
45960  51.464  -30.490  63.641 0.0000000000
45970  51.781  -29.865  63.193 0.0000000000
45979  51.896  -30.015  62.401 0.0000000000
46808  52.009  -29.248  62.765 0.0000000000
47648  51.986  -28.637  62.376 0.0000000000
36259  39.759  -41.728  70.459 0.0000000000
37939  42.618  -39.710  68.917 0.0000000000
38816  40.904  -39.063  68.953 0.0000000000
38835  44.803  -38.902  67.532 0.0000000000
39742  40.502  -37.611  68.122 0.0000000000
41481  42.815  -35.018  67.043 0.0000000000
41484  41.292  -36.068  67.124 0.0000000000
44199  47.165  -31.887  66.420 0.0000000000
44200  46.351  -32.140  66.482 0.0000000000
45057  45.022  -31.571  67.101 0.0000000000
45061  42.410  -33.170  65.939 0.0000000000
45085  50.613  -30.994  64.463 0.0000000000
45901  48.055  -31.220  66.284 0.0000000000
45918  45.107  -31.018  66.709 0.0000000000
45919  44.556  -30.746  66.850 0.0000000000
45989  51.254  -30.649  61.435 0.0000000000
46775  50.384  -29.051  64.734 0.0000000000
50357  47.827  -25.201  62.262 0.0000000000
51197  51.147  -24.624  64.616 0.0000000000
51224  47.962  -24.638  62.623 0.0000000000
52123  50.631  -23.513  64.677 0.0000000000
52124  50.324  -23.759  64.723 0.0000000000
52177  47.699  -23.281  61.425 0.0000000000
54183  50.546  -22.091  63.652 0.0000000000
54196  49.080  -21.946  63.266 0.0000000000
55146  50.211  -20.980  63.113 0.0000000000
55168  49.648  -20.646  62.082 0.0000000000
56119  53.278  -19.801  61.615 0.0000000000
56153  54.659  -20.013  58.111 0.0000000000
58967  53.553  -18.427  55.950 0.0000000000
109608  44.363  -30.686  66.234 0.0000000000
114774  50.787  -28.020  64.628 0.0000000000
115487  37.776  -41.417  69.756 0.0000000000
117600  51.386  -27.630  63.696 0.0000000000
118731  51.651  -30.069  61.731 0.0000000000
119508  47.197  -24.142  60.171 0.0000000000
120648  49.105  -24.097  64.537 0.0000000000
121688  48.577  -32.870  65.087 0.0000000000
124480  54.580  -20.382  58.442 0.0000000000
124905  47.070  -22.429  57.303 0.0000000000
127452  46.657  -30.696  65.232 0.0000000000
127798  47.549  -37.290  64.782 0.0000000000
128265  42.960  -36.865  68.017 0.0000000000
130556  38.708  -41.123  69.571 0.0000000000
