#!ascii label  , from subject Paciente_3 vox2ras=TkReg
1065
116432  23.119  -37.270  63.515 0.0000000000
130680  34.178  -30.976  70.417 0.0000000000
61633  41.966  -13.030  48.188 0.0000000000
52247  36.919  -24.047  54.712 0.0000000000
49517  38.657  -26.094  62.641 0.0000000000
69563  53.447  -3.844  42.440 0.0000000000
58136  42.193  -15.719  50.271 0.0000000000
56240  37.351  -18.439  49.452 0.0000000000
38932  17.776  -38.610  62.631 0.0000000000
38888  29.963  -37.554  65.183 0.0000000000
108125  33.156  -33.647  65.053 0.0000000000
40696  25.536  -35.820  60.376 0.0000000000
66824  47.447  -6.673  45.810 0.0000000000
120973  26.783  -40.220  66.730 0.0000000000
124809  22.149  -37.773  67.905 0.0000000000
63401  46.197  -9.109  48.986 0.0000000000
37965  17.637  -38.006  68.796 0.0000000000
37936  13.239  -39.550  69.907 0.0000000000
120678  36.718  -18.847  55.213 0.0000000000
50397  40.030  -25.182  57.812 0.0000000000
108561  35.035  -26.118  59.773 0.0000000000
46805  32.510  -28.700  64.195 0.0000000000
58115  42.544  -16.064  52.273 0.0000000000
109236  39.987  -16.903  49.917 0.0000000000
57216  39.558  -17.772  51.724 0.0000000000
59897  44.256  -14.608  52.339 0.0000000000
38967  21.650  -37.954  60.788 0.0000000000
125766  19.949  -39.807  61.109 0.0000000000
38929  20.284  -37.574  62.388 0.0000000000
38907  25.787  -36.856  64.199 0.0000000000
39796  27.368  -35.804  63.262 0.0000000000
108633  24.785  -36.799  62.533 0.0000000000
38978  23.002  -37.935  59.179 0.0000000000
62454  41.570  -11.628  45.943 0.0000000000
61624  43.752  -13.031  49.244 0.0000000000
118506  44.012  -11.230  48.009 0.0000000000
64241  43.868  -9.608  47.305 0.0000000000
37930  22.240  -37.514  69.718 0.0000000000
37978  20.158  -37.737  67.873 0.0000000000
37933  19.515  -37.961  70.199 0.0000000000
38777  14.373  -37.552  74.414 0.0000000000
114009  14.909  -38.092  71.512 0.0000000000
37908  13.196  -38.893  72.115 0.0000000000
37032  11.164  -40.714  72.905 0.0000000000
37875  11.267  -39.347  74.733 0.0000000000
51246  39.505  -24.395  60.647 0.0000000000
48560  39.928  -26.905  60.201 0.0000000000
47669  37.634  -27.122  58.569 0.0000000000
48549  37.036  -26.498  61.276 0.0000000000
42496  30.704  -34.636  61.686 0.0000000000
45101  31.631  -31.368  64.910 0.0000000000
44284  29.951  -32.121  62.637 0.0000000000
46816  30.243  -29.197  61.347 0.0000000000
54291  34.754  -21.269  55.891 0.0000000000
55245  34.268  -20.596  53.319 0.0000000000
52267  34.091  -23.795  52.670 0.0000000000
70384  57.184  -3.270  41.197 0.0000000000
113353  54.442  -3.315  40.633 0.0000000000
59946  41.975  -15.185  49.674 0.0000000000
58176  39.449  -16.365  48.856 0.0000000000
59922  44.566  -14.291  50.468 0.0000000000
41496  34.091  -35.230  67.663 0.0000000000
43329  33.891  -32.509  68.231 0.0000000000
40659  32.318  -36.512  64.565 0.0000000000
39806  29.718  -35.660  62.326 0.0000000000
40705  27.709  -35.859  59.322 0.0000000000
66815  49.330  -6.899  47.946 0.0000000000
66823  48.905  -5.663  46.798 0.0000000000
68688  50.119  -4.733  44.340 0.0000000000
68704  50.572  -4.188  41.999 0.0000000000
37169  25.005  -38.743  65.768 0.0000000000
38021  22.822  -38.229  65.293 0.0000000000
37132  23.696  -39.661  66.787 0.0000000000
38002  27.638  -38.733  66.109 0.0000000000
65084  46.693  -8.408  47.141 0.0000000000
108697  20.659  -37.133  65.324 0.0000000000
108481  17.930  -37.464  65.623 0.0000000000
37993  14.996  -39.179  66.574 0.0000000000
38808  17.549  -38.316  71.228 0.0000000000
37949  15.065  -38.451  69.185 0.0000000000
37011  8.604  -39.651  76.099 0.0000000000
112872  38.876  -17.444  55.029 0.0000000000
53264  37.064  -22.604  57.785 0.0000000000
52206  39.023  -23.616  58.863 0.0000000000
51289  38.639  -24.682  56.098 0.0000000000
48611  39.007  -27.113  56.361 0.0000000000
47699  35.915  -27.446  56.892 0.0000000000
48605  32.457  -26.836  56.809 0.0000000000
45922  33.595  -30.061  67.356 0.0000000000
47613  34.102  -27.716  66.109 0.0000000000
127699  34.565  -26.452  63.581 0.0000000000
48552  32.934  -27.185  61.801 0.0000000000
48569  31.490  -27.254  59.920 0.0000000000
56223  36.537  -18.486  51.879 0.0000000000
55282  34.523  -20.804  49.602 0.0000000000
58104  42.134  -16.394  53.033 0.0000000000
112079  40.952  -17.280  51.697 0.0000000000
57191  41.020  -17.259  53.307 0.0000000000
58093  43.113  -15.426  53.872 0.0000000000
127063  22.426  -37.521  61.530 0.0000000000
38949  21.231  -37.777  61.410 0.0000000000
38927  22.349  -37.189  63.191 0.0000000000
38057  25.058  -36.980  64.055 0.0000000000
38924  25.377  -36.690  63.342 0.0000000000
113892  24.088  -36.942  62.523 0.0000000000
38947  23.218  -37.306  61.725 0.0000000000
62445  41.948  -12.063  47.018 0.0000000000
61631  43.430  -12.702  48.732 0.0000000000
61630  44.008  -12.205  48.728 0.0000000000
62432  43.359  -12.175  48.053 0.0000000000
62443  43.371  -11.470  47.747 0.0000000000
127150  13.721  -37.978  74.867 0.0000000000
38795  13.524  -38.316  73.369 0.0000000000
37873  12.930  -38.852  73.740 0.0000000000
37042  11.744  -40.007  72.600 0.0000000000
37874  12.244  -39.364  73.989 0.0000000000
37027  11.469  -39.751  74.105 0.0000000000
49524  39.823  -25.884  61.392 0.0000000000
48531  38.811  -26.250  61.845 0.0000000000
48562  38.604  -26.975  60.729 0.0000000000
48548  37.668  -26.582  61.729 0.0000000000
120216  35.938  -30.250  69.616 0.0000000000
41571  30.075  -34.938  61.069 0.0000000000
43393  30.403  -33.795  61.963 0.0000000000
43411  30.329  -33.949  60.487 0.0000000000
43400  30.057  -33.121  60.706 0.0000000000
53292  35.143  -23.192  55.350 0.0000000000
53293  34.397  -22.465  54.937 0.0000000000
69547  53.031  -4.026  43.865 0.0000000000
69553  54.456  -3.550  43.323 0.0000000000
112161  54.321  -3.723  42.403 0.0000000000
120686  55.066  -3.479  42.092 0.0000000000
117613  53.921  -3.798  41.853 0.0000000000
59039  42.197  -15.350  49.827 0.0000000000
59055  41.347  -15.566  49.605 0.0000000000
109840  41.330  -16.035  49.913 0.0000000000
56238  38.825  -17.919  49.836 0.0000000000
57249  38.605  -17.561  49.312 0.0000000000
56254  37.771  -18.108  49.097 0.0000000000
59010  43.411  -15.547  51.447 0.0000000000
59023  43.595  -15.219  50.463 0.0000000000
59944  43.303  -14.828  49.847 0.0000000000
38060  18.952  -38.779  61.798 0.0000000000
38044  17.057  -39.027  63.070 0.0000000000
39758  32.043  -37.085  66.805 0.0000000000
40650  33.148  -36.184  65.816 0.0000000000
39775  31.168  -37.340  64.705 0.0000000000
39809  26.952  -35.412  62.288 0.0000000000
39808  28.103  -35.696  62.269 0.0000000000
39823  27.883  -35.580  61.245 0.0000000000
40693  28.541  -35.536  60.089 0.0000000000
114883  26.817  -35.766  59.295 0.0000000000
39849  24.892  -36.706  57.950 0.0000000000
48641  37.206  -27.017  54.693 0.0000000000
66820  47.930  -6.591  46.812 0.0000000000
66818  49.377  -6.206  47.587 0.0000000000
109566  47.911  -6.140  45.838 0.0000000000
67767  48.661  -5.044  43.916 0.0000000000
68694  49.247  -4.652  43.414 0.0000000000
68692  51.034  -4.687  43.799 0.0000000000
119335  25.584  -39.896  65.301 0.0000000000
122693  24.487  -39.217  65.594 0.0000000000
37131  25.237  -40.220  66.460 0.0000000000
37129  27.600  -40.126  66.646 0.0000000000
38004  26.670  -39.164  65.429 0.0000000000
65077  47.803  -8.177  48.310 0.0000000000
65078  46.874  -8.480  48.127 0.0000000000
65095  44.252  -9.058  45.358 0.0000000000
37135  22.312  -37.707  66.810 0.0000000000
38006  21.606  -37.018  65.812 0.0000000000
108195  21.698  -37.401  66.650 0.0000000000
37964  19.031  -38.042  68.531 0.0000000000
38866  18.757  -37.545  66.524 0.0000000000
38853  17.345  -37.926  67.339 0.0000000000
38881  16.325  -38.059  65.495 0.0000000000
38854  16.294  -38.162  67.358 0.0000000000
113944  17.401  -37.943  72.850 0.0000000000
37935  13.920  -39.004  70.272 0.0000000000
108364  14.723  -38.357  70.560 0.0000000000
116000  13.780  -39.224  69.548 0.0000000000
37967  13.996  -39.561  68.157 0.0000000000
54271  36.392  -21.714  58.251 0.0000000000
50385  39.781  -24.668  59.682 0.0000000000
52197  39.137  -24.091  59.565 0.0000000000
52215  39.500  -24.063  58.526 0.0000000000
52225  38.997  -23.860  57.108 0.0000000000
50408  39.707  -24.956  57.129 0.0000000000
120194  39.077  -25.958  55.832 0.0000000000
49565  39.341  -26.440  56.624 0.0000000000
47671  36.086  -27.192  58.990 0.0000000000
47681  37.076  -27.226  57.746 0.0000000000
47683  35.752  -27.299  58.324 0.0000000000
115569  34.470  -27.078  57.019 0.0000000000
124930  33.730  -26.497  58.288 0.0000000000
43360  33.429  -32.752  66.534 0.0000000000
45063  33.302  -31.097  68.204 0.0000000000
44238  33.063  -32.059  66.304 0.0000000000
46795  32.061  -29.563  64.738 0.0000000000
46782  32.908  -29.546  65.792 0.0000000000
47624  33.111  -28.242  64.686 0.0000000000
48507  34.186  -27.089  65.216 0.0000000000
47634  33.085  -27.691  63.709 0.0000000000
48536  33.666  -26.990  62.876 0.0000000000
47643  32.806  -27.475  62.611 0.0000000000
46002  29.410  -30.600  59.746 0.0000000000
46822  30.545  -28.482  60.784 0.0000000000
56179  37.426  -18.357  55.206 0.0000000000
56198  37.839  -18.155  53.245 0.0000000000
56200  36.207  -18.946  53.898 0.0000000000
120972  33.506  -22.204  51.227 0.0000000000
55262  34.306  -20.488  51.207 0.0000000000
124601  57.385  -3.027  39.859 0.0000000000
58137  42.407  -16.047  51.085 0.0000000000
57224  41.112  -16.534  50.114 0.0000000000
57213  41.612  -16.495  50.708 0.0000000000
57226  39.620  -17.555  50.767 0.0000000000
56231  38.505  -18.311  50.250 0.0000000000
58992  43.930  -14.803  53.827 0.0000000000
59001  43.347  -15.433  52.244 0.0000000000
38073  20.771  -38.524  60.692 0.0000000000
38951  19.645  -38.340  61.534 0.0000000000
38930  19.359  -37.947  62.300 0.0000000000
38890  28.095  -37.551  65.004 0.0000000000
38903  28.653  -36.896  64.635 0.0000000000
38922  26.803  -36.345  64.015 0.0000000000
38945  25.735  -36.236  62.982 0.0000000000
39826  25.099  -36.048  61.212 0.0000000000
39839  24.463  -36.583  59.588 0.0000000000
39828  23.744  -37.156  59.768 0.0000000000
38979  22.407  -38.247  59.564 0.0000000000
66837  46.679  -7.148  43.905 0.0000000000
37111  26.133  -40.481  67.922 0.0000000000
62412  45.560  -11.520  49.587 0.0000000000
63396  44.885  -11.043  48.747 0.0000000000
63402  45.138  -9.862  48.673 0.0000000000
64233  44.807  -9.579  48.077 0.0000000000
63412  43.581  -10.693  47.682 0.0000000000
63419  42.426  -10.401  46.491 0.0000000000
37100  22.404  -37.707  68.611 0.0000000000
37977  21.051  -37.609  67.747 0.0000000000
37946  21.347  -36.976  68.904 0.0000000000
37947  20.340  -37.197  68.937 0.0000000000
37948  18.308  -38.047  69.335 0.0000000000
38802  15.663  -37.784  72.375 0.0000000000
115112  15.056  -37.650  73.051 0.0000000000
38812  13.923  -38.417  71.851 0.0000000000
37918  13.118  -39.228  70.737 0.0000000000
113472  12.037  -40.185  71.680 0.0000000000
49531  40.135  -25.340  60.417 0.0000000000
49546  40.094  -25.933  58.989 0.0000000000
114036  39.165  -27.235  57.939 0.0000000000
48574  39.276  -27.218  59.659 0.0000000000
48563  37.231  -26.283  60.214 0.0000000000
108139  35.782  -26.741  59.768 0.0000000000
121990  32.081  -33.906  63.532 0.0000000000
43371  32.249  -32.790  64.455 0.0000000000
43387  31.258  -33.617  63.551 0.0000000000
44256  30.929  -32.002  63.964 0.0000000000
45975  30.770  -30.571  63.161 0.0000000000
46810  31.489  -28.816  62.864 0.0000000000
45138  29.937  -31.116  62.343 0.0000000000
45153  29.579  -31.350  60.460 0.0000000000
55227  35.624  -20.151  56.133 0.0000000000
55243  35.623  -19.718  54.224 0.0000000000
55237  34.287  -20.771  54.324 0.0000000000
53306  33.779  -22.000  53.401 0.0000000000
69569  56.698  -3.271  41.853 0.0000000000
128056  55.601  -3.203  40.520 0.0000000000
59959  41.786  -14.468  49.457 0.0000000000
129147  40.386  -14.040  47.826 0.0000000000
59961  40.511  -14.955  48.767 0.0000000000
57247  40.408  -16.772  49.948 0.0000000000
58177  38.511  -16.719  48.215 0.0000000000
115010  45.174  -13.709  52.983 0.0000000000
60766  45.686  -13.769  51.688 0.0000000000
60784  45.715  -12.761  50.742 0.0000000000
60786  44.016  -13.993  49.780 0.0000000000
60802  43.235  -13.736  49.396 0.0000000000
43315  34.231  -32.679  69.298 0.0000000000
119765  33.694  -31.686  69.277 0.0000000000
42451  34.174  -34.259  67.789 0.0000000000
42457  33.629  -34.844  66.175 0.0000000000
122086  33.100  -35.281  64.688 0.0000000000
39783  30.209  -36.048  64.272 0.0000000000
39792  30.518  -36.290  63.304 0.0000000000
117866  31.719  -35.238  62.893 0.0000000000
40680  30.435  -35.446  62.135 0.0000000000
40691  29.908  -35.898  60.936 0.0000000000
40704  28.503  -36.164  58.667 0.0000000000
67755  50.105  -4.775  46.463 0.0000000000
66829  48.264  -5.682  45.292 0.0000000000
67761  49.306  -4.919  44.947 0.0000000000
68679  50.909  -4.499  45.655 0.0000000000
68686  51.740  -4.530  44.954 0.0000000000
68696  51.824  -4.223  43.241 0.0000000000
69564  52.486  -3.825  42.382 0.0000000000
69572  53.155  -3.634  41.689 0.0000000000
38040  24.118  -37.524  64.621 0.0000000000
38042  22.800  -37.526  64.169 0.0000000000
37171  23.546  -38.561  65.190 0.0000000000
37152  23.329  -38.389  65.984 0.0000000000
112392  23.063  -38.538  67.454 0.0000000000
123546  24.792  -40.403  67.790 0.0000000000
37099  23.040  -38.566  68.702 0.0000000000
37071  23.627  -39.013  69.889 0.0000000000
44176  34.324  -32.515  70.742 0.0000000000
130098  34.392  -34.152  69.607 0.0000000000
40630  33.371  -36.432  68.488 0.0000000000
38861  31.224  -37.025  67.350 0.0000000000
38850  30.139  -37.825  67.640 0.0000000000
38877  29.074  -37.325  65.947 0.0000000000
38016  27.099  -38.404  65.213 0.0000000000
38018  25.562  -37.886  65.486 0.0000000000
65904  49.272  -7.546  48.355 0.0000000000
65908  47.795  -7.501  47.221 0.0000000000
65909  47.183  -7.904  46.687 0.0000000000
65086  45.192  -8.906  46.650 0.0000000000
65093  45.652  -8.516  46.097 0.0000000000
65925  46.572  -7.607  45.001 0.0000000000
124236  21.905  -37.207  64.654 0.0000000000
38908  20.273  -37.230  64.271 0.0000000000
38909  19.159  -37.445  63.696 0.0000000000
37992  20.463  -37.608  67.209 0.0000000000
38878  19.079  -37.384  65.709 0.0000000000
38893  18.195  -37.391  64.100 0.0000000000
38895  16.457  -38.171  64.652 0.0000000000
38025  15.507  -39.687  64.779 0.0000000000
37934  18.416  -38.267  70.491 0.0000000000
38832  17.211  -37.938  69.567 0.0000000000
38820  16.408  -38.033  70.226 0.0000000000
108613  16.564  -38.083  68.763 0.0000000000
37980  15.225  -38.714  67.418 0.0000000000
37021  9.777  -39.904  75.816 0.0000000000
57182  40.619  -17.024  54.826 0.0000000000
56170  36.517  -19.032  56.518 0.0000000000
55222  35.572  -20.405  56.980 0.0000000000
53275  35.798  -22.608  56.932 0.0000000000
53281  36.459  -23.320  56.315 0.0000000000
53263  37.943  -22.854  58.035 0.0000000000
52227  37.395  -23.545  56.556 0.0000000000
52246  37.610  -24.282  55.311 0.0000000000
50440  38.196  -25.278  54.835 0.0000000000
49579  38.451  -26.536  55.425 0.0000000000
47720  36.914  -27.500  55.760 0.0000000000
48603  38.433  -27.518  57.448 0.0000000000
47707  37.142  -27.549  56.416 0.0000000000
47708  36.455  -27.572  56.037 0.0000000000
47710  34.726  -27.391  55.523 0.0000000000
47711  33.733  -27.345  55.441 0.0000000000
49484  37.501  -26.141  64.570 0.0000000000
45047  33.993  -30.481  69.161 0.0000000000
46742  34.819  -29.337  68.536 0.0000000000
126218  34.712  -28.971  67.922 0.0000000000
45939  32.610  -30.256  66.410 0.0000000000
46767  34.008  -29.335  66.975 0.0000000000
47612  34.588  -27.475  66.845 0.0000000000
120203  35.013  -26.934  65.834 0.0000000000
48505  35.889  -26.177  64.441 0.0000000000
48519  37.195  -26.303  63.168 0.0000000000
112104  36.135  -26.392  62.510 0.0000000000
48550  35.371  -26.382  61.479 0.0000000000
125111  34.467  -26.253  60.618 0.0000000000
47652  31.898  -27.936  61.671 0.0000000000
48553  32.452  -27.301  61.209 0.0000000000
48580  33.174  -26.528  59.159 0.0000000000
48594  32.158  -26.900  58.782 0.0000000000
57184  39.150  -17.677  53.574 0.0000000000
56209  38.112  -18.214  52.362 0.0000000000
56222  37.212  -18.421  51.034 0.0000000000
55260  35.591  -19.145  52.371 0.0000000000
109497  35.723  -19.091  51.307 0.0000000000
109451  35.910  -19.210  49.626 0.0000000000
69579  53.232  -3.467  39.964 0.0000000000
125291  42.066  -15.990  53.758 0.0000000000
58117  41.820  -17.050  53.013 0.0000000000
58105  41.818  -16.835  53.813 0.0000000000
38948  22.878  -37.341  62.514 0.0000000000
115370  22.073  -37.409  62.063 0.0000000000
129389  22.619  -37.260  62.813 0.0000000000
38058  24.337  -37.040  64.057 0.0000000000
38925  24.587  -36.875  63.318 0.0000000000
38926  23.732  -37.033  63.195 0.0000000000
61642  41.493  -12.715  47.294 0.0000000000
61643  40.723  -13.078  46.549 0.0000000000
60820  40.925  -13.476  47.821 0.0000000000
61632  42.815  -12.658  48.200 0.0000000000
126063  42.270  -12.511  47.680 0.0000000000
38778  13.494  -38.140  74.139 0.0000000000
37892  12.362  -39.441  73.182 0.0000000000
127448  12.027  -39.276  74.587 0.0000000000
49516  39.386  -25.928  62.376 0.0000000000
48532  38.161  -26.402  62.135 0.0000000000
121400  36.112  -30.470  70.543 0.0000000000
45040  34.870  -30.441  70.168 0.0000000000
41581  29.507  -35.385  59.828 0.0000000000
41580  29.695  -34.596  60.244 0.0000000000
42521  30.024  -34.909  59.418 0.0000000000
52237  36.217  -23.495  55.430 0.0000000000
52248  35.841  -23.691  54.645 0.0000000000
69554  53.654  -3.854  43.134 0.0000000000
59025  42.581  -15.536  50.141 0.0000000000
58143  41.821  -15.805  50.166 0.0000000000
56239  38.255  -18.302  49.664 0.0000000000
56255  36.857  -18.553  48.535 0.0000000000
59018  42.876  -15.615  50.428 0.0000000000
59017  43.344  -15.532  50.744 0.0000000000
59024  43.133  -15.416  50.238 0.0000000000
38931  18.563  -38.280  62.389 0.0000000000
37206  18.851  -39.762  61.749 0.0000000000
38061  18.271  -39.214  62.121 0.0000000000
38062  17.481  -39.741  62.489 0.0000000000
39767  31.298  -37.461  65.508 0.0000000000
39766  32.035  -37.200  65.890 0.0000000000
38887  30.658  -37.725  65.226 0.0000000000
39825  25.942  -35.377  61.524 0.0000000000
39824  26.946  -35.121  61.194 0.0000000000
40694  27.415  -35.381  60.230 0.0000000000
40695  26.374  -35.348  60.329 0.0000000000
40706  25.906  -35.882  59.341 0.0000000000
40707  25.155  -36.191  59.427 0.0000000000
112670  36.477  -27.532  54.769 0.0000000000
68699  48.989  -4.566  42.255 0.0000000000
110003  25.997  -40.193  65.933 0.0000000000
37150  25.054  -39.993  65.445 0.0000000000
37130  26.049  -40.388  67.018 0.0000000000
37148  26.933  -40.054  65.885 0.0000000000
64232  47.286  -8.531  49.016 0.0000000000
124324  45.756  -8.846  47.977 0.0000000000
37116  22.553  -38.019  67.596 0.0000000000
37990  21.818  -37.655  67.500 0.0000000000
38841  18.169  -37.881  68.145 0.0000000000
38842  16.971  -38.052  68.074 0.0000000000
38793  17.155  -37.535  73.560 0.0000000000
37951  13.380  -39.936  68.953 0.0000000000
50386  40.239  -24.991  58.728 0.0000000000
51256  39.703  -24.419  59.093 0.0000000000
51265  39.979  -24.501  58.099 0.0000000000
51266  39.516  -24.225  57.565 0.0000000000
50409  39.438  -25.655  56.589 0.0000000000
50398  39.744  -25.765  57.260 0.0000000000
48578  35.363  -27.047  59.096 0.0000000000
48592  34.433  -27.005  57.992 0.0000000000
48579  34.469  -26.389  58.907 0.0000000000
43361  33.171  -32.840  65.679 0.0000000000
46806  31.613  -29.322  63.825 0.0000000000
46794  32.783  -29.115  64.962 0.0000000000
47633  33.589  -27.352  64.534 0.0000000000
47635  32.249  -28.325  63.288 0.0000000000
56190  36.834  -18.609  54.478 0.0000000000
58129  42.214  -16.330  51.534 0.0000000000
57202  40.370  -17.470  52.360 0.0000000000
57215  40.331  -17.442  51.311 0.0000000000
56230  39.079  -17.809  50.268 0.0000000000
56220  38.835  -18.103  51.073 0.0000000000
59889  44.387  -14.633  54.178 0.0000000000
58102  42.940  -15.651  52.688 0.0000000000
58114  43.015  -15.740  51.818 0.0000000000
38928  21.357  -37.299  62.529 0.0000000000
38950  20.487  -37.969  61.427 0.0000000000
38037  26.838  -37.675  64.783 0.0000000000
38905  27.173  -37.083  64.457 0.0000000000
38906  26.461  -36.956  64.397 0.0000000000
38946  25.283  -36.481  62.592 0.0000000000
39811  25.460  -36.078  62.164 0.0000000000
39812  24.894  -36.581  61.790 0.0000000000
39827  24.501  -36.763  60.696 0.0000000000
38964  24.082  -37.176  61.337 0.0000000000
38966  22.365  -37.755  60.615 0.0000000000
60800  44.554  -12.993  49.569 0.0000000000
61623  44.377  -12.417  49.188 0.0000000000
62431  43.809  -11.894  48.222 0.0000000000
62424  44.487  -11.770  48.803 0.0000000000
62430  44.277  -11.529  48.408 0.0000000000
63403  44.501  -10.708  48.359 0.0000000000
63413  42.380  -11.285  47.008 0.0000000000
126109  42.992  -10.834  47.354 0.0000000000
121655  41.879  -10.865  45.995 0.0000000000
37945  22.137  -37.326  69.061 0.0000000000
125999  21.683  -37.168  69.507 0.0000000000
119102  20.883  -37.154  69.560 0.0000000000
114685  19.950  -37.521  69.597 0.0000000000
109901  19.356  -37.873  69.089 0.0000000000
109796  18.985  -38.070  69.739 0.0000000000
124458  15.352  -37.340  74.203 0.0000000000
129036  15.424  -37.429  73.577 0.0000000000
37891  13.040  -38.915  72.903 0.0000000000
124372  13.700  -38.371  72.618 0.0000000000
123760  13.367  -38.887  71.451 0.0000000000
37919  12.709  -39.362  71.515 0.0000000000
37056  12.471  -39.935  70.904 0.0000000000
120305  10.689  -40.185  74.398 0.0000000000
37024  10.586  -39.777  75.099 0.0000000000
49532  40.076  -26.089  60.670 0.0000000000
49523  39.915  -25.420  61.228 0.0000000000
49538  40.238  -25.183  59.627 0.0000000000
49539  40.234  -26.103  59.846 0.0000000000
48573  39.860  -26.822  59.334 0.0000000000
114053  37.895  -26.611  60.987 0.0000000000
129646  38.114  -26.472  60.278 0.0000000000
48577  36.486  -26.702  59.577 0.0000000000
48564  36.206  -26.571  60.680 0.0000000000
42487  31.188  -34.813  62.459 0.0000000000
118374  31.383  -34.226  62.943 0.0000000000
120280  30.221  -33.084  62.716 0.0000000000
117958  30.667  -33.153  63.359 0.0000000000
44270  30.532  -32.222  63.362 0.0000000000
45113  30.738  -31.278  63.546 0.0000000000
45126  30.460  -31.226  63.010 0.0000000000
45983  30.448  -30.282  62.729 0.0000000000
44285  29.608  -31.929  61.897 0.0000000000
44314  29.897  -32.352  60.068 0.0000000000
55228  35.135  -20.592  55.793 0.0000000000
55236  34.726  -20.664  55.193 0.0000000000
54301  34.305  -21.473  55.162 0.0000000000
52258  34.407  -23.629  53.583 0.0000000000
53305  34.100  -22.700  54.030 0.0000000000
52259  33.818  -22.953  53.092 0.0000000000
109328  54.616  -3.532  41.559 0.0000000000
69570  55.247  -3.343  40.935 0.0000000000
69577  55.037  -3.146  39.953 0.0000000000
69578  54.065  -3.415  39.600 0.0000000000
60812  40.883  -14.365  48.669 0.0000000000
59960  41.018  -14.887  49.235 0.0000000000
58175  40.311  -15.969  49.156 0.0000000000
59056  40.608  -15.525  49.145 0.0000000000
118773  39.790  -15.811  48.505 0.0000000000
57233  40.549  -16.771  49.973 0.0000000000
57250  37.948  -17.766  48.868 0.0000000000
57267  38.134  -17.253  48.611 0.0000000000
58178  37.854  -17.298  47.373 0.0000000000
59893  44.185  -14.468  53.191 0.0000000000
59896  44.834  -14.205  52.728 0.0000000000
59912  44.197  -14.876  50.757 0.0000000000
59911  45.026  -14.370  51.184 0.0000000000
60773  45.445  -13.699  50.917 0.0000000000
60785  44.784  -13.501  50.150 0.0000000000
129108  44.188  -14.190  50.044 0.0000000000
123398  42.882  -15.173  49.856 0.0000000000
59945  42.718  -14.670  49.650 0.0000000000
42443  34.276  -34.325  68.591 0.0000000000
42442  34.231  -33.320  68.522 0.0000000000
130509  34.220  -34.795  68.137 0.0000000000
113318  33.476  -35.669  66.201 0.0000000000
41520  33.338  -35.482  65.498 0.0000000000
42465  33.319  -34.561  65.291 0.0000000000
41532  32.572  -35.779  64.208 0.0000000000
39785  28.471  -36.375  63.938 0.0000000000
39784  29.261  -36.199  64.144 0.0000000000
39807  29.038  -35.883  62.221 0.0000000000
39793  30.028  -35.564  63.269 0.0000000000
40674  30.228  -35.540  62.630 0.0000000000
40672  31.442  -35.734  63.207 0.0000000000
41551  31.052  -35.379  62.554 0.0000000000
40681  30.002  -35.666  61.679 0.0000000000
40692  29.174  -35.926  60.465 0.0000000000
40703  29.405  -36.074  59.460 0.0000000000
39851  23.518  -37.667  58.693 0.0000000000
39850  24.211  -37.089  58.615 0.0000000000
38993  23.295  -38.418  58.408 0.0000000000
65903  50.063  -7.086  48.566 0.0000000000
66817  50.024  -5.977  47.917 0.0000000000
67752  49.597  -5.497  47.127 0.0000000000
67751  50.428  -5.291  47.434 0.0000000000
67756  49.290  -5.026  46.076 0.0000000000
112488  47.734  -5.940  43.999 0.0000000000
66830  47.667  -6.155  44.898 0.0000000000
67766  49.390  -4.862  44.131 0.0000000000
68680  50.006  -4.572  45.325 0.0000000000
68687  50.949  -4.655  44.648 0.0000000000
68697  50.864  -4.356  43.014 0.0000000000
69565  51.480  -3.993  42.238 0.0000000000
38019  24.587  -37.715  65.413 0.0000000000
38020  23.829  -38.239  64.893 0.0000000000
37170  24.143  -38.637  65.451 0.0000000000
117721  24.345  -39.594  66.083 0.0000000000
37151  23.920  -38.975  65.520 0.0000000000
119000  23.724  -38.986  66.206 0.0000000000
37133  23.353  -38.774  66.842 0.0000000000
37114  23.267  -39.410  67.628 0.0000000000
108784  25.417  -40.425  68.439 0.0000000000
108785  24.004  -40.179  69.110 0.0000000000
123833  23.227  -39.351  68.331 0.0000000000
37098  23.363  -39.705  68.963 0.0000000000
37086  23.353  -38.842  69.339 0.0000000000
39750  32.126  -37.074  67.701 0.0000000000
37989  28.514  -38.466  67.358 0.0000000000
38001  28.228  -38.042  66.597 0.0000000000
38000  29.339  -37.642  66.739 0.0000000000
38015  27.586  -38.247  65.394 0.0000000000
37168  25.877  -38.844  65.517 0.0000000000
121075  24.673  -37.176  64.693 0.0000000000
59970  40.057  -14.587  47.747 0.0000000000
65083  47.465  -8.107  47.480 0.0000000000
65905  48.205  -7.799  47.880 0.0000000000
64240  44.652  -9.362  47.363 0.0000000000
127152  45.277  -9.060  47.391 0.0000000000
64248  44.506  -9.159  46.430 0.0000000000
65094  45.001  -8.717  45.722 0.0000000000
65109  44.683  -8.513  44.654 0.0000000000
65915  45.654  -8.167  45.087 0.0000000000
112887  22.468  -37.805  64.742 0.0000000000
38023  21.348  -37.030  64.902 0.0000000000
38892  19.424  -37.366  64.837 0.0000000000
38879  18.443  -37.332  64.984 0.0000000000
39768  17.705  -37.368  64.777 0.0000000000
38894  17.205  -37.709  64.277 0.0000000000
38880  17.002  -37.540  65.082 0.0000000000
38869  15.615  -38.524  65.982 0.0000000000
38007  15.777  -38.724  65.111 0.0000000000
38008  15.197  -39.354  65.610 0.0000000000
37907  17.819  -38.361  72.005 0.0000000000
124245  18.073  -38.093  69.909 0.0000000000
38819  17.381  -38.102  70.418 0.0000000000
117567  15.923  -38.015  71.562 0.0000000000
38821  15.425  -38.256  70.000 0.0000000000
38833  16.054  -38.115  69.414 0.0000000000
108347  15.638  -38.278  68.722 0.0000000000
38843  15.839  -38.273  67.999 0.0000000000
37966  14.873  -38.798  68.250 0.0000000000
37866  10.320  -39.107  76.383 0.0000000000
37862  9.471  -39.113  76.251 0.0000000000
37016  9.527  -39.489  76.159 0.0000000000
57166  38.272  -17.920  56.600 0.0000000000
55221  36.043  -19.625  57.470 0.0000000000
56171  35.930  -19.638  56.581 0.0000000000
54282  36.136  -22.173  57.572 0.0000000000
53274  36.799  -22.963  57.065 0.0000000000
53262  38.728  -23.096  58.362 0.0000000000
52234  38.616  -24.192  56.562 0.0000000000
52226  38.231  -23.729  56.851 0.0000000000
52235  38.014  -24.100  56.055 0.0000000000
51290  38.194  -24.743  55.377 0.0000000000
49578  39.011  -26.692  55.919 0.0000000000
48624  38.372  -27.207  55.826 0.0000000000
48640  37.989  -27.047  55.160 0.0000000000
47719  37.737  -27.604  56.171 0.0000000000
48590  38.435  -27.364  58.276 0.0000000000
47698  36.495  -27.376  57.136 0.0000000000
47697  37.165  -27.429  57.008 0.0000000000
113039  36.713  -27.471  56.583 0.0000000000
126314  36.296  -27.502  56.531 0.0000000000
47709  35.735  -27.485  55.990 0.0000000000
47700  35.243  -27.256  56.525 0.0000000000
109241  33.607  -26.773  57.412 0.0000000000
48604  33.607  -26.977  56.410 0.0000000000
123476  32.829  -27.229  55.698 0.0000000000
128488  32.209  -27.191  55.956 0.0000000000
44207  33.675  -31.998  68.724 0.0000000000
45062  33.316  -31.281  68.852 0.0000000000
45078  33.239  -30.885  67.577 0.0000000000
45908  33.764  -30.352  68.037 0.0000000000
115980  34.234  -29.575  67.856 0.0000000000
44246  32.239  -32.108  64.900 0.0000000000
45100  31.970  -31.341  65.538 0.0000000000
46793  33.214  -28.738  65.371 0.0000000000
46781  33.659  -28.821  66.139 0.0000000000
47601  34.203  -28.434  66.879 0.0000000000
47599  35.376  -26.881  66.709 0.0000000000
108641  34.326  -26.663  64.323 0.0000000000
48506  34.986  -26.431  64.864 0.0000000000
116153  35.173  -26.239  63.951 0.0000000000
48504  36.840  -26.124  64.039 0.0000000000
48520  36.207  -26.269  63.404 0.0000000000
48521  35.299  -26.342  63.091 0.0000000000
48551  33.609  -26.880  62.023 0.0000000000
108772  34.447  -26.520  62.165 0.0000000000
108771  34.457  -26.423  61.399 0.0000000000
108556  33.502  -26.701  61.095 0.0000000000
46811  30.790  -29.243  62.250 0.0000000000
47645  31.467  -28.477  62.124 0.0000000000
47661  31.128  -27.757  60.476 0.0000000000
47660  31.731  -27.722  61.057 0.0000000000
48568  31.963  -27.286  60.465 0.0000000000
48567  32.849  -26.819  60.293 0.0000000000
108564  32.205  -27.003  59.675 0.0000000000
121531  31.557  -27.138  59.296 0.0000000000
57183  39.652  -17.326  54.331 0.0000000000
112336  40.488  -17.227  53.979 0.0000000000
56210  37.233  -18.294  52.612 0.0000000000
122248  37.665  -18.312  51.706 0.0000000000
129424  36.459  -18.607  51.166 0.0000000000
55244  34.948  -20.153  53.777 0.0000000000
122768  35.578  -19.398  53.351 0.0000000000
55253  35.006  -20.044  52.816 0.0000000000
55271  34.746  -20.232  50.344 0.0000000000
125677  35.035  -19.834  51.030 0.0000000000
55270  35.496  -19.513  50.375 0.0000000000
108895  35.172  -20.078  49.536 0.0000000000
110759  58.070  -2.855  39.915 0.0000000000
109103  58.830  -2.469  39.928 0.0000000000
122007  52.899  -3.501  40.805 0.0000000000
69580  52.281  -3.662  40.061 0.0000000000
58116  42.043  -16.688  52.321 0.0000000000
112988  41.354  -17.166  52.384 0.0000000000
58103  42.484  -15.781  53.258 0.0000000000
62444  42.781  -12.036  47.633 0.0000000000
117705  22.082  -37.711  70.407 0.0000000000
37931  21.438  -37.428  70.058 0.0000000000
37914  21.175  -37.739  70.766 0.0000000000
37909  12.481  -39.437  72.333 0.0000000000
37031  11.606  -39.914  73.404 0.0000000000
49515  39.966  -25.771  62.094 0.0000000000
49525  39.417  -26.092  61.588 0.0000000000
48545  39.554  -26.443  60.887 0.0000000000
48561  39.251  -27.080  60.436 0.0000000000
48546  39.007  -26.638  61.132 0.0000000000
48534  36.923  -26.592  62.064 0.0000000000
124974  30.369  -35.041  61.417 0.0000000000
42488  30.948  -34.247  62.104 0.0000000000
42507  30.280  -34.533  61.047 0.0000000000
108450  30.611  -34.170  61.345 0.0000000000
43399  30.272  -33.756  61.188 0.0000000000
44300  29.859  -32.956  61.744 0.0000000000
43412  30.340  -34.083  59.292 0.0000000000
53283  34.636  -22.290  55.820 0.0000000000
52249  34.766  -23.375  54.527 0.0000000000
114443  53.148  -3.975  44.864 0.0000000000
69571  53.767  -3.457  41.065 0.0000000000
59040  41.756  -15.607  49.882 0.0000000000
59041  40.975  -15.822  49.514 0.0000000000
58156  40.985  -16.124  49.636 0.0000000000
57234  39.301  -17.244  49.757 0.0000000000
57235  38.922  -17.556  49.651 0.0000000000
56253  38.525  -17.945  49.457 0.0000000000
56272  37.201  -18.165  48.116 0.0000000000
59009  43.769  -15.135  51.856 0.0000000000
59923  43.869  -14.781  50.279 0.0000000000
59924  43.408  -15.106  50.082 0.0000000000
59038  43.067  -15.226  49.765 0.0000000000
38075  19.432  -39.345  61.352 0.0000000000
122842  16.821  -39.845  62.965 0.0000000000
38045  16.445  -39.491  63.523 0.0000000000
41497  33.807  -35.905  67.385 0.0000000000
40643  32.663  -36.708  66.314 0.0000000000
40651  32.568  -36.679  65.411 0.0000000000
39774  31.960  -37.188  64.990 0.0000000000
39795  28.324  -35.843  63.191 0.0000000000
39822  28.840  -35.949  61.283 0.0000000000
40682  29.607  -35.934  61.425 0.0000000000
40717  27.318  -36.154  58.277 0.0000000000
40718  26.241  -36.100  58.353 0.0000000000
40719  25.382  -36.210  58.475 0.0000000000
65907  48.617  -7.248  47.698 0.0000000000
66819  48.725  -6.380  47.305 0.0000000000
110968  48.362  -5.877  46.336 0.0000000000
67768  48.039  -5.513  43.482 0.0000000000
68693  50.147  -4.642  43.600 0.0000000000
68698  49.913  -4.347  42.728 0.0000000000
37112  24.547  -40.227  66.996 0.0000000000
37147  27.596  -39.724  66.151 0.0000000000
38003  27.274  -39.101  65.675 0.0000000000
37149  26.249  -39.924  65.348 0.0000000000
37153  22.667  -37.822  66.048 0.0000000000
38022  22.244  -37.428  65.367 0.0000000000
38005  22.189  -37.361  66.135 0.0000000000
38864  20.847  -37.203  66.390 0.0000000000
37979  19.193  -38.002  67.963 0.0000000000
38851  19.499  -37.708  67.283 0.0000000000
38852  18.455  -37.752  67.336 0.0000000000
38867  17.672  -37.714  66.552 0.0000000000
111175  17.013  -37.657  65.838 0.0000000000
38868  16.494  -38.023  66.485 0.0000000000
38855  15.642  -38.425  66.859 0.0000000000
38801  16.791  -38.060  72.017 0.0000000000
38811  13.979  -38.623  71.055 0.0000000000
38822  14.520  -38.736  69.765 0.0000000000
37950  14.194  -39.076  68.954 0.0000000000
55212  36.252  -20.442  58.411 0.0000000000
54261  36.618  -21.301  58.906 0.0000000000
51247  39.446  -24.476  59.931 0.0000000000
52216  39.181  -23.641  57.942 0.0000000000
51276  39.184  -24.523  56.751 0.0000000000
50426  38.632  -25.299  55.576 0.0000000000
50425  39.192  -25.195  56.280 0.0000000000
47670  36.983  -27.032  58.450 0.0000000000
47682  36.443  -27.247  58.132 0.0000000000
127044  36.018  -27.406  57.606 0.0000000000
47684  35.343  -27.253  57.543 0.0000000000
43346  33.602  -32.494  67.450 0.0000000000
44208  33.430  -31.891  68.238 0.0000000000
44237  33.350  -32.104  66.953 0.0000000000
122152  33.077  -31.478  66.944 0.0000000000
45089  32.963  -30.621  66.945 0.0000000000
45954  31.899  -30.434  65.183 0.0000000000
130530  32.325  -29.736  65.339 0.0000000000
47623  33.549  -27.935  65.384 0.0000000000
48522  33.881  -26.917  63.667 0.0000000000
109038  34.455  -26.522  62.927 0.0000000000
45994  29.636  -30.154  60.819 0.0000000000
46823  30.111  -29.185  60.374 0.0000000000
47662  30.367  -28.258  60.004 0.0000000000
47673  30.029  -28.128  59.125 0.0000000000
48581  30.417  -27.596  58.625 0.0000000000
46838  29.375  -28.816  58.684 0.0000000000
57185  38.202  -17.846  54.687 0.0000000000
129080  38.831  -17.564  54.259 0.0000000000
56189  37.605  -18.169  54.172 0.0000000000
56199  36.972  -18.405  53.571 0.0000000000
56211  36.269  -18.651  52.965 0.0000000000
54322  33.764  -21.308  51.783 0.0000000000
55254  34.251  -20.515  52.311 0.0000000000
54328  33.841  -21.409  50.773 0.0000000000
70391  55.973  -3.117  40.037 0.0000000000
70390  56.849  -3.175  40.355 0.0000000000
118159  42.674  -15.956  51.180 0.0000000000
58144  41.718  -15.938  50.176 0.0000000000
116947  41.923  -15.919  50.299 0.0000000000
57225  40.247  -16.963  50.041 0.0000000000
57201  41.573  -16.880  51.578 0.0000000000
111476  40.331  -17.122  50.447 0.0000000000
56229  39.724  -17.214  50.139 0.0000000000
59000  43.711  -14.908  52.748 0.0000000000
58993  43.432  -15.212  53.269 0.0000000000
58127  43.078  -15.730  51.054 0.0000000000
37217  20.588  -39.751  60.689 0.0000000000
38074  20.030  -38.927  60.937 0.0000000000
38889  28.914  -37.269  65.203 0.0000000000
38904  27.885  -37.056  64.502 0.0000000000
38923  26.033  -36.438  63.782 0.0000000000
39797  26.411  -35.879  63.269 0.0000000000
39810  25.996  -35.670  62.559 0.0000000000
39838  24.901  -36.269  60.262 0.0000000000
38965  23.011  -37.416  60.335 0.0000000000
66831  47.241  -7.022  44.867 0.0000000000
111881  26.672  -40.383  67.508 0.0000000000
108670  26.904  -40.420  68.236 0.0000000000
62423  45.052  -11.565  49.162 0.0000000000
114638  45.531  -10.249  49.143 0.0000000000
63411  44.050  -10.156  48.063 0.0000000000
63418  43.035  -9.851  47.101 0.0000000000
64250  42.799  -9.682  45.856 0.0000000000
111376  22.542  -37.966  68.203 0.0000000000
37976  21.786  -37.596  68.120 0.0000000000
37962  20.879  -37.351  68.302 0.0000000000
37963  19.837  -37.642  68.465 0.0000000000
112121  18.509  -38.046  68.810 0.0000000000
125361  15.789  -37.490  73.138 0.0000000000
38803  14.581  -38.043  72.428 0.0000000000
37073  12.784  -39.896  70.320 0.0000000000
50371  39.847  -24.892  61.018 0.0000000000
50377  39.743  -24.682  60.353 0.0000000000
49554  40.011  -25.861  58.114 0.0000000000
49547  39.665  -26.661  58.483 0.0000000000
48589  39.202  -27.241  58.817 0.0000000000
48575  38.466  -27.164  59.148 0.0000000000
111018  38.610  -27.084  59.978 0.0000000000
48576  37.868  -26.639  59.540 0.0000000000
42480  32.498  -34.337  63.887 0.0000000000
43370  32.763  -32.799  64.925 0.0000000000
43381  31.917  -33.128  63.927 0.0000000000
44255  31.631  -32.267  64.369 0.0000000000
43388  30.755  -33.777  62.797 0.0000000000
44269  31.072  -32.811  63.934 0.0000000000
45112  30.975  -31.313  64.351 0.0000000000
45967  31.351  -30.325  64.629 0.0000000000
45968  30.945  -30.371  63.774 0.0000000000
46807  31.053  -29.739  63.066 0.0000000000
45984  29.991  -30.126  61.912 0.0000000000
44301  29.764  -32.160  61.023 0.0000000000
45139  29.591  -31.119  61.462 0.0000000000
56181  36.183  -19.347  55.755 0.0000000000
56191  36.174  -19.235  54.786 0.0000000000
55235  35.526  -20.030  55.193 0.0000000000
122425  34.992  -20.278  54.559 0.0000000000
125513  34.021  -21.248  53.638 0.0000000000
53294  34.053  -21.727  54.279 0.0000000000
54312  33.850  -21.289  52.816 0.0000000000
53318  33.581  -22.290  52.322 0.0000000000
112597  55.607  -3.390  41.614 0.0000000000
69576  56.179  -3.305  40.960 0.0000000000
60811  41.503  -13.638  48.920 0.0000000000
59962  39.979  -15.248  48.199 0.0000000000
58145  41.123  -16.359  50.005 0.0000000000
58157  39.964  -16.636  49.565 0.0000000000
57248  39.495  -17.054  49.698 0.0000000000
58158  39.068  -16.807  49.142 0.0000000000
59904  45.074  -14.315  51.973 0.0000000000
60762  45.583  -13.783  52.402 0.0000000000
117238  44.032  -13.309  49.463 0.0000000000
59943  43.632  -14.655  49.934 0.0000000000
60801  43.684  -14.009  49.637 0.0000000000
60810  42.487  -13.509  49.191 0.0000000000
44184  33.930  -31.887  70.075 0.0000000000
45041  33.929  -30.747  69.823 0.0000000000
43328  34.042  -32.413  68.803 0.0000000000
123224  34.051  -33.317  67.631 0.0000000000
41509  33.791  -35.468  66.823 0.0000000000
123108  34.075  -33.959  67.110 0.0000000000
116858  33.758  -33.356  66.844 0.0000000000
42464  33.475  -33.743  66.011 0.0000000000
42472  33.011  -34.403  64.468 0.0000000000
38902  29.572  -36.951  64.646 0.0000000000
39776  30.449  -37.265  64.600 0.0000000000
39782  30.890  -36.985  63.930 0.0000000000
39794  29.203  -35.704  63.238 0.0000000000
40666  31.059  -36.100  63.834 0.0000000000
40665  31.944  -36.227  63.779 0.0000000000
41542  32.170  -35.471  63.462 0.0000000000
42481  32.101  -34.716  63.192 0.0000000000
41562  30.658  -35.157  61.879 0.0000000000
40690  30.094  -35.484  61.403 0.0000000000
41572  29.787  -35.525  60.804 0.0000000000
40702  29.359  -35.322  60.126 0.0000000000
40715  30.057  -36.122  58.933 0.0000000000
40708  24.766  -36.457  58.737 0.0000000000
39865  24.580  -37.467  57.789 0.0000000000
68675  51.036  -4.680  46.725 0.0000000000
67757  48.774  -5.390  45.666 0.0000000000
67762  48.789  -5.273  44.686 0.0000000000
68678  51.584  -4.263  45.906 0.0000000000
68691  51.752  -4.525  44.109 0.0000000000
127214  52.347  -4.212  43.729 0.0000000000
69555  52.805  -3.986  43.112 0.0000000000
38059  23.770  -37.175  64.054 0.0000000000
38041  23.497  -37.684  64.354 0.0000000000
112128  23.138  -38.237  64.678 0.0000000000
37134  22.868  -38.181  66.800 0.0000000000
109924  25.375  -40.419  67.451 0.0000000000
108786  24.887  -40.234  69.246 0.0000000000
108783  24.488  -40.331  68.427 0.0000000000
37113  24.017  -40.216  67.625 0.0000000000
37115  23.028  -38.595  68.052 0.0000000000
37087  22.760  -37.968  69.210 0.0000000000
37072  22.970  -38.114  69.869 0.0000000000
129590  23.376  -38.389  70.183 0.0000000000
37055  22.861  -38.089  70.762 0.0000000000
45030  35.007  -30.935  70.780 0.0000000000
44175  34.354  -31.609  70.846 0.0000000000
43308  34.400  -33.036  69.972 0.0000000000
42428  34.417  -33.711  69.319 0.0000000000
108812  34.272  -34.539  69.223 0.0000000000
41473  34.043  -35.180  69.394 0.0000000000
40629  33.937  -35.916  68.104 0.0000000000
39757  32.778  -36.762  67.201 0.0000000000
39759  31.244  -37.276  66.394 0.0000000000
38875  30.670  -37.632  65.967 0.0000000000
38862  30.543  -37.431  66.922 0.0000000000
38876  30.162  -37.601  65.839 0.0000000000
38891  27.461  -37.728  64.867 0.0000000000
38017  26.367  -38.229  65.211 0.0000000000
38038  26.138  -37.431  64.782 0.0000000000
38039  25.338  -37.134  64.894 0.0000000000
60821  40.061  -13.828  46.813 0.0000000000
65076  48.703  -8.011  48.550 0.0000000000
127706  48.722  -7.666  48.093 0.0000000000
65913  47.420  -7.181  46.526 0.0000000000
65914  47.008  -7.383  45.850 0.0000000000
65085  45.862  -8.622  46.903 0.0000000000
65092  46.414  -8.082  46.120 0.0000000000
65926  45.902  -7.510  44.257 0.0000000000
38043  22.048  -37.185  63.945 0.0000000000
114802  21.030  -37.176  63.710 0.0000000000
116647  19.855  -37.404  63.173 0.0000000000
124477  19.015  -37.726  62.877 0.0000000000
38910  18.310  -37.812  63.101 0.0000000000
37991  21.205  -37.539  67.155 0.0000000000
125502  20.058  -37.248  65.767 0.0000000000
38865  19.844  -37.413  66.495 0.0000000000
38911  17.473  -38.059  63.418 0.0000000000
38912  16.726  -38.515  63.829 0.0000000000
38024  16.119  -39.073  64.309 0.0000000000
37172  15.988  -40.132  64.037 0.0000000000
115165  16.517  -37.596  72.949 0.0000000000
38809  16.613  -38.143  71.064 0.0000000000
38810  15.667  -38.093  70.826 0.0000000000
125029  15.716  -38.370  67.411 0.0000000000
119515  14.502  -39.365  67.417 0.0000000000
37869  11.180  -39.047  75.509 0.0000000000
37020  10.466  -39.427  75.750 0.0000000000
37025  10.150  -40.205  75.425 0.0000000000
58096  41.268  -16.320  54.673 0.0000000000
57176  38.176  -17.897  55.636 0.0000000000
56180  36.889  -18.801  55.799 0.0000000000
54284  35.130  -20.912  56.508 0.0000000000
54272  35.755  -20.957  57.765 0.0000000000
54283  35.474  -21.498  57.155 0.0000000000
54290  35.025  -21.961  56.567 0.0000000000
53282  35.366  -22.998  56.220 0.0000000000
52217  38.518  -23.394  57.563 0.0000000000
53273  37.747  -23.161  57.260 0.0000000000
52236  37.126  -23.788  55.721 0.0000000000
51298  37.615  -24.773  54.735 0.0000000000
121307  38.335  -25.889  55.133 0.0000000000
49597  37.778  -26.491  54.727 0.0000000000
48625  37.312  -27.284  55.419 0.0000000000
49555  39.535  -26.583  57.582 0.0000000000
48602  39.131  -27.198  57.073 0.0000000000
48612  38.437  -27.463  56.621 0.0000000000
47696  37.709  -27.450  57.670 0.0000000000
47706  37.766  -27.630  56.898 0.0000000000
47721  36.152  -27.626  55.012 0.0000000000
130468  35.820  -27.674  55.196 0.0000000000
112340  34.965  -27.871  54.839 0.0000000000
47722  33.963  -28.055  54.836 0.0000000000
126653  34.433  -27.097  56.147 0.0000000000
49503  37.677  -26.165  63.691 0.0000000000
45887  34.751  -30.227  69.595 0.0000000000
45892  35.243  -29.839  69.185 0.0000000000
117117  33.670  -30.580  68.605 0.0000000000
45907  34.334  -30.042  68.577 0.0000000000
46741  35.432  -29.061  68.953 0.0000000000
47592  35.282  -27.612  68.049 0.0000000000
44245  32.614  -32.045  65.606 0.0000000000
121502  32.353  -31.239  66.405 0.0000000000
45953  32.067  -30.337  65.890 0.0000000000
45938  33.307  -29.764  66.611 0.0000000000
46754  34.435  -28.961  67.408 0.0000000000
47600  34.615  -28.154  67.664 0.0000000000
126278  34.995  -27.301  67.439 0.0000000000
111955  35.644  -26.292  65.260 0.0000000000
49468  36.568  -26.134  65.122 0.0000000000
48518  37.951  -26.282  62.893 0.0000000000
124423  36.832  -26.429  62.693 0.0000000000
109216  36.191  -26.472  61.685 0.0000000000
48535  35.315  -26.407  62.267 0.0000000000
48565  35.332  -26.271  60.631 0.0000000000
47644  32.066  -28.104  62.414 0.0000000000
48537  32.413  -27.568  61.945 0.0000000000
47653  31.141  -28.400  61.392 0.0000000000
48566  33.928  -26.247  59.970 0.0000000000
48593  32.825  -26.619  58.061 0.0000000000
123943  31.962  -26.839  57.889 0.0000000000
48595  31.198  -27.161  58.457 0.0000000000
48606  31.303  -27.084  57.270 0.0000000000
115743  41.159  -17.063  54.122 0.0000000000
57192  40.000  -17.472  53.382 0.0000000000
57203  39.421  -17.799  52.698 0.0000000000
57204  38.647  -18.036  52.972 0.0000000000
57217  38.847  -18.120  52.071 0.0000000000
124152  38.332  -18.251  51.597 0.0000000000
56221  38.105  -18.405  50.956 0.0000000000
56232  37.669  -18.592  50.218 0.0000000000
55261  35.016  -19.910  51.849 0.0000000000
56233  36.430  -18.717  50.461 0.0000000000
118344  36.763  -18.661  49.790 0.0000000000
130355  53.876  -3.303  40.343 0.0000000000
37961  21.743  -37.332  68.516 0.0000000000
38014  28.120  -37.733  65.694 0.0000000000
38863  30.167  -37.655  66.702 0.0000000000
38921  27.656  -36.418  63.949 0.0000000000
39781  31.586  -36.861  64.227 0.0000000000
40636  33.368  -36.373  67.647 0.0000000000
40658  33.047  -36.076  64.935 0.0000000000
40673  30.731  -35.665  63.006 0.0000000000
41485  34.179  -35.187  68.574 0.0000000000
41508  34.022  -34.687  66.994 0.0000000000
41531  32.662  -34.995  63.939 0.0000000000
42456  33.815  -34.126  66.574 0.0000000000
43380  32.559  -33.581  64.303 0.0000000000
44225  33.307  -31.691  67.591 0.0000000000
47672  30.820  -27.497  59.462 0.0000000000
48533  37.484  -26.468  62.424 0.0000000000
48547  38.371  -26.577  61.409 0.0000000000
48591  35.075  -27.120  58.423 0.0000000000
56169  37.413  -18.442  56.292 0.0000000000
57193  38.380  -17.873  53.814 0.0000000000
57214  40.985  -17.081  50.927 0.0000000000
58128  42.738  -15.924  51.388 0.0000000000
116609  33.322  -36.203  66.762 0.0000000000
118121  34.543  -33.888  70.006 0.0000000000
120630  40.914  -16.841  50.264 0.0000000000
122887  37.132  -26.686  59.153 0.0000000000
127981  29.694  -35.698  63.763 0.0000000000
129505  45.212  -10.851  49.018 0.0000000000
130884  36.635  -27.044  58.852 0.0000000000
