#!ascii label  , from subject Paciente_3 vox2ras=TkReg
1789
113362  52.914  -24.032  50.123 0.0000000000
38065  44.721  -38.832  62.014 0.0000000000
31200  29.728  -47.367  62.286 0.0000000000
30380  24.175  -48.426  66.458 0.0000000000
33613  40.081  -44.317  68.942 0.0000000000
36382  34.623  -41.693  59.236 0.0000000000
111257  54.866  -27.813  48.982 0.0000000000
59066  54.717  -15.812  46.093 0.0000000000
109974  50.790  -24.571  57.160 0.0000000000
109830  44.854  -32.597  54.195 0.0000000000
39955  37.810  -37.148  51.703 0.0000000000
29547  32.050  -48.664  67.266 0.0000000000
110164  27.302  -49.140  64.028 0.0000000000
28777  29.424  -50.046  69.472 0.0000000000
32804  35.559  -45.442  65.624 0.0000000000
52190  53.929  -22.625  58.661 0.0000000000
40633  44.905  -37.310  67.056 0.0000000000
41539  47.796  -35.500  63.025 0.0000000000
114483  48.742  -32.206  59.590 0.0000000000
40731  44.639  -35.861  57.737 0.0000000000
41634  41.736  -36.182  52.222 0.0000000000
111427  41.317  -37.566  57.127 0.0000000000
33787  29.661  -44.017  55.848 0.0000000000
37281  31.428  -40.630  54.085 0.0000000000
55289  52.076  -20.374  48.145 0.0000000000
55344  50.133  -20.401  44.157 0.0000000000
31264  27.783  -46.543  56.934 0.0000000000
31241  24.729  -47.721  57.769 0.0000000000
118666  42.952  -41.127  65.796 0.0000000000
37197  39.899  -39.597  61.800 0.0000000000
34662  38.051  -43.261  63.963 0.0000000000
33707  32.773  -44.909  60.385 0.0000000000
51325  59.243  -24.908  51.633 0.0000000000
29501  27.032  -49.211  73.216 0.0000000000
31113  23.011  -47.133  70.654 0.0000000000
125799  53.150  -19.441  51.229 0.0000000000
53299  53.380  -22.196  53.962 0.0000000000
50418  57.236  -25.875  55.711 0.0000000000
48653  53.403  -27.741  53.603 0.0000000000
48675  48.809  -26.559  51.984 0.0000000000
48529  51.624  -27.300  62.005 0.0000000000
47715  47.886  -28.268  56.291 0.0000000000
46908  44.372  -29.005  49.870 0.0000000000
45274  40.621  -31.422  48.363 0.0000000000
39016  36.684  -38.110  56.535 0.0000000000
29531  33.360  -49.276  70.036 0.0000000000
29549  30.629  -49.837  67.686 0.0000000000
28766  32.329  -50.070  70.892 0.0000000000
31133  34.624  -47.261  69.046 0.0000000000
37140  46.271  -38.790  64.390 0.0000000000
39788  47.106  -37.512  62.726 0.0000000000
40699  46.982  -36.009  59.999 0.0000000000
39832  44.670  -37.209  59.480 0.0000000000
39868  43.209  -37.413  57.004 0.0000000000
38971  43.578  -38.408  59.146 0.0000000000
32939  28.465  -45.365  52.125 0.0000000000
33818  29.294  -43.913  52.276 0.0000000000
53343  50.854  -22.906  49.600 0.0000000000
52380  50.928  -23.321  46.589 0.0000000000
122788  53.762  -23.889  47.565 0.0000000000
31223  29.315  -47.076  59.714 0.0000000000
31266  25.973  -47.200  56.781 0.0000000000
31225  27.392  -47.509  59.728 0.0000000000
129674  25.423  -48.943  64.558 0.0000000000
109725  24.201  -48.146  62.001 0.0000000000
30412  23.326  -48.156  63.465 0.0000000000
30391  22.168  -47.926  65.409 0.0000000000
36275  42.835  -40.760  68.692 0.0000000000
34597  41.900  -42.874  67.852 0.0000000000
35517  40.189  -42.209  64.846 0.0000000000
33664  39.090  -43.815  65.834 0.0000000000
31192  32.163  -46.723  63.892 0.0000000000
32004  33.600  -45.194  63.009 0.0000000000
32017  31.457  -46.315  61.577 0.0000000000
125374  29.921  -46.024  58.790 0.0000000000
48715  57.461  -27.216  50.534 0.0000000000
49657  58.435  -25.794  48.456 0.0000000000
49659  56.894  -26.782  47.376 0.0000000000
31917  21.359  -45.927  73.072 0.0000000000
52241  55.022  -23.803  55.572 0.0000000000
53277  55.097  -23.102  56.616 0.0000000000
122362  53.242  -23.941  58.365 0.0000000000
49550  54.619  -25.561  57.117 0.0000000000
50419  52.163  -25.548  55.968 0.0000000000
48656  51.009  -26.903  53.101 0.0000000000
49573  49.738  -25.805  55.134 0.0000000000
44348  46.709  -32.452  55.952 0.0000000000
46016  48.833  -30.843  57.087 0.0000000000
46045  47.192  -30.668  54.523 0.0000000000
46888  46.044  -29.385  53.142 0.0000000000
46075  44.677  -30.710  51.585 0.0000000000
46090  42.322  -29.970  49.188 0.0000000000
44391  43.190  -32.120  51.526 0.0000000000
41669  39.376  -35.203  49.752 0.0000000000
37210  37.512  -40.583  60.474 0.0000000000
38092  38.222  -38.720  59.052 0.0000000000
37242  36.318  -40.002  57.950 0.0000000000
124373  32.639  -39.702  53.237 0.0000000000
122073  55.782  -13.219  43.461 0.0000000000
59983  53.808  -15.082  44.637 0.0000000000
30397  30.788  -47.719  64.630 0.0000000000
30418  28.534  -47.961  62.709 0.0000000000
29567  29.474  -49.164  65.781 0.0000000000
28799  27.769  -50.077  66.629 0.0000000000
28795  26.898  -50.039  67.570 0.0000000000
32764  37.743  -44.293  69.333 0.0000000000
129628  37.834  -44.350  67.209 0.0000000000
31955  35.858  -45.485  68.025 0.0000000000
31162  33.620  -47.452  66.452 0.0000000000
55200  54.399  -21.302  58.171 0.0000000000
52184  51.412  -23.304  60.685 0.0000000000
112837  49.277  -34.140  61.311 0.0000000000
42524  47.065  -34.303  58.920 0.0000000000
42546  44.837  -34.276  55.859 0.0000000000
42578  42.913  -33.651  53.163 0.0000000000
40758  43.044  -36.298  54.921 0.0000000000
39053  41.829  -37.880  53.966 0.0000000000
128974  39.701  -37.347  54.365 0.0000000000
35602  32.216  -42.260  57.703 0.0000000000
36416  33.094  -41.078  56.843 0.0000000000
35624  30.143  -42.133  55.105 0.0000000000
57272  53.243  -18.408  46.978 0.0000000000
58194  52.127  -17.679  45.148 0.0000000000
55326  50.573  -20.495  45.517 0.0000000000
30444  25.559  -48.084  60.813 0.0000000000
37104  44.894  -39.306  66.815 0.0000000000
37177  43.669  -39.988  64.273 0.0000000000
38940  42.384  -38.695  62.209 0.0000000000
37178  41.511  -40.400  64.101 0.0000000000
36344  38.993  -41.321  62.678 0.0000000000
35558  36.534  -42.624  61.523 0.0000000000
32811  36.456  -44.604  64.737 0.0000000000
33701  35.337  -43.940  62.143 0.0000000000
34703  34.000  -42.969  60.055 0.0000000000
33734  31.157  -44.452  58.773 0.0000000000
32903  28.950  -45.478  56.514 0.0000000000
51341  55.542  -24.610  50.904 0.0000000000
52322  56.571  -23.812  48.966 0.0000000000
52294  58.681  -24.091  49.514 0.0000000000
109177  28.307  -50.338  71.357 0.0000000000
123839  25.583  -48.821  69.927 0.0000000000
30292  24.799  -47.972  72.017 0.0000000000
108982  23.725  -47.961  68.581 0.0000000000
57229  55.083  -18.279  49.275 0.0000000000
55276  52.008  -20.650  49.774 0.0000000000
53321  51.281  -22.448  51.467 0.0000000000
52270  53.102  -23.875  51.820 0.0000000000
124863  56.225  -25.053  52.652 0.0000000000
50454  58.085  -25.907  52.378 0.0000000000
48669  57.264  -27.447  52.395 0.0000000000
51259  55.856  -24.944  56.996 0.0000000000
48631  55.570  -27.596  54.450 0.0000000000
48688  54.715  -27.884  51.438 0.0000000000
108762  52.432  -27.504  50.417 0.0000000000
108759  49.964  -27.335  49.928 0.0000000000
130547  50.384  -24.988  60.258 0.0000000000
45998  50.555  -30.011  60.630 0.0000000000
125669  49.968  -28.153  59.254 0.0000000000
49551  48.871  -26.562  57.363 0.0000000000
49594  47.444  -26.380  54.271 0.0000000000
48693  46.579  -27.446  51.446 0.0000000000
43475  41.135  -33.475  50.685 0.0000000000
39833  40.580  -37.356  59.293 0.0000000000
125100  38.649  -37.339  57.230 0.0000000000
130058  37.182  -37.059  54.806 0.0000000000
37270  33.810  -39.693  56.002 0.0000000000
39055  34.817  -37.772  53.961 0.0000000000
29532  33.047  -49.847  70.559 0.0000000000
29526  32.832  -49.754  71.299 0.0000000000
38029  45.820  -39.185  63.659 0.0000000000
38898  47.456  -38.503  63.819 0.0000000000
38917  45.877  -38.626  62.213 0.0000000000
38954  45.642  -37.677  61.278 0.0000000000
38955  45.017  -37.929  60.831 0.0000000000
109201  44.217  -38.234  59.649 0.0000000000
38957  44.227  -38.474  60.555 0.0000000000
118779  51.917  -23.912  50.017 0.0000000000
52326  52.072  -24.033  48.579 0.0000000000
52299  53.582  -23.966  49.198 0.0000000000
31215  29.291  -47.163  60.610 0.0000000000
126767  28.152  -47.395  59.732 0.0000000000
31206  28.603  -47.563  61.051 0.0000000000
124947  25.114  -48.697  65.223 0.0000000000
29580  24.593  -48.478  64.681 0.0000000000
122309  23.709  -48.114  64.847 0.0000000000
129523  22.391  -48.098  63.600 0.0000000000
30390  23.320  -48.064  65.695 0.0000000000
34571  38.898  -42.948  69.608 0.0000000000
35468  40.748  -42.597  69.471 0.0000000000
35477  41.806  -42.552  68.686 0.0000000000
33626  40.707  -43.979  67.958 0.0000000000
34634  40.192  -43.543  66.521 0.0000000000
33640  40.132  -44.519  67.685 0.0000000000
31193  31.358  -47.124  63.457 0.0000000000
32007  31.614  -46.427  62.221 0.0000000000
31203  30.955  -46.800  61.840 0.0000000000
111815  30.414  -46.386  60.593 0.0000000000
48716  56.758  -27.504  49.741 0.0000000000
49643  57.164  -27.170  49.101 0.0000000000
48746  56.113  -27.487  48.060 0.0000000000
56175  54.522  -20.231  56.306 0.0000000000
53270  54.946  -22.321  56.475 0.0000000000
119499  54.650  -20.980  56.794 0.0000000000
51262  52.431  -24.149  57.961 0.0000000000
50392  52.981  -24.862  57.502 0.0000000000
50404  51.505  -25.045  56.518 0.0000000000
49572  50.824  -25.667  55.017 0.0000000000
50405  50.530  -25.073  56.429 0.0000000000
44359  45.468  -32.575  54.916 0.0000000000
44357  47.237  -31.744  55.463 0.0000000000
44368  45.969  -31.782  54.401 0.0000000000
46055  46.029  -30.716  53.294 0.0000000000
44386  44.596  -31.942  52.489 0.0000000000
45255  43.772  -31.605  51.546 0.0000000000
123229  43.266  -32.503  52.234 0.0000000000
36380  36.358  -41.328  59.740 0.0000000000
37233  36.275  -40.466  58.699 0.0000000000
37234  35.660  -40.596  58.324 0.0000000000
59982  54.565  -14.714  45.038 0.0000000000
59975  54.235  -15.393  45.438 0.0000000000
30387  31.498  -48.057  65.732 0.0000000000
30398  30.142  -48.162  64.911 0.0000000000
29558  30.932  -49.018  66.485 0.0000000000
28784  30.316  -49.924  68.455 0.0000000000
28792  29.184  -49.723  67.209 0.0000000000
109182  28.985  -49.844  67.960 0.0000000000
28794  27.583  -50.092  67.435 0.0000000000
28787  27.950  -50.131  68.880 0.0000000000
32766  36.573  -44.634  69.262 0.0000000000
31946  36.291  -44.783  68.375 0.0000000000
120792  35.646  -45.552  68.569 0.0000000000
30351  33.439  -48.405  68.309 0.0000000000
31149  34.496  -47.275  68.028 0.0000000000
30377  33.055  -47.915  66.721 0.0000000000
112333  32.192  -47.595  65.535 0.0000000000
118467  47.502  -36.394  63.876 0.0000000000
130078  47.690  -33.919  63.858 0.0000000000
42476  49.191  -34.033  62.879 0.0000000000
42475  50.053  -33.974  62.786 0.0000000000
41548  48.819  -34.680  62.100 0.0000000000
40711  45.821  -36.019  59.376 0.0000000000
41583  46.983  -35.227  59.056 0.0000000000
129657  45.913  -35.069  58.283 0.0000000000
42535  45.564  -34.285  57.016 0.0000000000
42536  44.957  -35.088  56.959 0.0000000000
42548  43.357  -35.225  55.227 0.0000000000
40748  43.697  -36.294  56.595 0.0000000000
39013  42.482  -37.806  56.417 0.0000000000
39887  42.615  -37.523  55.515 0.0000000000
39034  41.647  -38.009  55.406 0.0000000000
39041  41.240  -37.931  54.546 0.0000000000
39889  40.703  -37.608  55.503 0.0000000000
34737  30.813  -42.959  56.886 0.0000000000
35613  31.153  -42.251  56.545 0.0000000000
121758  29.869  -43.055  55.481 0.0000000000
56268  52.594  -19.877  47.670 0.0000000000
56280  52.208  -19.578  46.840 0.0000000000
114408  51.213  -20.628  46.903 0.0000000000
52401  51.506  -23.049  45.047 0.0000000000
32090  27.659  -46.165  55.211 0.0000000000
31277  27.110  -46.500  55.726 0.0000000000
29584  27.942  -48.834  63.868 0.0000000000
30430  27.567  -48.338  61.865 0.0000000000
29591  26.612  -48.913  62.765 0.0000000000
108211  22.739  -48.253  60.960 0.0000000000
30446  23.289  -48.043  60.370 0.0000000000
36294  43.195  -40.920  67.566 0.0000000000
37091  44.019  -39.682  67.702 0.0000000000
36301  43.866  -40.054  66.730 0.0000000000
37142  44.774  -39.619  65.935 0.0000000000
36312  43.470  -40.380  65.574 0.0000000000
37162  42.666  -40.228  64.386 0.0000000000
37163  42.072  -40.923  64.842 0.0000000000
35518  39.491  -42.564  64.568 0.0000000000
35530  39.841  -41.928  64.144 0.0000000000
35544  38.141  -42.328  62.872 0.0000000000
35556  37.921  -42.027  62.197 0.0000000000
35545  37.476  -42.622  62.565 0.0000000000
32794  36.626  -44.999  66.795 0.0000000000
32802  37.122  -44.886  65.947 0.0000000000
112497  36.024  -44.918  65.186 0.0000000000
32834  33.178  -45.142  62.081 0.0000000000
33697  34.750  -44.476  62.436 0.0000000000
33702  34.469  -44.249  61.818 0.0000000000
34688  34.771  -43.600  61.422 0.0000000000
33712  32.944  -44.032  60.172 0.0000000000
34705  32.515  -43.605  59.532 0.0000000000
33713  32.243  -44.419  59.833 0.0000000000
32063  28.924  -45.919  57.837 0.0000000000
32896  29.165  -45.536  57.443 0.0000000000
32076  28.280  -46.107  56.418 0.0000000000
51339  58.545  -24.508  51.102 0.0000000000
52279  57.561  -24.343  50.314 0.0000000000
51338  59.022  -24.715  50.732 0.0000000000
50494  59.062  -25.156  47.826 0.0000000000
29519  27.380  -49.945  72.254 0.0000000000
28762  26.924  -49.803  70.761 0.0000000000
29521  26.195  -48.831  71.542 0.0000000000
31087  23.497  -47.074  72.281 0.0000000000
31112  23.772  -47.518  70.904 0.0000000000
128899  24.172  -47.960  70.458 0.0000000000
31126  23.069  -47.366  69.446 0.0000000000
31151  22.222  -47.564  67.584 0.0000000000
31127  22.272  -47.205  69.164 0.0000000000
58169  55.307  -17.155  48.175 0.0000000000
56234  54.234  -19.116  50.134 0.0000000000
56227  53.571  -20.003  50.670 0.0000000000
55267  51.498  -21.212  50.292 0.0000000000
55265  52.367  -20.060  51.065 0.0000000000
54305  52.702  -21.276  53.899 0.0000000000
53311  51.912  -22.561  52.706 0.0000000000
53310  52.808  -22.864  53.162 0.0000000000
112368  55.045  -24.865  52.593 0.0000000000
52253  54.463  -23.857  53.997 0.0000000000
119059  56.773  -25.155  55.601 0.0000000000
51304  56.608  -25.289  54.204 0.0000000000
115747  57.601  -25.955  54.408 0.0000000000
48668  57.913  -26.959  52.644 0.0000000000
48629  57.418  -26.681  53.904 0.0000000000
54255  54.218  -21.663  58.500 0.0000000000
53247  54.487  -22.436  57.523 0.0000000000
52201  54.498  -23.454  57.543 0.0000000000
112134  53.898  -26.534  55.943 0.0000000000
49570  55.000  -26.988  56.029 0.0000000000
126489  54.678  -27.412  54.624 0.0000000000
48652  54.773  -28.010  53.102 0.0000000000
129844  53.977  -27.823  53.152 0.0000000000
108765  52.732  -27.634  51.252 0.0000000000
48671  52.449  -27.776  52.655 0.0000000000
48674  49.866  -26.663  52.073 0.0000000000
48690  50.435  -27.175  51.612 0.0000000000
48706  49.760  -27.262  50.607 0.0000000000
125493  48.091  -26.939  50.636 0.0000000000
123664  51.029  -26.293  61.275 0.0000000000
44304  49.331  -31.882  60.779 0.0000000000
45144  50.531  -31.083  61.128 0.0000000000
116223  49.672  -30.694  59.847 0.0000000000
46851  48.267  -29.811  56.649 0.0000000000
46835  49.427  -29.452  58.159 0.0000000000
47693  48.680  -28.145  57.573 0.0000000000
48598  48.991  -27.479  57.852 0.0000000000
48609  48.156  -27.328  56.523 0.0000000000
49575  48.079  -26.430  56.049 0.0000000000
123267  47.206  -27.268  55.027 0.0000000000
46903  45.250  -29.126  51.018 0.0000000000
116046  46.013  -28.015  52.263 0.0000000000
47770  45.663  -28.226  50.713 0.0000000000
48725  45.604  -27.523  49.319 0.0000000000
47779  44.828  -27.794  48.804 0.0000000000
126913  43.397  -28.631  48.246 0.0000000000
45272  42.015  -30.882  49.326 0.0000000000
46098  41.607  -29.976  47.886 0.0000000000
41644  41.883  -35.143  52.209 0.0000000000
42587  42.037  -34.210  52.139 0.0000000000
41656  41.021  -35.125  51.320 0.0000000000
42602  39.211  -34.437  49.360 0.0000000000
38068  40.538  -39.038  61.923 0.0000000000
38960  40.785  -37.718  60.499 0.0000000000
38078  40.053  -38.145  60.711 0.0000000000
38102  37.194  -38.735  57.904 0.0000000000
38998  38.252  -37.696  57.847 0.0000000000
39015  37.370  -37.782  56.862 0.0000000000
39893  37.708  -37.119  55.444 0.0000000000
39894  36.811  -37.333  55.311 0.0000000000
37263  32.734  -40.760  56.085 0.0000000000
37262  33.392  -40.283  56.510 0.0000000000
37271  33.105  -40.099  55.665 0.0000000000
39044  33.711  -38.736  54.022 0.0000000000
39924  35.293  -37.292  53.390 0.0000000000
56304  50.804  -19.158  44.901 0.0000000000
58204  51.377  -17.626  44.498 0.0000000000
114864  56.154  -23.706  48.233 0.0000000000
29538  32.997  -49.206  68.864 0.0000000000
29548  31.307  -49.265  67.347 0.0000000000
29539  32.269  -49.734  68.974 0.0000000000
28783  31.558  -49.973  69.136 0.0000000000
28776  30.571  -50.339  69.962 0.0000000000
30336  34.318  -48.046  69.818 0.0000000000
38858  45.684  -37.955  65.775 0.0000000000
40648  45.809  -36.689  65.320 0.0000000000
39762  48.038  -38.069  65.598 0.0000000000
39778  47.740  -37.508  63.961 0.0000000000
40669  47.606  -36.127  62.794 0.0000000000
40677  47.546  -35.800  62.089 0.0000000000
39815  46.555  -36.650  61.305 0.0000000000
39831  45.790  -36.494  60.365 0.0000000000
121116  44.826  -36.598  59.050 0.0000000000
39867  43.799  -37.269  57.512 0.0000000000
38981  44.091  -37.893  58.420 0.0000000000
38982  43.667  -38.242  58.342 0.0000000000
126951  42.414  -38.139  57.853 0.0000000000
32928  28.650  -44.920  53.686 0.0000000000
34771  29.223  -43.382  53.942 0.0000000000
32945  28.909  -44.699  51.682 0.0000000000
54347  50.949  -21.501  48.606 0.0000000000
54361  50.599  -22.053  47.294 0.0000000000
52328  50.847  -23.342  48.199 0.0000000000
52358  52.186  -23.894  47.070 0.0000000000
31250  28.089  -46.607  57.851 0.0000000000
31265  27.025  -46.993  57.064 0.0000000000
121080  27.758  -46.927  58.328 0.0000000000
31238  27.171  -47.180  58.863 0.0000000000
31226  26.533  -47.545  59.394 0.0000000000
114287  26.298  -49.276  64.526 0.0000000000
119079  25.782  -49.065  62.913 0.0000000000
29592  24.967  -49.007  63.079 0.0000000000
30423  23.566  -48.182  62.651 0.0000000000
118778  21.683  -48.202  63.964 0.0000000000
127436  42.356  -41.987  68.555 0.0000000000
35494  42.453  -42.140  66.832 0.0000000000
127172  41.610  -42.095  65.682 0.0000000000
34633  41.057  -42.506  65.860 0.0000000000
34646  39.953  -42.872  65.202 0.0000000000
34648  38.226  -43.414  64.844 0.0000000000
31984  34.197  -46.027  64.947 0.0000000000
31983  34.576  -45.582  64.470 0.0000000000
110624  33.348  -45.804  63.448 0.0000000000
32015  32.635  -45.643  62.121 0.0000000000
32845  32.293  -45.475  60.871 0.0000000000
32866  31.022  -45.397  59.931 0.0000000000
32041  30.546  -46.091  59.859 0.0000000000
32043  29.865  -46.441  59.370 0.0000000000
49633  58.673  -25.622  51.134 0.0000000000
117584  58.937  -25.247  50.336 0.0000000000
49649  57.861  -26.451  48.989 0.0000000000
49658  57.744  -26.439  47.954 0.0000000000
31915  23.255  -46.381  73.596 0.0000000000
31934  21.739  -46.423  71.648 0.0000000000
31114  21.830  -46.965  69.940 0.0000000000
31944  20.460  -46.636  70.746 0.0000000000
53288  54.112  -22.084  55.048 0.0000000000
52242  54.434  -23.532  54.997 0.0000000000
53287  54.759  -22.759  55.661 0.0000000000
52231  55.322  -23.354  56.207 0.0000000000
51286  56.678  -24.885  56.112 0.0000000000
51240  54.022  -23.310  58.393 0.0000000000
51250  54.372  -24.032  57.932 0.0000000000
50391  53.961  -25.069  57.725 0.0000000000
49560  53.119  -25.879  56.321 0.0000000000
48634  52.743  -27.179  54.542 0.0000000000
48655  51.891  -27.356  53.461 0.0000000000
49590  51.479  -26.250  54.514 0.0000000000
49606  50.147  -26.235  53.561 0.0000000000
49607  49.180  -26.082  52.841 0.0000000000
43425  47.914  -32.667  58.080 0.0000000000
44335  48.827  -31.615  58.095 0.0000000000
44346  48.033  -31.701  56.623 0.0000000000
46036  48.072  -30.893  55.648 0.0000000000
46866  47.439  -30.033  54.751 0.0000000000
47726  47.131  -29.222  54.825 0.0000000000
119022  46.268  -30.013  53.295 0.0000000000
117932  45.613  -29.935  52.254 0.0000000000
46074  45.045  -29.988  51.237 0.0000000000
124515  43.736  -29.555  49.807 0.0000000000
46080  43.734  -30.634  50.677 0.0000000000
45264  43.139  -31.089  50.317 0.0000000000
44399  41.821  -32.168  49.964 0.0000000000
40777  41.004  -36.900  52.036 0.0000000000
41646  40.849  -35.975  51.182 0.0000000000
40786  39.613  -36.387  50.763 0.0000000000
40807  38.135  -36.017  49.858 0.0000000000
40823  37.607  -36.280  48.825 0.0000000000
37208  38.652  -39.725  60.730 0.0000000000
108780  38.556  -39.247  60.225 0.0000000000
37220  37.800  -39.750  60.244 0.0000000000
108455  36.898  -39.422  58.142 0.0000000000
38103  36.548  -39.106  57.570 0.0000000000
37288  31.966  -40.213  53.379 0.0000000000
36444  31.956  -41.068  52.482 0.0000000000
61657  55.649  -13.669  44.126 0.0000000000
60835  54.462  -14.504  44.205 0.0000000000
109228  53.282  -15.187  43.959 0.0000000000
30408  30.731  -47.538  63.877 0.0000000000
30417  29.302  -47.624  62.923 0.0000000000
129731  30.218  -47.882  64.259 0.0000000000
29577  28.651  -48.899  64.558 0.0000000000
29578  27.751  -49.380  64.551 0.0000000000
110365  30.590  -49.589  66.956 0.0000000000
29568  28.726  -49.532  65.846 0.0000000000
29569  27.479  -49.865  65.157 0.0000000000
29570  26.765  -49.779  65.247 0.0000000000
29561  26.533  -49.884  66.094 0.0000000000
29552  25.974  -49.156  67.348 0.0000000000
33614  39.208  -44.444  68.967 0.0000000000
32782  39.098  -45.026  67.820 0.0000000000
32773  38.258  -44.448  68.095 0.0000000000
31961  36.453  -44.845  67.455 0.0000000000
109904  35.843  -45.671  67.102 0.0000000000
31132  34.930  -46.591  68.334 0.0000000000
31148  34.871  -46.286  67.438 0.0000000000
31977  34.248  -46.322  65.698 0.0000000000
108620  32.890  -47.079  65.281 0.0000000000
31184  32.194  -47.178  64.744 0.0000000000
109718  53.842  -27.689  48.654 0.0000000000
48733  54.699  -27.790  47.999 0.0000000000
48749  53.662  -27.383  46.916 0.0000000000
127815  54.639  -20.198  57.798 0.0000000000
53229  53.859  -21.850  59.589 0.0000000000
52182  53.377  -22.562  59.917 0.0000000000
52192  52.846  -23.243  59.468 0.0000000000
115953  51.130  -23.901  59.440 0.0000000000
43390  50.035  -33.217  61.327 0.0000000000
43407  48.762  -32.990  60.268 0.0000000000
41568  47.854  -34.574  61.053 0.0000000000
42517  47.850  -33.903  60.213 0.0000000000
43420  48.164  -33.046  58.986 0.0000000000
43426  47.151  -33.122  57.667 0.0000000000
108774  45.721  -33.389  56.104 0.0000000000
43449  44.723  -33.252  54.843 0.0000000000
43462  43.630  -33.384  53.763 0.0000000000
43451  43.745  -33.964  54.337 0.0000000000
41623  42.907  -35.147  53.991 0.0000000000
40769  42.400  -36.529  53.441 0.0000000000
40733  43.445  -36.938  56.781 0.0000000000
40759  42.620  -37.059  54.184 0.0000000000
39917  42.059  -37.415  53.472 0.0000000000
108247  40.844  -37.230  52.568 0.0000000000
113710  40.113  -37.353  52.483 0.0000000000
108778  38.057  -37.117  52.654 0.0000000000
35590  33.933  -41.997  59.036 0.0000000000
36405  34.234  -41.066  57.998 0.0000000000
36407  32.620  -41.646  57.311 0.0000000000
36418  31.556  -41.626  56.165 0.0000000000
36425  31.241  -41.278  55.422 0.0000000000
35651  29.584  -42.728  53.690 0.0000000000
35650  30.067  -42.290  53.376 0.0000000000
58182  54.282  -17.293  46.885 0.0000000000
58192  53.426  -17.005  45.751 0.0000000000
130775  52.900  -18.204  46.293 0.0000000000
56288  51.006  -19.660  45.526 0.0000000000
55327  50.220  -20.764  44.828 0.0000000000
54377  50.576  -21.765  46.352 0.0000000000
53427  50.454  -22.078  44.866 0.0000000000
30441  27.826  -48.048  61.133 0.0000000000
30443  26.479  -48.109  60.687 0.0000000000
30457  25.073  -47.820  59.920 0.0000000000
30432  25.535  -48.378  61.667 0.0000000000
30458  23.985  -47.696  59.871 0.0000000000
38846  45.008  -38.718  67.232 0.0000000000
37121  45.045  -39.242  66.379 0.0000000000
37160  45.227  -39.430  64.695 0.0000000000
38049  44.461  -39.109  62.878 0.0000000000
38066  43.903  -38.915  62.266 0.0000000000
38051  42.633  -39.109  63.062 0.0000000000
38052  41.736  -39.144  62.872 0.0000000000
108677  40.312  -39.667  62.298 0.0000000000
36321  41.191  -41.141  64.755 0.0000000000
36332  40.129  -40.783  63.498 0.0000000000
36356  39.186  -40.702  62.127 0.0000000000
36367  38.052  -41.005  61.063 0.0000000000
36368  37.307  -41.355  60.740 0.0000000000
35580  36.015  -42.017  60.063 0.0000000000
32792  38.405  -44.378  66.933 0.0000000000
33676  37.717  -43.978  65.408 0.0000000000
33685  37.355  -43.573  64.731 0.0000000000
32818  35.588  -44.871  64.317 0.0000000000
111694  36.048  -44.389  63.851 0.0000000000
34676  36.379  -43.519  62.642 0.0000000000
34686  36.023  -43.265  61.966 0.0000000000
34696  35.078  -43.008  60.986 0.0000000000
35582  34.307  -42.279  59.684 0.0000000000
34710  32.884  -42.911  59.134 0.0000000000
34723  31.161  -43.301  57.662 0.0000000000
34724  30.443  -43.720  57.261 0.0000000000
32885  30.700  -45.142  59.197 0.0000000000
32902  29.404  -45.018  57.136 0.0000000000
33775  29.237  -44.863  56.244 0.0000000000
32919  28.563  -45.668  54.164 0.0000000000
51342  54.409  -24.583  50.677 0.0000000000
52298  54.698  -23.898  49.371 0.0000000000
52296  56.965  -24.062  49.598 0.0000000000
50477  59.196  -25.087  49.384 0.0000000000
50476  59.409  -24.836  48.674 0.0000000000
125719  55.351  -26.974  46.558 0.0000000000
29507  31.921  -49.741  71.918 0.0000000000
28035  30.948  -50.429  71.604 0.0000000000
28042  29.940  -50.875  71.049 0.0000000000
28760  29.105  -50.465  72.140 0.0000000000
28769  28.448  -50.296  70.446 0.0000000000
28788  27.163  -50.095  69.023 0.0000000000
29533  26.469  -49.717  69.134 0.0000000000
29553  25.332  -48.710  67.823 0.0000000000
30291  25.669  -48.494  72.387 0.0000000000
30309  25.335  -48.390  71.354 0.0000000000
110424  24.986  -48.482  69.343 0.0000000000
30366  24.461  -48.460  67.419 0.0000000000
30368  23.116  -47.866  67.308 0.0000000000
59059  55.148  -16.112  46.879 0.0000000000
58170  54.672  -17.602  47.701 0.0000000000
57263  53.638  -18.780  47.782 0.0000000000
56267  53.301  -19.577  48.165 0.0000000000
124846  55.554  -18.133  50.115 0.0000000000
125391  54.007  -19.535  49.414 0.0000000000
114421  51.969  -20.544  48.959 0.0000000000
55277  51.282  -21.224  49.321 0.0000000000
53331  51.155  -22.665  50.586 0.0000000000
52283  52.034  -23.687  50.745 0.0000000000
55251  51.418  -20.864  52.065 0.0000000000
53320  51.627  -22.976  51.974 0.0000000000
108833  52.912  -23.961  50.997 0.0000000000
51329  54.726  -24.761  51.519 0.0000000000
51328  55.945  -24.827  51.835 0.0000000000
51327  57.277  -24.915  52.246 0.0000000000
51314  55.836  -25.048  53.476 0.0000000000
51313  57.085  -25.326  53.121 0.0000000000
121689  58.748  -25.218  51.910 0.0000000000
48685  58.077  -26.871  52.010 0.0000000000
120966  57.216  -27.413  51.316 0.0000000000
48702  56.355  -27.704  50.946 0.0000000000
54266  54.560  -21.951  57.332 0.0000000000
52222  55.217  -23.798  56.750 0.0000000000
50388  56.392  -25.367  56.491 0.0000000000
117648  55.377  -25.209  57.113 0.0000000000
123670  56.356  -26.296  56.029 0.0000000000
49568  56.771  -26.496  55.546 0.0000000000
48651  56.177  -27.725  53.852 0.0000000000
130160  55.589  -27.961  51.772 0.0000000000
48703  54.919  -27.798  50.506 0.0000000000
108763  54.176  -27.681  49.828 0.0000000000
109717  52.735  -27.493  48.725 0.0000000000
48689  51.294  -27.410  51.801 0.0000000000
108760  50.567  -27.429  50.292 0.0000000000
51242  50.972  -23.894  60.255 0.0000000000
113334  50.531  -24.357  59.042 0.0000000000
47657  51.228  -28.683  60.989 0.0000000000
46005  49.877  -30.248  59.108 0.0000000000
47666  50.177  -28.810  59.619 0.0000000000
48557  50.843  -27.885  60.567 0.0000000000
49535  50.125  -26.665  59.725 0.0000000000
50382  49.553  -25.762  58.432 0.0000000000
50394  49.877  -24.950  57.808 0.0000000000
50422  49.231  -25.618  55.947 0.0000000000
49593  48.286  -25.931  54.515 0.0000000000
49618  47.980  -26.144  52.723 0.0000000000
129408  46.474  -28.074  54.135 0.0000000000
48676  47.070  -26.831  52.961 0.0000000000
48692  47.416  -27.028  51.429 0.0000000000
48707  47.339  -27.149  50.139 0.0000000000
46922  42.711  -29.024  47.950 0.0000000000
46930  42.145  -29.260  46.820 0.0000000000
43465  42.956  -32.958  52.592 0.0000000000
43474  41.775  -33.015  50.967 0.0000000000
44401  40.392  -32.557  49.472 0.0000000000
42601  39.772  -34.349  49.773 0.0000000000
43479  40.062  -33.423  49.693 0.0000000000
38958  42.727  -38.235  60.719 0.0000000000
38973  41.895  -37.763  59.340 0.0000000000
39855  41.071  -37.320  57.985 0.0000000000
38975  39.420  -37.944  59.517 0.0000000000
39845  39.760  -37.338  58.538 0.0000000000
109485  40.567  -37.281  57.158 0.0000000000
110355  39.691  -37.259  55.629 0.0000000000
39905  37.881  -37.007  54.548 0.0000000000
39922  37.203  -36.861  53.199 0.0000000000
37244  34.555  -40.322  57.463 0.0000000000
37260  35.027  -39.716  56.938 0.0000000000
38120  35.473  -38.949  56.412 0.0000000000
38141  33.198  -39.245  54.388 0.0000000000
125095  34.461  -38.598  55.037 0.0000000000
39036  35.650  -38.286  55.692 0.0000000000
39907  35.624  -37.451  54.252 0.0000000000
110843  35.737  -37.018  52.837 0.0000000000
59068  53.230  -16.323  45.230 0.0000000000
59078  52.278  -16.240  44.185 0.0000000000
59999  51.812  -16.167  43.503 0.0000000000
52324  54.441  -23.850  48.639 0.0000000000
121098  45.392  -38.985  62.700 0.0000000000
38048  46.216  -38.870  63.073 0.0000000000
38937  45.342  -38.659  61.873 0.0000000000
112726  45.482  -38.302  61.560 0.0000000000
38938  44.838  -38.458  61.200 0.0000000000
38939  44.130  -38.724  61.420 0.0000000000
52300  52.439  -24.034  49.342 0.0000000000
31205  29.356  -47.287  61.522 0.0000000000
29572  25.068  -48.876  65.995 0.0000000000
30389  24.345  -48.378  65.489 0.0000000000
34586  39.607  -43.797  69.286 0.0000000000
34570  39.856  -42.798  69.537 0.0000000000
34585  40.449  -43.500  69.211 0.0000000000
34599  40.671  -43.843  68.677 0.0000000000
33627  40.216  -44.486  68.330 0.0000000000
115464  30.469  -47.196  62.413 0.0000000000
31198  31.187  -47.005  62.642 0.0000000000
115679  30.182  -47.065  61.728 0.0000000000
118782  55.771  -27.770  49.299 0.0000000000
48731  56.385  -27.530  48.791 0.0000000000
48732  55.549  -27.756  48.387 0.0000000000
55225  54.661  -20.641  56.927 0.0000000000
55217  54.640  -20.632  57.303 0.0000000000
123560  51.429  -24.228  57.736 0.0000000000
50393  51.925  -24.542  57.184 0.0000000000
128081  45.405  -32.214  54.333 0.0000000000
45230  45.372  -31.972  53.802 0.0000000000
44381  44.757  -32.295  53.307 0.0000000000
109542  43.743  -32.649  52.951 0.0000000000
111503  35.733  -41.539  59.632 0.0000000000
36391  35.962  -41.144  58.991 0.0000000000
36392  34.984  -41.130  58.676 0.0000000000
59974  54.985  -15.065  45.700 0.0000000000
30378  32.145  -48.117  66.429 0.0000000000
30379  31.404  -48.469  66.246 0.0000000000
29557  31.545  -48.672  66.760 0.0000000000
28785  29.594  -49.895  68.582 0.0000000000
28786  28.783  -49.953  68.746 0.0000000000
112103  28.158  -50.061  68.086 0.0000000000
33599  36.679  -44.648  70.838 0.0000000000
124428  35.715  -45.089  69.122 0.0000000000
30365  32.733  -48.649  67.831 0.0000000000
123297  33.240  -48.154  67.435 0.0000000000
129441  32.643  -48.297  67.117 0.0000000000
41526  47.593  -35.523  63.327 0.0000000000
42468  47.641  -34.582  63.437 0.0000000000
42477  48.262  -34.478  63.035 0.0000000000
122316  48.107  -33.690  63.650 0.0000000000
42485  49.354  -34.284  62.403 0.0000000000
41538  48.513  -34.569  62.538 0.0000000000
40712  45.316  -35.985  58.969 0.0000000000
41584  46.159  -35.539  58.865 0.0000000000
41585  45.299  -35.578  58.447 0.0000000000
42531  45.386  -35.025  57.731 0.0000000000
41593  44.234  -35.711  56.849 0.0000000000
39014  41.907  -37.876  56.737 0.0000000000
112965  41.952  -37.908  56.051 0.0000000000
39869  41.200  -37.646  56.306 0.0000000000
34738  30.160  -43.406  56.408 0.0000000000
55304  51.812  -20.214  47.237 0.0000000000
55305  51.381  -20.747  47.611 0.0000000000
32077  27.785  -46.359  56.079 0.0000000000
29585  27.314  -48.867  63.325 0.0000000000
35493  42.941  -41.399  66.626 0.0000000000
36302  43.376  -40.809  67.073 0.0000000000
115076  43.470  -40.565  66.412 0.0000000000
36320  42.933  -40.930  65.008 0.0000000000
126398  42.435  -41.301  65.386 0.0000000000
34661  38.801  -42.963  64.238 0.0000000000
35531  39.161  -42.275  63.811 0.0000000000
35532  38.443  -42.609  63.539 0.0000000000
34674  37.763  -42.953  63.239 0.0000000000
32803  36.406  -45.329  65.931 0.0000000000
32844  33.109  -45.114  61.094 0.0000000000
33703  33.725  -44.653  61.518 0.0000000000
33706  33.397  -44.441  60.793 0.0000000000
32064  28.334  -46.173  57.365 0.0000000000
50469  59.301  -24.988  51.245 0.0000000000
29510  27.689  -49.776  72.951 0.0000000000
29520  26.875  -49.521  71.702 0.0000000000
29511  26.508  -49.075  72.406 0.0000000000
31098  23.245  -47.124  71.450 0.0000000000
30325  23.542  -47.522  70.058 0.0000000000
110085  22.686  -47.124  69.941 0.0000000000
59034  56.740  -16.180  49.315 0.0000000000
58140  56.393  -16.837  49.954 0.0000000000
56216  54.126  -19.314  51.051 0.0000000000
56226  54.099  -19.479  50.635 0.0000000000
52254  53.723  -23.323  53.581 0.0000000000
51285  57.099  -25.578  55.667 0.0000000000
51293  57.137  -25.653  54.882 0.0000000000
50437  57.450  -25.957  55.154 0.0000000000
49588  57.486  -26.238  54.483 0.0000000000
49567  57.259  -26.220  55.339 0.0000000000
53237  54.063  -22.131  58.585 0.0000000000
52189  54.161  -22.701  58.046 0.0000000000
48633  53.633  -27.374  54.408 0.0000000000
48618  54.319  -27.005  55.191 0.0000000000
108767  53.019  -27.838  52.083 0.0000000000
48654  52.610  -27.715  53.271 0.0000000000
128344  49.525  -27.052  51.352 0.0000000000
109666  49.031  -27.056  50.845 0.0000000000
48691  48.430  -26.836  51.362 0.0000000000
43406  48.885  -32.235  60.372 0.0000000000
45145  49.706  -31.151  60.604 0.0000000000
44305  49.054  -31.418  59.920 0.0000000000
46858  47.881  -29.300  56.043 0.0000000000
46845  48.629  -29.194  57.469 0.0000000000
127445  48.064  -28.982  56.779 0.0000000000
47703  48.298  -28.211  56.999 0.0000000000
48620  47.635  -27.269  55.842 0.0000000000
47716  47.379  -28.526  55.508 0.0000000000
47761  45.618  -28.684  51.618 0.0000000000
46907  45.063  -28.663  50.314 0.0000000000
113250  45.431  -28.006  50.008 0.0000000000
47774  44.388  -28.396  49.187 0.0000000000
47780  44.122  -28.202  48.496 0.0000000000
45273  41.367  -31.185  48.820 0.0000000000
45281  41.158  -30.723  48.059 0.0000000000
41633  42.228  -35.697  52.852 0.0000000000
41645  41.361  -35.602  51.742 0.0000000000
125915  40.892  -38.204  61.300 0.0000000000
108992  39.956  -38.855  61.327 0.0000000000
39000  36.911  -38.407  57.238 0.0000000000
38999  37.560  -38.046  57.577 0.0000000000
39872  37.153  -37.507  56.090 0.0000000000
39035  36.409  -37.896  55.821 0.0000000000
37273  31.588  -40.668  54.954 0.0000000000
37272  32.323  -40.377  55.305 0.0000000000
56305  50.346  -19.531  44.224 0.0000000000
126022  50.162  -19.808  43.687 0.0000000000
111553  32.941  -49.808  69.687 0.0000000000
28774  32.398  -50.122  69.884 0.0000000000
28775  31.434  -50.310  70.162 0.0000000000
108901  30.794  -50.039  69.243 0.0000000000
30337  33.836  -48.660  70.475 0.0000000000
30319  34.217  -47.990  70.674 0.0000000000
117517  33.723  -48.630  69.383 0.0000000000
37985  46.168  -38.021  65.270 0.0000000000
39753  47.518  -37.817  65.702 0.0000000000
37996  47.918  -38.480  65.244 0.0000000000
38915  46.999  -38.175  63.096 0.0000000000
38897  47.895  -38.278  64.232 0.0000000000
38914  47.480  -37.911  63.508 0.0000000000
40662  47.557  -36.542  63.529 0.0000000000
39787  47.419  -37.060  63.146 0.0000000000
39800  47.287  -36.702  62.369 0.0000000000
39801  46.846  -37.124  61.986 0.0000000000
39817  45.191  -37.152  60.449 0.0000000000
39816  45.889  -36.861  61.036 0.0000000000
39841  45.317  -36.442  59.801 0.0000000000
39842  44.367  -37.403  58.693 0.0000000000
38970  44.346  -37.860  59.089 0.0000000000
126844  44.058  -38.196  58.860 0.0000000000
38983  42.756  -38.294  58.598 0.0000000000
32938  28.696  -44.660  52.640 0.0000000000
53344  50.615  -22.755  48.681 0.0000000000
52302  50.900  -23.370  48.881 0.0000000000
115194  52.774  -23.977  47.849 0.0000000000
117157  51.788  -23.933  47.821 0.0000000000
31237  28.436  -46.889  58.612 0.0000000000
31224  28.677  -47.212  59.318 0.0000000000
31216  27.993  -47.671  60.381 0.0000000000
31239  26.359  -47.384  58.524 0.0000000000
29587  25.648  -49.091  63.748 0.0000000000
30400  23.947  -48.377  64.060 0.0000000000
30411  24.207  -48.465  63.299 0.0000000000
129265  22.771  -48.134  62.965 0.0000000000
30425  21.828  -48.690  62.209 0.0000000000
30402  22.230  -47.939  64.458 0.0000000000
29581  21.131  -48.766  63.848 0.0000000000
30403  21.253  -48.235  64.691 0.0000000000
36277  41.572  -41.530  69.371 0.0000000000
35476  42.269  -42.293  68.150 0.0000000000
35484  42.401  -42.275  67.571 0.0000000000
35495  41.913  -42.812  67.141 0.0000000000
35506  41.777  -42.440  66.352 0.0000000000
34622  41.034  -43.064  66.680 0.0000000000
33663  39.597  -43.825  66.364 0.0000000000
34635  39.734  -43.384  65.797 0.0000000000
34647  39.150  -43.295  65.081 0.0000000000
31191  32.902  -46.202  63.906 0.0000000000
109776  33.662  -46.026  64.291 0.0000000000
32006  32.299  -46.063  62.491 0.0000000000
32016  32.105  -45.938  61.682 0.0000000000
32835  32.667  -45.442  61.573 0.0000000000
32028  31.641  -46.002  60.989 0.0000000000
32846  31.641  -45.600  60.441 0.0000000000
32029  31.112  -46.033  60.438 0.0000000000
32030  29.826  -46.719  60.223 0.0000000000
129712  30.167  -46.407  60.006 0.0000000000
31236  29.156  -46.890  58.899 0.0000000000
49634  58.074  -26.556  50.717 0.0000000000
49641  58.320  -26.047  50.087 0.0000000000
49642  57.755  -26.996  49.828 0.0000000000
49650  56.976  -27.122  48.234 0.0000000000
49669  57.560  -26.194  47.079 0.0000000000
49670  56.597  -26.549  46.556 0.0000000000
31916  22.346  -46.103  73.307 0.0000000000
31922  22.926  -46.615  72.804 0.0000000000
31923  22.014  -46.273  72.495 0.0000000000
31935  20.829  -46.329  71.400 0.0000000000
54294  54.684  -21.709  55.939 0.0000000000
52230  55.696  -24.136  56.424 0.0000000000
51241  53.520  -23.458  58.752 0.0000000000
51251  53.953  -23.944  58.244 0.0000000000
51261  53.532  -24.478  58.028 0.0000000000
50403  52.520  -25.208  56.729 0.0000000000
49571  52.769  -26.214  55.541 0.0000000000
49589  52.351  -26.595  54.830 0.0000000000
111451  51.828  -25.817  55.175 0.0000000000
49591  50.487  -26.084  54.375 0.0000000000
49592  49.405  -25.968  54.518 0.0000000000
44337  47.672  -32.359  57.147 0.0000000000
44336  48.410  -31.860  57.545 0.0000000000
44347  47.472  -32.103  56.240 0.0000000000
45215  46.907  -31.423  54.750 0.0000000000
45214  47.791  -31.123  55.024 0.0000000000
46037  47.960  -30.541  54.988 0.0000000000
46867  46.876  -29.774  54.306 0.0000000000
46046  46.572  -30.338  53.834 0.0000000000
45246  45.021  -31.172  52.183 0.0000000000
46067  45.565  -30.636  52.549 0.0000000000
115807  45.228  -30.355  51.907 0.0000000000
125244  44.365  -30.271  50.983 0.0000000000
45260  44.072  -31.021  51.259 0.0000000000
45261  43.428  -31.364  51.026 0.0000000000
44395  42.819  -31.854  50.725 0.0000000000
45265  42.376  -31.551  49.976 0.0000000000
44396  42.138  -32.318  50.527 0.0000000000
39938  40.260  -37.092  51.788 0.0000000000
40785  40.469  -36.536  51.347 0.0000000000
127983  39.826  -36.839  51.226 0.0000000000
37209  38.118  -40.280  60.803 0.0000000000
37221  37.020  -40.107  59.861 0.0000000000
37232  36.889  -39.954  58.811 0.0000000000
38104  35.850  -39.470  57.219 0.0000000000
60834  55.110  -14.248  44.601 0.0000000000
59997  53.872  -14.742  43.694 0.0000000000
30416  29.912  -47.765  63.572 0.0000000000
128531  30.229  -48.710  65.626 0.0000000000
30399  29.508  -48.211  64.364 0.0000000000
29576  29.493  -48.751  65.072 0.0000000000
108174  28.918  -49.220  65.264 0.0000000000
29540  31.448  -49.709  68.257 0.0000000000
28798  28.530  -49.778  66.561 0.0000000000
29560  29.349  -49.532  66.483 0.0000000000
108116  28.246  -49.594  65.159 0.0000000000
28803  28.008  -50.012  65.821 0.0000000000
28804  27.226  -50.094  65.915 0.0000000000
28800  27.037  -50.083  66.762 0.0000000000
29551  26.503  -49.757  66.962 0.0000000000
29562  25.901  -49.296  66.442 0.0000000000
122467  26.464  -49.662  67.703 0.0000000000
32753  37.584  -44.366  69.843 0.0000000000
33577  37.840  -43.598  71.010 0.0000000000
33597  37.821  -43.923  69.983 0.0000000000
33596  38.550  -43.810  69.404 0.0000000000
33615  38.146  -44.222  69.268 0.0000000000
32763  38.448  -44.345  68.819 0.0000000000
109584  37.782  -44.310  68.626 0.0000000000
31954  36.463  -44.822  67.597 0.0000000000
31962  36.080  -45.432  67.485 0.0000000000
117832  36.247  -45.380  67.088 0.0000000000
31120  34.841  -46.727  69.304 0.0000000000
119235  34.935  -46.692  68.842 0.0000000000
112836  34.247  -47.261  67.016 0.0000000000
31173  34.122  -47.000  66.244 0.0000000000
31971  34.601  -46.396  66.520 0.0000000000
31174  33.585  -47.020  65.779 0.0000000000
30396  31.479  -47.618  65.052 0.0000000000
31185  31.464  -47.322  64.265 0.0000000000
126467  54.011  -27.599  47.629 0.0000000000
53239  53.845  -22.272  59.414 0.0000000000
53230  53.587  -21.992  60.198 0.0000000000
52175  51.891  -22.622  61.110 0.0000000000
52183  52.341  -22.894  60.322 0.0000000000
52203  51.937  -23.640  59.190 0.0000000000
52193  51.731  -23.447  59.878 0.0000000000
40647  46.934  -37.387  64.935 0.0000000000
42492  49.896  -33.947  61.587 0.0000000000
43385  50.345  -33.500  62.208 0.0000000000
43395  49.306  -32.728  60.887 0.0000000000
43396  49.248  -33.583  60.957 0.0000000000
40686  47.398  -35.465  61.314 0.0000000000
41559  47.954  -34.848  61.873 0.0000000000
40698  47.287  -35.412  60.434 0.0000000000
42518  47.342  -34.631  59.621 0.0000000000
42523  47.643  -33.729  59.473 0.0000000000
43421  47.426  -33.454  58.557 0.0000000000
42529  46.688  -33.884  58.172 0.0000000000
43433  45.395  -33.933  56.241 0.0000000000
127536  45.831  -33.639  56.614 0.0000000000
43439  45.212  -33.442  55.569 0.0000000000
43440  44.495  -33.971  55.253 0.0000000000
43450  44.210  -33.767  54.731 0.0000000000
41613  43.033  -35.460  54.578 0.0000000000
41624  42.561  -35.656  53.555 0.0000000000
40768  42.720  -36.047  54.123 0.0000000000
39888  42.486  -37.760  54.977 0.0000000000
39901  42.795  -37.281  55.043 0.0000000000
39902  42.292  -37.649  54.402 0.0000000000
39937  41.502  -37.141  52.701 0.0000000000
39918  41.425  -37.519  53.286 0.0000000000
39903  40.462  -37.611  54.042 0.0000000000
39919  40.500  -37.497  53.213 0.0000000000
39920  39.747  -37.426  53.752 0.0000000000
39921  39.218  -37.358  52.996 0.0000000000
35591  33.223  -42.246  58.780 0.0000000000
35601  32.971  -42.002  58.018 0.0000000000
35623  30.827  -41.879  55.740 0.0000000000
35612  31.905  -41.976  56.925 0.0000000000
36426  30.650  -41.528  55.109 0.0000000000
34782  29.426  -43.276  53.095 0.0000000000
35663  29.766  -42.768  53.053 0.0000000000
36446  30.526  -41.781  53.677 0.0000000000
57271  53.524  -17.654  46.465 0.0000000000
57273  52.599  -18.860  46.516 0.0000000000
55314  51.313  -20.099  46.332 0.0000000000
56287  51.865  -19.302  46.025 0.0000000000
117833  50.616  -22.845  47.130 0.0000000000
53392  50.632  -22.549  46.490 0.0000000000
53408  50.823  -22.726  45.271 0.0000000000
120187  26.604  -46.927  56.203 0.0000000000
30429  28.344  -47.952  61.850 0.0000000000
123968  27.976  -48.301  62.407 0.0000000000
30431  26.226  -48.389  61.454 0.0000000000
30442  27.038  -48.298  61.270 0.0000000000
30456  25.993  -47.837  60.016 0.0000000000
30422  25.140  -48.650  62.297 0.0000000000
30459  23.007  -48.204  59.462 0.0000000000
30445  24.102  -47.877  60.658 0.0000000000
37077  42.342  -40.337  69.099 0.0000000000
37076  43.118  -40.094  68.721 0.0000000000
123661  44.497  -39.484  67.095 0.0000000000
37954  44.339  -39.223  67.838 0.0000000000
37953  44.664  -39.249  67.309 0.0000000000
37970  45.154  -38.946  67.129 0.0000000000
37969  45.082  -39.093  66.961 0.0000000000
37161  44.000  -39.821  64.880 0.0000000000
117253  45.012  -39.571  65.467 0.0000000000
118644  44.980  -39.547  64.776 0.0000000000
37175  45.350  -39.409  64.273 0.0000000000
38031  44.087  -39.526  63.645 0.0000000000
38050  43.574  -39.127  63.062 0.0000000000
38032  43.138  -39.618  63.717 0.0000000000
38033  42.096  -39.572  63.695 0.0000000000
37188  41.221  -39.784  63.324 0.0000000000
38053  40.912  -39.375  62.591 0.0000000000
35516  40.994  -41.974  65.152 0.0000000000
36322  40.459  -41.531  64.531 0.0000000000
36333  39.462  -41.421  63.484 0.0000000000
126232  40.075  -41.277  63.967 0.0000000000
36343  39.642  -40.746  62.840 0.0000000000
36357  38.430  -41.278  61.932 0.0000000000
35557  37.242  -42.342  61.842 0.0000000000
36358  37.642  -41.669  61.496 0.0000000000
35568  37.044  -42.117  61.040 0.0000000000
36369  36.697  -41.716  60.368 0.0000000000
35569  36.258  -42.287  60.808 0.0000000000
32783  38.190  -44.445  67.647 0.0000000000
129881  38.937  -44.812  67.461 0.0000000000
32810  36.980  -45.029  65.205 0.0000000000
33665  37.409  -44.529  65.462 0.0000000000
33677  37.110  -44.562  65.098 0.0000000000
33686  36.621  -43.939  64.417 0.0000000000
31994  34.129  -45.468  63.729 0.0000000000
32819  34.922  -45.206  63.878 0.0000000000
33696  35.240  -44.488  62.789 0.0000000000
33695  35.878  -44.156  62.915 0.0000000000
33694  36.530  -43.779  63.402 0.0000000000
129194  35.904  -43.711  62.423 0.0000000000
34697  34.364  -43.278  60.761 0.0000000000
35571  34.688  -42.588  60.375 0.0000000000
35583  33.576  -42.578  59.443 0.0000000000
33733  31.911  -44.066  59.093 0.0000000000
34711  32.183  -43.250  58.804 0.0000000000
34712  31.517  -43.658  58.406 0.0000000000
33756  30.851  -44.114  57.983 0.0000000000
32886  30.056  -45.460  58.725 0.0000000000
117250  29.731  -45.215  57.970 0.0000000000
32910  29.090  -45.533  55.635 0.0000000000
32918  29.047  -45.450  54.686 0.0000000000
121211  28.816  -45.790  54.704 0.0000000000
52281  55.095  -24.221  50.087 0.0000000000
52280  56.317  -24.301  50.255 0.0000000000
52278  58.420  -24.460  50.190 0.0000000000
52295  57.926  -23.986  49.578 0.0000000000
49648  58.665  -25.620  49.287 0.0000000000
50493  59.588  -24.761  48.105 0.0000000000
51364  59.743  -24.322  48.423 0.0000000000
48748  54.368  -27.368  47.068 0.0000000000
48747  55.360  -27.387  47.367 0.0000000000
48765  54.614  -27.098  46.439 0.0000000000
28749  30.999  -49.966  72.227 0.0000000000
28759  30.762  -50.331  72.083 0.0000000000
28036  30.397  -50.741  71.659 0.0000000000
127070  30.272  -50.515  72.307 0.0000000000
28038  29.192  -50.586  71.199 0.0000000000
28778  27.749  -50.172  69.720 0.0000000000
28770  27.594  -50.136  70.607 0.0000000000
29527  26.339  -49.343  70.045 0.0000000000
118216  25.777  -49.111  69.233 0.0000000000
29542  26.039  -49.280  68.313 0.0000000000
31086  24.308  -47.422  72.567 0.0000000000
31078  24.546  -47.311  73.434 0.0000000000
30276  25.042  -47.894  72.925 0.0000000000
30275  25.774  -48.293  73.351 0.0000000000
30324  24.213  -48.125  69.786 0.0000000000
114941  24.218  -48.172  69.086 0.0000000000
30353  24.570  -48.367  68.386 0.0000000000
30367  23.778  -48.118  67.815 0.0000000000
119375  23.750  -48.209  67.117 0.0000000000
30382  22.454  -47.917  66.782 0.0000000000
31128  21.276  -47.184  69.323 0.0000000000
59955  55.901  -15.729  47.299 0.0000000000
58181  54.938  -16.880  47.257 0.0000000000
59051  55.588  -16.434  47.729 0.0000000000
58153  55.064  -17.826  48.501 0.0000000000
57243  54.434  -18.391  48.307 0.0000000000
57244  53.921  -19.212  48.645 0.0000000000
58141  56.011  -17.542  50.508 0.0000000000
56235  53.757  -20.085  49.979 0.0000000000
55275  52.816  -20.261  49.315 0.0000000000
54325  51.218  -21.779  50.906 0.0000000000
52272  51.472  -23.194  51.161 0.0000000000
120604  51.846  -20.178  51.953 0.0000000000
55250  51.832  -20.622  52.749 0.0000000000
52263  52.411  -23.316  52.376 0.0000000000
52271  52.162  -23.539  51.561 0.0000000000
51330  53.744  -24.540  51.228 0.0000000000
51316  53.966  -24.482  52.146 0.0000000000
51295  55.347  -24.540  54.634 0.0000000000
51303  57.526  -25.726  53.524 0.0000000000
50455  58.108  -25.418  52.309 0.0000000000
121867  58.407  -25.849  51.879 0.0000000000
48686  56.370  -27.790  51.641 0.0000000000
114805  54.568  -20.675  58.050 0.0000000000
55208  54.594  -20.663  57.638 0.0000000000
55207  54.483  -21.267  57.761 0.0000000000
52211  54.772  -23.400  57.201 0.0000000000
125080  55.311  -24.383  56.895 0.0000000000
51274  56.126  -24.794  56.624 0.0000000000
50390  54.708  -24.742  57.470 0.0000000000
48617  55.318  -27.169  55.227 0.0000000000
49558  55.586  -26.413  56.265 0.0000000000
49569  55.913  -26.723  55.722 0.0000000000
48616  56.254  -27.021  55.037 0.0000000000
111796  56.489  -27.328  54.456 0.0000000000
108769  55.159  -28.027  52.352 0.0000000000
48704  54.144  -27.721  50.735 0.0000000000
48719  52.109  -27.417  49.586 0.0000000000
109716  51.756  -27.354  48.777 0.0000000000
48672  51.665  -27.468  52.643 0.0000000000
109972  50.235  -27.335  50.997 0.0000000000
48721  50.462  -27.355  49.544 0.0000000000
50364  50.684  -25.221  60.921 0.0000000000
51235  50.669  -24.473  60.609 0.0000000000
125442  50.556  -24.441  59.873 0.0000000000
51243  50.158  -25.050  59.598 0.0000000000
127544  50.780  -30.487  61.010 0.0000000000
45989  51.254  -30.649  61.435 0.0000000000
120906  51.145  -30.027  61.160 0.0000000000
46815  51.456  -29.388  61.410 0.0000000000
46820  50.977  -29.403  60.721 0.0000000000
45183  48.891  -31.250  57.511 0.0000000000
45182  49.145  -31.056  58.183 0.0000000000
46006  49.537  -30.305  58.299 0.0000000000
47678  49.734  -28.862  58.834 0.0000000000
47658  50.366  -28.061  59.832 0.0000000000
48558  50.394  -27.385  59.978 0.0000000000
48585  49.990  -27.429  59.402 0.0000000000
49543  49.220  -26.621  58.161 0.0000000000
50395  49.330  -25.669  57.449 0.0000000000
50406  49.641  -25.330  56.532 0.0000000000
116893  48.971  -25.888  56.713 0.0000000000
48621  47.735  -26.331  55.241 0.0000000000
49574  48.628  -25.983  55.432 0.0000000000
49608  48.170  -25.905  53.570 0.0000000000
49609  47.513  -26.356  53.447 0.0000000000
47727  46.522  -28.860  54.260 0.0000000000
127377  46.136  -28.473  53.395 0.0000000000
47760  46.054  -28.017  51.325 0.0000000000
48677  46.356  -27.548  52.950 0.0000000000
114437  46.769  -27.167  52.185 0.0000000000
125182  47.150  -27.184  50.835 0.0000000000
48740  45.519  -27.346  48.284 0.0000000000
46909  43.078  -29.719  49.508 0.0000000000
46915  42.912  -29.330  48.734 0.0000000000
46924  41.576  -29.717  47.150 0.0000000000
46923  42.116  -29.395  47.609 0.0000000000
46931  41.623  -29.669  46.369 0.0000000000
43471  41.479  -33.733  51.232 0.0000000000
43470  42.072  -33.465  51.653 0.0000000000
44397  41.477  -32.717  50.333 0.0000000000
43478  40.774  -33.083  50.078 0.0000000000
40793  40.220  -35.892  50.807 0.0000000000
41657  40.557  -35.127  50.850 0.0000000000
41668  40.061  -35.179  50.226 0.0000000000
42613  38.833  -34.081  48.780 0.0000000000
43480  39.420  -33.714  49.238 0.0000000000
43488  39.107  -33.282  48.532 0.0000000000
38067  43.132  -38.890  62.501 0.0000000000
119612  43.308  -38.712  61.804 0.0000000000
120734  42.766  -38.478  61.441 0.0000000000
38959  41.762  -37.765  60.480 0.0000000000
39818  41.097  -37.439  59.772 0.0000000000
39843  41.191  -37.333  58.915 0.0000000000
38085  38.853  -38.613  59.797 0.0000000000
108519  38.844  -38.149  59.172 0.0000000000
39857  39.127  -37.363  58.059 0.0000000000
39856  40.097  -37.179  57.945 0.0000000000
114125  39.584  -37.170  57.212 0.0000000000
39870  40.143  -37.282  56.364 0.0000000000
114966  39.096  -37.216  56.446 0.0000000000
39892  38.477  -37.020  54.979 0.0000000000
108779  38.050  -37.050  53.631 0.0000000000
39906  37.154  -36.966  54.074 0.0000000000
36406  33.364  -41.321  57.664 0.0000000000
37245  33.765  -40.620  57.247 0.0000000000
37261  34.129  -39.920  56.792 0.0000000000
38121  34.591  -39.336  56.216 0.0000000000
38142  32.507  -39.617  53.956 0.0000000000
39043  34.342  -38.355  54.387 0.0000000000
39042  35.102  -38.114  54.865 0.0000000000
39895  36.028  -37.754  55.060 0.0000000000
39943  35.048  -37.290  52.477 0.0000000000
108667  36.487  -36.863  52.672 0.0000000000
61667  56.319  -12.779  43.270 0.0000000000
57278  52.855  -17.678  45.758 0.0000000000
58193  52.825  -17.060  45.162 0.0000000000
58203  52.125  -16.951  44.646 0.0000000000
59079  51.513  -16.842  44.022 0.0000000000
52297  55.816  -23.945  49.519 0.0000000000
52323  55.438  -23.810  48.803 0.0000000000
29525  33.297  -49.220  70.877 0.0000000000
37158  46.565  -38.987  64.044 0.0000000000
38010  47.472  -38.597  64.375 0.0000000000
38028  46.559  -39.034  63.849 0.0000000000
38916  46.449  -38.429  62.647 0.0000000000
38935  46.623  -37.856  62.323 0.0000000000
39802  46.294  -37.457  61.642 0.0000000000
38936  46.080  -38.143  61.919 0.0000000000
38969  44.573  -37.727  59.982 0.0000000000
38956  44.559  -38.139  60.418 0.0000000000
110881  43.572  -38.417  60.088 0.0000000000
52301  51.425  -23.732  49.351 0.0000000000
116921  52.896  -24.053  48.655 0.0000000000
52325  53.627  -23.922  48.318 0.0000000000
116829  28.702  -47.405  60.120 0.0000000000
29571  25.914  -49.281  65.422 0.0000000000
30401  23.082  -48.020  64.223 0.0000000000
115043  22.909  -47.859  64.919 0.0000000000
35457  40.840  -41.759  69.601 0.0000000000
35467  41.412  -42.230  69.330 0.0000000000
34584  41.128  -43.078  69.077 0.0000000000
34598  41.266  -43.306  68.301 0.0000000000
34610  41.269  -43.359  67.523 0.0000000000
34611  40.565  -43.862  67.272 0.0000000000
33652  39.862  -44.193  67.029 0.0000000000
31197  31.839  -46.548  63.011 0.0000000000
32018  31.026  -46.388  61.123 0.0000000000
31204  30.494  -46.659  61.291 0.0000000000
31214  29.894  -46.806  61.035 0.0000000000
130913  56.286  -27.187  47.597 0.0000000000
54286  54.450  -20.650  56.141 0.0000000000
54276  54.698  -21.445  56.654 0.0000000000
54275  54.689  -21.773  56.940 0.0000000000
51252  52.572  -23.744  58.733 0.0000000000
50420  51.170  -25.347  55.766 0.0000000000
50421  50.150  -25.327  55.737 0.0000000000
44358  46.399  -32.137  55.175 0.0000000000
45229  46.481  -31.058  54.046 0.0000000000
130426  45.814  -31.377  53.721 0.0000000000
45245  45.395  -31.534  52.978 0.0000000000
45254  44.344  -31.438  51.846 0.0000000000
44390  43.856  -32.081  52.060 0.0000000000
36379  37.094  -41.111  59.918 0.0000000000
37222  36.653  -40.760  59.280 0.0000000000
60833  55.842  -14.143  44.999 0.0000000000
59076  53.594  -15.691  45.185 0.0000000000
113654  30.829  -48.099  65.309 0.0000000000
30388  30.937  -48.584  65.874 0.0000000000
128578  30.581  -48.935  66.063 0.0000000000
29550  30.023  -49.862  67.005 0.0000000000
28791  29.845  -49.933  67.757 0.0000000000
28793  28.349  -49.920  67.326 0.0000000000
120968  27.387  -50.110  68.223 0.0000000000
32754  37.116  -44.532  69.955 0.0000000000
32765  37.134  -44.464  68.908 0.0000000000
30350  34.142  -47.965  68.706 0.0000000000
30364  33.900  -47.848  67.723 0.0000000000
130194  33.645  -47.770  67.041 0.0000000000
31175  32.926  -47.546  66.018 0.0000000000
40654  47.537  -37.065  64.464 0.0000000000
41527  47.358  -35.796  63.739 0.0000000000
42469  47.229  -34.392  63.974 0.0000000000
43377  49.762  -33.434  63.388 0.0000000000
42493  49.434  -34.313  61.855 0.0000000000
40710  46.706  -35.798  59.403 0.0000000000
41577  47.189  -35.392  59.736 0.0000000000
42525  46.514  -34.787  58.504 0.0000000000
42530  46.064  -34.419  57.815 0.0000000000
129145  45.077  -34.515  56.438 0.0000000000
42547  44.100  -34.711  55.611 0.0000000000
42537  44.500  -34.971  56.281 0.0000000000
41604  43.775  -35.618  56.004 0.0000000000
128944  43.348  -35.920  55.516 0.0000000000
111742  43.062  -37.758  57.036 0.0000000000
39012  42.721  -37.492  56.278 0.0000000000
39033  42.359  -37.832  55.530 0.0000000000
39040  42.112  -38.062  54.727 0.0000000000
39890  40.191  -37.434  54.836 0.0000000000
35603  31.492  -42.571  57.333 0.0000000000
35614  30.445  -42.572  56.057 0.0000000000
56279  52.937  -19.163  47.332 0.0000000000
55315  50.724  -20.943  46.262 0.0000000000
52379  51.658  -23.665  46.399 0.0000000000
52392  51.222  -23.262  45.785 0.0000000000
31251  26.233  -47.271  57.644 0.0000000000
30410  27.988  -48.479  63.079 0.0000000000
30419  27.382  -48.609  62.569 0.0000000000
30420  26.782  -48.627  62.009 0.0000000000
108680  23.723  -48.037  61.180 0.0000000000
36285  43.060  -40.953  68.148 0.0000000000
37092  43.445  -40.282  68.255 0.0000000000
36284  43.593  -40.313  67.695 0.0000000000
36293  43.801  -40.045  67.053 0.0000000000
37105  44.507  -39.544  66.710 0.0000000000
37122  44.803  -39.473  66.321 0.0000000000
36311  44.031  -39.948  65.946 0.0000000000
110642  43.320  -40.188  64.903 0.0000000000
35543  38.784  -41.967  63.145 0.0000000000
36345  38.432  -41.764  62.583 0.0000000000
32793  37.400  -44.458  66.758 0.0000000000
32824  34.579  -44.881  63.127 0.0000000000
32833  34.026  -44.735  62.355 0.0000000000
33705  34.091  -44.013  61.114 0.0000000000
34698  33.654  -43.649  60.476 0.0000000000
34704  33.266  -43.284  59.800 0.0000000000
32052  29.544  -45.755  58.236 0.0000000000
32075  28.668  -45.755  56.883 0.0000000000
32088  28.782  -45.857  55.934 0.0000000000
32101  28.908  -45.884  55.169 0.0000000000
32089  28.377  -46.043  55.578 0.0000000000
51340  57.120  -24.532  51.247 0.0000000000
51352  58.928  -24.798  50.196 0.0000000000
121436  58.362  -25.758  47.770 0.0000000000
130927  58.795  -25.437  48.167 0.0000000000
50495  58.434  -25.582  47.141 0.0000000000
28761  27.476  -50.077  71.505 0.0000000000
110106  26.577  -49.108  70.903 0.0000000000
31079  23.756  -46.969  73.118 0.0000000000
31097  24.052  -47.478  71.714 0.0000000000
30310  24.499  -47.976  71.138 0.0000000000
30338  23.649  -47.771  69.294 0.0000000000
31150  23.111  -47.592  68.047 0.0000000000
31137  23.080  -47.477  68.804 0.0000000000
31138  22.451  -47.373  68.383 0.0000000000
59035  56.045  -16.738  48.747 0.0000000000
58152  55.650  -17.512  49.337 0.0000000000
57220  55.532  -18.198  50.826 0.0000000000
112135  52.778  -20.300  50.217 0.0000000000
55266  51.894  -20.551  50.507 0.0000000000
55257  51.481  -20.821  51.240 0.0000000000
54306  52.055  -21.176  53.340 0.0000000000
53300  52.274  -21.991  53.416 0.0000000000
52262  53.349  -23.713  52.708 0.0000000000
51315  54.198  -24.234  53.092 0.0000000000
51305  54.940  -24.581  53.543 0.0000000000
51294  56.296  -25.133  55.071 0.0000000000
50445  57.671  -26.017  53.468 0.0000000000
49605  57.711  -26.580  53.076 0.0000000000
129444  57.524  -26.375  53.798 0.0000000000
109304  57.531  -27.117  53.246 0.0000000000
54254  54.280  -21.989  58.193 0.0000000000
53248  54.265  -22.179  58.041 0.0000000000
118301  54.407  -22.764  57.630 0.0000000000
52212  55.137  -24.321  56.957 0.0000000000
49559  54.815  -26.316  56.511 0.0000000000
111123  55.340  -27.938  53.714 0.0000000000
48632  54.473  -27.802  53.892 0.0000000000
108768  54.063  -27.859  52.325 0.0000000000
108766  53.656  -27.743  51.387 0.0000000000
108962  52.148  -27.705  51.943 0.0000000000
48673  50.748  -27.048  52.337 0.0000000000
48722  49.836  -27.189  49.125 0.0000000000
108758  49.154  -26.943  50.019 0.0000000000
50369  50.337  -25.834  60.238 0.0000000000
44289  50.512  -31.856  61.459 0.0000000000
45131  51.163  -31.327  61.738 0.0000000000
120701  49.926  -31.621  61.083 0.0000000000
46024  48.815  -30.278  57.150 0.0000000000
119518  49.236  -29.986  57.674 0.0000000000
47692  49.155  -28.477  58.108 0.0000000000
48586  49.444  -27.677  58.712 0.0000000000
48599  48.567  -27.367  57.180 0.0000000000
49562  48.504  -26.547  56.687 0.0000000000
46889  45.723  -29.097  52.486 0.0000000000
48708  46.440  -27.530  50.593 0.0000000000
48709  45.907  -27.630  50.074 0.0000000000
48741  44.621  -27.621  47.763 0.0000000000
47788  43.170  -28.407  47.333 0.0000000000
46091  41.742  -30.355  48.646 0.0000000000
46916  42.192  -29.633  48.386 0.0000000000
46099  41.057  -30.278  47.326 0.0000000000
42579  42.308  -34.493  52.713 0.0000000000
43466  42.492  -33.569  52.372 0.0000000000
42588  41.515  -34.490  51.673 0.0000000000
42595  40.973  -34.329  51.065 0.0000000000
41670  38.765  -35.602  49.519 0.0000000000
42603  38.757  -34.922  49.102 0.0000000000
38941  41.391  -38.742  62.070 0.0000000000
108151  41.987  -38.189  61.446 0.0000000000
38974  40.181  -37.658  59.912 0.0000000000
38987  37.848  -38.336  58.273 0.0000000000
38986  38.562  -37.931  58.565 0.0000000000
39858  37.956  -37.567  57.213 0.0000000000
39871  38.054  -37.303  56.450 0.0000000000
38161  33.216  -39.428  52.660 0.0000000000
38150  33.117  -39.196  53.603 0.0000000000
39056  34.233  -38.243  53.621 0.0000000000
57280  51.382  -18.372  45.022 0.0000000000
119211  57.326  -23.355  48.571 0.0000000000
108490  32.114  -49.224  68.080 0.0000000000
130984  30.949  -49.890  68.485 0.0000000000
108102  30.097  -50.001  69.340 0.0000000000
28045  30.004  -50.456  70.200 0.0000000000
31121  34.567  -47.383  70.026 0.0000000000
39755  45.490  -37.842  66.491 0.0000000000
40639  46.269  -37.685  65.619 0.0000000000
39763  47.675  -37.833  65.697 0.0000000000
40646  47.849  -37.698  65.362 0.0000000000
38883  48.065  -38.485  64.887 0.0000000000
39770  48.109  -37.953  64.811 0.0000000000
40653  47.631  -37.087  64.253 0.0000000000
120104  47.525  -36.215  63.632 0.0000000000
41549  47.900  -35.080  62.501 0.0000000000
40678  47.141  -36.348  61.605 0.0000000000
40687  46.962  -36.035  60.809 0.0000000000
39830  46.426  -36.288  60.543 0.0000000000
40700  46.256  -36.128  59.862 0.0000000000
40721  44.740  -36.369  58.469 0.0000000000
40722  44.305  -36.861  57.965 0.0000000000
39853  44.441  -37.024  58.437 0.0000000000
39854  44.127  -37.450  58.114 0.0000000000
38995  43.663  -37.787  57.711 0.0000000000
38996  43.124  -38.161  57.703 0.0000000000
121532  42.535  -37.999  57.187 0.0000000000
38997  41.837  -37.886  57.528 0.0000000000
33801  29.052  -44.346  54.267 0.0000000000
34755  29.426  -43.704  54.888 0.0000000000
33811  29.011  -44.013  53.293 0.0000000000
124270  28.532  -45.444  51.230 0.0000000000
112359  29.146  -45.008  50.814 0.0000000000
54360  50.975  -21.394  47.870 0.0000000000
54348  50.592  -22.039  48.259 0.0000000000
53378  50.584  -22.753  47.844 0.0000000000
52360  50.877  -23.356  47.454 0.0000000000
52327  51.323  -23.733  48.448 0.0000000000
126222  51.214  -23.660  47.821 0.0000000000
52359  51.380  -23.725  47.183 0.0000000000
52378  52.547  -23.741  46.274 0.0000000000
128533  27.605  -46.803  57.601 0.0000000000
116835  27.059  -47.073  58.000 0.0000000000
112070  27.945  -47.150  59.097 0.0000000000
31240  25.509  -47.527  58.139 0.0000000000
31227  25.542  -47.654  59.088 0.0000000000
29586  26.573  -49.123  63.693 0.0000000000
29588  24.801  -48.822  63.860 0.0000000000
119632  24.461  -48.454  62.669 0.0000000000
30434  23.171  -48.124  61.783 0.0000000000
30413  21.636  -48.475  63.330 0.0000000000
35466  42.051  -41.854  69.066 0.0000000000
36286  42.573  -41.462  68.589 0.0000000000
35475  42.803  -41.730  68.027 0.0000000000
35483  42.931  -41.625  67.366 0.0000000000
35505  42.336  -41.808  65.946 0.0000000000
129719  40.517  -42.501  65.381 0.0000000000
127066  40.412  -42.967  65.898 0.0000000000
109777  34.855  -45.796  65.214 0.0000000000
31995  32.597  -46.142  63.242 0.0000000000
32005  32.942  -45.673  62.731 0.0000000000
32865  31.995  -45.206  60.090 0.0000000000
32042  30.413  -45.826  59.259 0.0000000000
32053  29.394  -46.298  58.561 0.0000000000
32054  28.700  -46.433  58.224 0.0000000000
31088  22.658  -46.714  71.976 0.0000000000
31099  22.429  -46.766  71.143 0.0000000000
127367  22.300  -46.880  70.469 0.0000000000
31100  21.505  -46.606  70.736 0.0000000000
31115  20.950  -46.957  70.093 0.0000000000
53298  54.140  -22.881  54.340 0.0000000000
128890  54.289  -22.794  55.049 0.0000000000
52240  55.915  -24.455  55.745 0.0000000000
52202  54.205  -23.389  57.960 0.0000000000
50380  54.007  -24.561  58.107 0.0000000000
50402  53.534  -25.451  57.026 0.0000000000
124589  53.979  -26.051  56.662 0.0000000000
48619  53.233  -26.949  55.143 0.0000000000
122272  52.679  -27.505  53.957 0.0000000000
48635  52.025  -27.052  54.238 0.0000000000
48636  51.204  -26.676  53.847 0.0000000000
48657  50.237  -26.513  52.740 0.0000000000
43419  48.574  -32.272  58.610 0.0000000000
44322  48.904  -31.558  58.894 0.0000000000
45195  48.491  -31.274  56.924 0.0000000000
45207  47.801  -31.419  55.821 0.0000000000
45206  48.143  -31.205  56.282 0.0000000000
46025  48.367  -30.682  56.509 0.0000000000
119736  48.105  -30.219  55.783 0.0000000000
46859  47.718  -29.766  55.258 0.0000000000
46875  46.352  -29.476  53.725 0.0000000000
46066  45.952  -29.982  52.785 0.0000000000
46897  45.390  -29.542  51.742 0.0000000000
46904  44.714  -29.495  50.629 0.0000000000
112243  44.068  -29.873  50.341 0.0000000000
46083  43.425  -30.250  50.083 0.0000000000
46084  42.701  -30.554  49.762 0.0000000000
45266  41.603  -31.653  49.516 0.0000000000
40784  41.156  -36.375  51.800 0.0000000000
125106  39.754  -35.759  50.290 0.0000000000
40806  39.089  -35.960  50.132 0.0000000000
108872  39.337  -39.623  61.257 0.0000000000
38079  39.263  -38.891  60.625 0.0000000000
38086  38.213  -39.180  59.733 0.0000000000
109809  37.566  -39.479  59.395 0.0000000000
38093  37.437  -39.121  58.589 0.0000000000
124800  36.236  -38.729  56.890 0.0000000000
37280  32.069  -40.191  54.389 0.0000000000
37289  31.391  -40.841  53.326 0.0000000000
37301  32.583  -40.231  52.465 0.0000000000
126813  54.964  -14.003  43.928 0.0000000000
60847  54.472  -14.137  43.333 0.0000000000
59998  53.142  -14.780  43.273 0.0000000000
55359  50.372  -20.270  43.264 0.0000000000
31194  30.619  -47.357  63.136 0.0000000000
31199  30.034  -47.488  62.867 0.0000000000
30409  28.760  -48.112  63.656 0.0000000000
29559  30.181  -49.313  66.336 0.0000000000
29579  27.016  -49.537  64.547 0.0000000000
29563  25.171  -48.804  66.904 0.0000000000
34572  38.173  -43.199  70.086 0.0000000000
110472  39.788  -45.044  68.068 0.0000000000
32772  39.240  -44.867  68.440 0.0000000000
31953  37.423  -44.366  67.775 0.0000000000
32774  37.158  -44.346  68.005 0.0000000000
32784  37.170  -44.376  67.555 0.0000000000
31969  36.228  -45.473  66.662 0.0000000000
31976  35.819  -45.632  66.312 0.0000000000
31947  35.108  -46.033  69.115 0.0000000000
31956  35.215  -46.092  68.574 0.0000000000
31963  35.510  -45.868  67.868 0.0000000000
31970  35.180  -45.766  66.723 0.0000000000
111178  34.989  -45.750  66.016 0.0000000000
31985  33.534  -46.459  65.114 0.0000000000
31183  32.862  -46.579  64.557 0.0000000000
48766  53.859  -27.271  46.256 0.0000000000
109311  54.387  -20.994  58.520 0.0000000000
54232  54.133  -21.294  59.097 0.0000000000
54244  53.993  -21.790  59.093 0.0000000000
54233  53.893  -21.464  59.728 0.0000000000
53238  53.923  -22.093  59.082 0.0000000000
52191  53.782  -22.847  59.141 0.0000000000
53231  52.837  -22.250  60.736 0.0000000000
51253  51.491  -23.983  58.553 0.0000000000
44276  50.505  -32.678  61.798 0.0000000000
44290  49.946  -32.342  61.169 0.0000000000
41558  48.766  -34.469  61.513 0.0000000000
42503  48.762  -34.134  60.899 0.0000000000
41576  47.561  -34.650  60.296 0.0000000000
42504  48.178  -34.155  60.584 0.0000000000
42516  48.712  -33.780  60.421 0.0000000000
43408  48.344  -33.350  59.886 0.0000000000
128490  48.549  -32.777  59.470 0.0000000000
43431  46.918  -32.779  56.781 0.0000000000
43427  46.313  -33.572  57.240 0.0000000000
43432  46.232  -33.112  56.403 0.0000000000
43438  45.915  -32.808  55.718 0.0000000000
44382  44.237  -32.826  53.711 0.0000000000
43461  44.231  -33.291  54.270 0.0000000000
42570  43.189  -34.264  53.861 0.0000000000
42559  43.841  -34.376  54.953 0.0000000000
42560  43.283  -34.707  54.519 0.0000000000
42571  42.621  -34.802  53.391 0.0000000000
40775  42.020  -36.768  52.673 0.0000000000
40732  44.002  -36.549  57.279 0.0000000000
40749  43.267  -36.577  55.867 0.0000000000
118899  42.926  -37.205  56.100 0.0000000000
39054  41.244  -37.728  53.736 0.0000000000
39939  39.585  -37.323  52.111 0.0000000000
36393  34.257  -41.481  58.696 0.0000000000
36394  33.629  -41.646  58.405 0.0000000000
36417  32.304  -41.352  56.531 0.0000000000
36424  31.968  -41.032  55.740 0.0000000000
36432  31.075  -41.173  54.658 0.0000000000
34770  29.583  -42.778  54.545 0.0000000000
125273  29.977  -42.171  54.159 0.0000000000
36433  30.499  -41.622  54.449 0.0000000000
36445  30.976  -41.227  53.881 0.0000000000
59060  54.495  -16.544  46.512 0.0000000000
58191  53.993  -16.992  46.215 0.0000000000
57279  52.194  -18.454  45.728 0.0000000000
126453  51.423  -18.972  45.462 0.0000000000
56289  50.399  -20.004  44.850 0.0000000000
54376  50.918  -21.246  47.049 0.0000000000
123270  50.784  -22.898  45.933 0.0000000000
53409  50.568  -22.288  45.675 0.0000000000
54389  50.357  -21.433  45.374 0.0000000000
125533  27.351  -46.655  56.403 0.0000000000
31278  26.175  -46.865  55.318 0.0000000000
30428  28.999  -47.593  62.183 0.0000000000
31217  27.259  -47.979  60.526 0.0000000000
31218  26.734  -47.809  60.079 0.0000000000
113938  24.845  -47.660  58.472 0.0000000000
30421  25.958  -48.828  62.177 0.0000000000
30433  24.757  -48.066  61.335 0.0000000000
111404  24.741  -47.891  60.514 0.0000000000
30467  24.484  -47.665  59.104 0.0000000000
30468  24.016  -47.880  58.277 0.0000000000
37955  43.766  -39.703  68.298 0.0000000000
39747  44.958  -38.052  67.319 0.0000000000
39746  45.242  -38.010  66.599 0.0000000000
37986  45.198  -38.692  66.086 0.0000000000
120725  45.238  -39.052  65.235 0.0000000000
112946  45.005  -39.481  66.139 0.0000000000
37141  44.962  -39.562  65.320 0.0000000000
113375  45.434  -39.299  64.323 0.0000000000
37159  45.935  -39.184  64.189 0.0000000000
36313  41.786  -41.582  65.268 0.0000000000
108373  40.679  -40.919  64.060 0.0000000000
36331  40.763  -40.383  63.589 0.0000000000
37189  40.407  -40.146  62.896 0.0000000000
108781  39.824  -40.194  62.263 0.0000000000
37198  39.412  -40.128  61.753 0.0000000000
37199  38.749  -40.407  61.378 0.0000000000
35581  35.146  -42.003  59.842 0.0000000000
33641  39.408  -44.751  67.427 0.0000000000
33653  39.121  -44.197  66.610 0.0000000000
129169  37.695  -44.402  66.142 0.0000000000
111500  38.293  -44.172  65.966 0.0000000000
33675  38.526  -43.760  65.415 0.0000000000
34663  37.234  -43.452  63.770 0.0000000000
32812  35.169  -45.223  64.948 0.0000000000
33687  35.434  -44.743  63.425 0.0000000000
34675  37.080  -43.269  62.927 0.0000000000
34685  36.838  -42.994  62.201 0.0000000000
34687  35.378  -43.296  61.577 0.0000000000
34695  35.797  -42.830  61.231 0.0000000000
35570  35.458  -42.407  60.598 0.0000000000
35592  32.527  -42.560  58.450 0.0000000000
34722  31.907  -42.961  58.015 0.0000000000
33714  31.482  -44.776  59.528 0.0000000000
33735  30.385  -44.815  58.431 0.0000000000
33757  30.090  -44.535  57.608 0.0000000000
33774  29.806  -44.260  56.782 0.0000000000
33788  29.376  -44.767  55.248 0.0000000000
32929  28.408  -45.569  53.164 0.0000000000
32116  28.182  -46.049  53.628 0.0000000000
32130  28.149  -46.099  52.629 0.0000000000
108372  54.024  -24.128  49.975 0.0000000000
123796  57.503  -23.706  49.150 0.0000000000
50483  59.136  -25.257  48.537 0.0000000000
52293  59.277  -24.462  49.180 0.0000000000
112485  56.034  -26.914  46.939 0.0000000000
48764  55.866  -26.789  46.114 0.0000000000
30305  32.550  -49.070  71.326 0.0000000000
28757  32.321  -50.015  71.836 0.0000000000
28758  31.495  -50.156  71.955 0.0000000000
28767  31.529  -50.209  71.252 0.0000000000
28041  30.655  -50.563  70.869 0.0000000000
28768  29.315  -50.374  70.326 0.0000000000
28751  29.850  -50.355  72.872 0.0000000000
28037  29.870  -50.777  71.925 0.0000000000
116238  28.599  -50.146  69.581 0.0000000000
28779  26.972  -50.013  69.873 0.0000000000
29541  26.693  -49.935  68.334 0.0000000000
30290  26.261  -48.785  73.038 0.0000000000
29528  25.910  -48.743  70.675 0.0000000000
30323  24.918  -48.415  70.392 0.0000000000
30352  25.373  -48.735  68.613 0.0000000000
30381  23.248  -48.075  66.583 0.0000000000
111635  22.612  -48.039  66.147 0.0000000000
31139  21.498  -47.355  68.391 0.0000000000
59966  55.428  -15.369  46.466 0.0000000000
59965  56.252  -15.015  46.890 0.0000000000
57262  54.013  -18.053  47.302 0.0000000000
57230  55.043  -18.667  50.235 0.0000000000
56248  54.430  -18.836  49.308 0.0000000000
56249  53.581  -19.978  49.017 0.0000000000
56250  52.868  -20.089  48.485 0.0000000000
55290  51.403  -20.916  48.423 0.0000000000
54337  50.690  -22.038  49.117 0.0000000000
54330  51.070  -21.977  49.976 0.0000000000
52284  51.378  -23.400  50.282 0.0000000000
54318  51.272  -21.603  51.772 0.0000000000
54317  51.591  -21.593  52.679 0.0000000000
53312  51.414  -22.275  52.170 0.0000000000
52282  53.578  -24.303  50.548 0.0000000000
51326  58.536  -24.754  51.924 0.0000000000
51312  58.138  -25.241  52.407 0.0000000000
50463  59.001  -25.031  52.015 0.0000000000
50462  59.176  -25.064  51.776 0.0000000000
49626  58.209  -26.381  51.440 0.0000000000
48701  57.900  -26.901  51.218 0.0000000000
48667  57.986  -26.601  52.328 0.0000000000
127288  56.745  -27.575  50.535 0.0000000000
48717  55.887  -27.729  50.252 0.0000000000
55216  54.568  -21.240  57.337 0.0000000000
53269  54.814  -22.367  56.856 0.0000000000
53259  54.834  -22.792  57.044 0.0000000000
109484  56.924  -25.439  56.176 0.0000000000
51249  54.685  -24.173  57.516 0.0000000000
51260  55.373  -24.837  57.111 0.0000000000
50389  55.929  -25.288  56.915 0.0000000000
49549  55.470  -25.777  56.752 0.0000000000
50401  56.161  -25.820  56.400 0.0000000000
49557  56.963  -25.974  56.077 0.0000000000
48630  57.046  -26.734  54.723 0.0000000000
48650  56.991  -27.218  53.942 0.0000000000
108921  56.720  -27.645  53.195 0.0000000000
108770  55.733  -28.019  53.118 0.0000000000
48670  56.161  -27.937  52.413 0.0000000000
48687  55.616  -27.840  51.077 0.0000000000
123294  55.114  -27.765  49.766 0.0000000000
48705  53.357  -27.610  50.544 0.0000000000
48718  53.095  -27.552  49.631 0.0000000000
108764  51.848  -27.508  51.138 0.0000000000
108961  50.980  -27.414  51.038 0.0000000000
108761  51.515  -27.459  50.340 0.0000000000
48720  51.187  -27.401  49.561 0.0000000000
51254  50.592  -24.343  58.112 0.0000000000
48541  51.839  -28.095  62.034 0.0000000000
48542  51.388  -27.993  61.427 0.0000000000
127118  49.283  -30.836  59.057 0.0000000000
45999  50.132  -30.103  59.895 0.0000000000
46834  49.853  -29.753  58.684 0.0000000000
46826  50.097  -29.578  59.333 0.0000000000
46825  50.427  -29.456  60.083 0.0000000000
47665  50.710  -28.724  60.284 0.0000000000
49528  51.095  -27.268  61.159 0.0000000000
49529  50.577  -26.885  60.504 0.0000000000
49536  49.640  -26.663  58.985 0.0000000000
50374  49.908  -25.825  59.299 0.0000000000
50381  49.948  -24.975  58.733 0.0000000000
124588  49.967  -25.032  57.036 0.0000000000
49561  48.601  -25.987  56.186 0.0000000000
128858  49.036  -25.913  53.800 0.0000000000
118649  46.917  -28.230  54.719 0.0000000000
48637  46.854  -27.324  54.301 0.0000000000
48659  46.538  -27.487  53.646 0.0000000000
48658  47.031  -26.832  53.745 0.0000000000
108295  47.712  -26.667  52.047 0.0000000000
48724  46.612  -27.278  49.583 0.0000000000
46914  43.746  -28.994  49.102 0.0000000000
47789  42.558  -28.927  47.277 0.0000000000
43469  42.726  -32.839  51.937 0.0000000000
44392  42.446  -32.573  51.230 0.0000000000
44400  41.158  -32.324  49.773 0.0000000000
44406  40.897  -31.883  49.110 0.0000000000
43476  40.448  -34.136  50.353 0.0000000000
112435  43.503  -38.558  60.974 0.0000000000
38972  42.748  -38.199  59.722 0.0000000000
38984  41.838  -37.871  58.358 0.0000000000
108838  39.531  -38.217  60.144 0.0000000000
38985  39.252  -37.651  58.850 0.0000000000
39834  39.922  -37.445  59.152 0.0000000000
39844  40.445  -37.254  58.649 0.0000000000
39891  39.282  -37.137  54.952 0.0000000000
109720  38.691  -37.150  55.674 0.0000000000
39904  38.888  -37.181  54.190 0.0000000000
39941  37.261  -36.950  52.422 0.0000000000
127371  34.987  -40.688  57.999 0.0000000000
37243  35.419  -40.151  57.635 0.0000000000
38119  36.086  -38.400  56.272 0.0000000000
38135  32.822  -39.894  54.803 0.0000000000
113500  33.477  -39.458  55.205 0.0000000000
126206  33.903  -38.923  54.744 0.0000000000
38134  34.194  -39.110  55.477 0.0000000000
38133  34.899  -38.709  55.627 0.0000000000
119209  36.492  -37.211  54.525 0.0000000000
39923  36.254  -37.033  53.584 0.0000000000
109536  36.760  -36.898  51.857 0.0000000000
59067  53.925  -16.219  45.800 0.0000000000
59069  52.688  -16.428  44.770 0.0000000000
59077  53.009  -15.716  44.564 0.0000000000
59984  52.540  -15.476  43.613 0.0000000000
118906  51.933  -15.615  42.912 0.0000000000
56320  50.388  -19.161  43.601 0.0000000000
123648  54.299  -23.882  48.013 0.0000000000
115195  55.097  -23.860  48.091 0.0000000000
28748  31.832  -49.987  72.041 0.0000000000
29500  28.017  -49.334  73.565 0.0000000000
32771  39.791  -44.787  68.593 0.0000000000
35662  30.389  -42.585  52.635 0.0000000000
36381  35.265  -41.461  59.313 0.0000000000
37123  44.507  -39.655  66.469 0.0000000000
37176  44.553  -39.636  64.250 0.0000000000
37997  46.699  -38.247  64.728 0.0000000000
38027  47.211  -38.812  64.024 0.0000000000
38030  44.962  -39.330  63.572 0.0000000000
38047  46.872  -38.686  63.458 0.0000000000
38845  45.160  -38.674  66.675 0.0000000000
38872  47.687  -38.158  65.513 0.0000000000
38884  47.723  -38.605  64.327 0.0000000000
39754  46.254  -37.728  65.531 0.0000000000
39771  48.004  -37.602  65.098 0.0000000000
40776  41.498  -36.687  52.326 0.0000000000
42484  49.964  -34.133  62.183 0.0000000000
45990  50.132  -30.533  60.604 0.0000000000
46015  49.134  -30.618  57.606 0.0000000000
47649  51.665  -28.699  61.736 0.0000000000
47773  44.923  -28.170  49.605 0.0000000000
109852  55.239  -14.543  45.266 0.0000000000
109973  53.222  -27.900  52.856 0.0000000000
116302  41.147  -30.003  46.731 0.0000000000
120397  50.325  -19.614  43.157 0.0000000000
122638  43.812  -39.921  67.238 0.0000000000
127992  35.026  -45.225  64.389 0.0000000000
128630  52.454  -20.285  48.713 0.0000000000
128721  28.826  -47.603  61.665 0.0000000000
129851  52.147  -27.642  53.022 0.0000000000
130324  27.060  -49.586  72.536 0.0000000000
