#!ascii label  , from subject Paciente_3 vox2ras=TkReg
1510
34521  16.728  -44.217  74.896 0.0000000000
56282  47.898  -19.739  46.115 0.0000000000
126578  34.232  -40.638  61.930 0.0000000000
43359  40.552  -33.641  65.247 0.0000000000
119539  26.056  -45.269  63.106 0.0000000000
33568  25.030  -44.830  72.654 0.0000000000
65945  54.150  -8.989  41.981 0.0000000000
60783  54.333  -15.044  49.253 0.0000000000
46861  42.717  -29.607  55.272 0.0000000000
68738  57.608  -6.054  35.245 0.0000000000
35487  32.953  -43.249  67.015 0.0000000000
34530  20.413  -43.869  73.368 0.0000000000
62452  54.624  -12.869  45.164 0.0000000000
109181  50.559  -14.033  43.574 0.0000000000
54327  47.913  -22.575  51.298 0.0000000000
57199  50.413  -18.575  52.709 0.0000000000
53335  44.409  -23.132  50.659 0.0000000000
44312  36.414  -32.358  59.863 0.0000000000
39780  38.471  -37.926  62.978 0.0000000000
32777  29.792  -46.565  67.783 0.0000000000
30308  29.571  -48.695  71.688 0.0000000000
127514  25.225  -46.053  67.469 0.0000000000
33636  20.437  -44.733  68.241 0.0000000000
35547  29.652  -42.749  62.365 0.0000000000
127349  58.532  -8.067  43.164 0.0000000000
63408  58.651  -11.575  46.763 0.0000000000
58171  51.357  -17.338  47.790 0.0000000000
50407  45.203  -25.143  56.597 0.0000000000
44294  41.634  -32.876  60.419 0.0000000000
130449  55.622  -9.194  38.207 0.0000000000
65993  60.378  -8.746  37.847 0.0000000000
67830  63.677  -6.987  33.935 0.0000000000
121509  32.857  -45.509  70.406 0.0000000000
116032  18.616  -44.056  73.696 0.0000000000
35420  21.822  -42.660  76.649 0.0000000000
35406  18.924  -42.849  77.222 0.0000000000
62491  50.360  -12.174  42.309 0.0000000000
54298  47.693  -22.039  54.335 0.0000000000
54287  49.813  -21.532  55.204 0.0000000000
34469  12.274  -43.988  78.585 0.0000000000
52362  44.006  -23.852  47.328 0.0000000000
38976  34.303  -38.488  59.430 0.0000000000
39820  35.878  -37.208  60.204 0.0000000000
38054  36.414  -39.394  62.490 0.0000000000
32805  28.160  -45.868  65.360 0.0000000000
31966  27.407  -46.910  67.597 0.0000000000
32808  25.042  -45.717  65.233 0.0000000000
34677  28.280  -43.751  62.614 0.0000000000
34637  29.957  -44.339  65.197 0.0000000000
31921  27.464  -46.940  71.949 0.0000000000
123947  56.139  -8.647  42.915 0.0000000000
65104  58.753  -9.328  44.839 0.0000000000
121445  56.006  -9.818  44.193 0.0000000000
61627  54.513  -13.429  47.589 0.0000000000
62420  56.204  -12.894  48.266 0.0000000000
128324  46.862  -17.770  44.479 0.0000000000
109315  48.641  -16.491  44.963 0.0000000000
58174  49.517  -18.093  46.814 0.0000000000
48661  42.367  -27.710  53.059 0.0000000000
50439  43.412  -25.315  53.704 0.0000000000
48610  44.691  -27.774  55.991 0.0000000000
120777  38.933  -33.178  62.261 0.0000000000
45157  38.741  -32.369  59.673 0.0000000000
108605  40.287  -31.966  63.049 0.0000000000
65973  52.524  -9.164  39.988 0.0000000000
112926  53.732  -7.693  38.522 0.0000000000
65139  55.199  -9.497  40.277 0.0000000000
65968  57.496  -8.918  40.351 0.0000000000
128629  60.356  -7.047  32.308 0.0000000000
66064  59.919  -8.098  33.542 0.0000000000
66906  62.282  -7.849  36.160 0.0000000000
66029  58.520  -9.088  35.325 0.0000000000
36325  34.010  -41.985  64.617 0.0000000000
37146  36.117  -41.299  64.870 0.0000000000
35485  35.102  -42.513  67.776 0.0000000000
34539  23.171  -44.077  72.866 0.0000000000
33540  26.427  -44.834  75.517 0.0000000000
34500  23.683  -43.449  75.349 0.0000000000
110433  52.156  -9.859  41.938 0.0000000000
64261  54.697  -10.811  43.941 0.0000000000
64269  52.381  -11.035  42.964 0.0000000000
61658  53.081  -13.282  44.421 0.0000000000
60817  52.259  -14.272  46.767 0.0000000000
124355  48.130  -21.252  48.470 0.0000000000
56237  49.896  -20.036  49.704 0.0000000000
55258  49.241  -20.523  51.871 0.0000000000
46040  41.019  -31.277  54.774 0.0000000000
45076  42.650  -32.596  65.768 0.0000000000
33542  14.855  -44.768  75.227 0.0000000000
35409  16.745  -43.227  77.925 0.0000000000
34467  14.478  -43.572  78.106 0.0000000000
55318  45.770  -21.148  45.701 0.0000000000
53379  46.499  -22.852  47.600 0.0000000000
53323  46.147  -22.838  51.152 0.0000000000
54300  46.028  -22.408  54.694 0.0000000000
43410  34.776  -33.747  58.980 0.0000000000
41561  37.313  -35.374  60.587 0.0000000000
41540  39.524  -35.654  63.662 0.0000000000
37999  38.212  -40.128  65.062 0.0000000000
39756  39.779  -37.817  66.557 0.0000000000
31948  31.302  -46.990  69.505 0.0000000000
30306  31.226  -48.956  71.436 0.0000000000
31109  29.884  -48.299  69.850 0.0000000000
31942  27.448  -47.267  70.234 0.0000000000
33618  24.997  -45.143  69.710 0.0000000000
33671  22.528  -44.668  65.425 0.0000000000
33646  22.677  -44.741  68.006 0.0000000000
33606  23.218  -44.655  70.741 0.0000000000
33589  20.041  -44.568  71.134 0.0000000000
34561  18.179  -44.721  71.135 0.0000000000
34563  15.798  -44.482  71.999 0.0000000000
109081  31.983  -39.799  59.703 0.0000000000
37213  30.395  -41.157  59.971 0.0000000000
36347  31.576  -41.726  62.332 0.0000000000
35510  31.254  -43.053  64.923 0.0000000000
34614  31.172  -44.451  67.720 0.0000000000
62437  59.231  -11.997  46.219 0.0000000000
63410  56.310  -12.314  45.865 0.0000000000
60837  48.751  -15.225  43.706 0.0000000000
59967  50.469  -15.461  46.401 0.0000000000
59941  53.103  -15.992  48.336 0.0000000000
57232  51.171  -18.854  49.626 0.0000000000
58134  52.534  -17.266  50.402 0.0000000000
53328  42.321  -23.574  51.098 0.0000000000
53291  44.318  -23.346  53.983 0.0000000000
52213  45.975  -23.370  57.551 0.0000000000
114588  39.969  -32.847  57.611 0.0000000000
45185  42.805  -31.874  57.622 0.0000000000
45964  43.353  -31.354  64.363 0.0000000000
45132  45.403  -31.725  60.973 0.0000000000
46829  45.313  -30.054  58.908 0.0000000000
49537  46.769  -27.073  59.482 0.0000000000
51236  47.227  -24.729  60.573 0.0000000000
66908  56.483  -8.113  36.398 0.0000000000
65150  57.952  -9.416  37.752 0.0000000000
66862  59.947  -8.137  40.681 0.0000000000
32748  33.667  -46.257  71.134 0.0000000000
34520  17.552  -44.120  74.750 0.0000000000
35435  18.685  -43.625  76.014 0.0000000000
35436  17.852  -43.767  76.242 0.0000000000
54280  47.877  -22.029  56.472 0.0000000000
54279  48.767  -21.889  56.229 0.0000000000
33509  10.623  -44.572  78.415 0.0000000000
122839  33.995  -40.032  60.706 0.0000000000
38944  35.257  -39.006  60.555 0.0000000000
38056  34.943  -40.163  61.619 0.0000000000
33679  27.329  -45.559  64.282 0.0000000000
32807  26.540  -46.215  65.439 0.0000000000
110041  25.356  -45.230  63.730 0.0000000000
34689  27.351  -43.816  61.428 0.0000000000
34667  27.029  -44.702  62.433 0.0000000000
34652  28.236  -44.557  63.758 0.0000000000
32740  26.359  -45.782  72.468 0.0000000000
32735  26.557  -45.718  73.347 0.0000000000
65944  55.429  -8.806  42.472 0.0000000000
65924  56.364  -8.996  44.020 0.0000000000
65114  55.050  -9.415  43.299 0.0000000000
108870  54.491  -14.222  48.927 0.0000000000
61609  55.334  -13.939  49.275 0.0000000000
57281  47.697  -18.420  45.356 0.0000000000
58185  48.323  -18.360  45.918 0.0000000000
57274  48.534  -19.131  46.192 0.0000000000
46868  41.831  -29.743  54.188 0.0000000000
47729  42.700  -28.683  54.267 0.0000000000
48639  43.313  -27.205  54.015 0.0000000000
47705  44.217  -28.779  56.062 0.0000000000
44254  39.670  -33.126  62.951 0.0000000000
44267  39.219  -32.577  62.196 0.0000000000
44244  40.824  -32.566  64.322 0.0000000000
65958  53.525  -9.306  41.348 0.0000000000
108126  53.875  -9.204  39.738 0.0000000000
65957  54.168  -9.006  41.229 0.0000000000
65956  55.624  -8.812  41.667 0.0000000000
66960  58.939  -7.131  33.802 0.0000000000
67818  58.345  -7.134  34.447 0.0000000000
110008  59.738  -8.835  34.551 0.0000000000
66922  58.130  -8.126  34.894 0.0000000000
35507  33.294  -42.749  65.803 0.0000000000
36305  34.649  -42.361  66.093 0.0000000000
109313  34.160  -42.904  67.886 0.0000000000
34540  21.776  -43.974  72.769 0.0000000000
34514  23.239  -43.688  74.488 0.0000000000
34515  22.274  -43.640  74.666 0.0000000000
35403  22.053  -42.199  77.579 0.0000000000
108894  23.204  -42.596  77.295 0.0000000000
65123  51.442  -10.131  41.801 0.0000000000
64273  52.149  -10.384  42.427 0.0000000000
64274  51.254  -10.860  42.283 0.0000000000
62480  50.653  -13.089  42.758 0.0000000000
62479  51.463  -12.766  43.080 0.0000000000
110209  51.426  -13.909  44.093 0.0000000000
61641  52.747  -13.829  46.134 0.0000000000
129098  51.372  -14.396  45.652 0.0000000000
54338  47.751  -22.080  49.507 0.0000000000
55269  48.801  -20.980  50.460 0.0000000000
120116  48.959  -21.404  52.416 0.0000000000
118296  51.722  -9.637  41.158 0.0000000000
34492  14.887  -44.241  76.698 0.0000000000
34479  13.907  -43.938  77.730 0.0000000000
54390  45.000  -21.526  45.351 0.0000000000
54378  46.265  -21.560  46.423 0.0000000000
53393  45.170  -22.748  46.470 0.0000000000
52304  44.631  -23.669  49.117 0.0000000000
52303  45.410  -23.564  48.978 0.0000000000
53334  45.288  -22.990  50.749 0.0000000000
111219  46.176  -22.627  52.244 0.0000000000
53314  45.407  -22.675  52.963 0.0000000000
42526  34.670  -34.528  58.471 0.0000000000
39804  37.064  -37.127  61.239 0.0000000000
40688  36.926  -36.248  60.677 0.0000000000
39803  37.832  -36.968  61.663 0.0000000000
41550  38.492  -35.397  61.656 0.0000000000
39789  38.750  -37.137  63.073 0.0000000000
36303  36.698  -41.705  66.483 0.0000000000
37145  37.015  -41.209  65.116 0.0000000000
37125  37.924  -41.102  66.302 0.0000000000
37971  39.804  -39.308  67.991 0.0000000000
40642  40.042  -36.772  66.499 0.0000000000
31949  30.628  -47.109  68.863 0.0000000000
31122  30.654  -47.742  69.543 0.0000000000
31134  29.930  -47.121  68.389 0.0000000000
31959  26.618  -46.820  68.135 0.0000000000
31958  27.366  -47.173  68.591 0.0000000000
32778  26.028  -46.406  68.683 0.0000000000
31951  26.247  -46.355  69.666 0.0000000000
32769  25.478  -45.838  69.250 0.0000000000
34653  23.002  -44.435  64.064 0.0000000000
33660  19.871  -44.709  66.813 0.0000000000
121340  21.134  -44.731  67.009 0.0000000000
33647  21.229  -44.727  67.808 0.0000000000
33634  22.235  -44.686  68.881 0.0000000000
109749  21.456  -44.690  69.197 0.0000000000
33608  21.478  -44.580  70.528 0.0000000000
33623  20.307  -44.628  69.597 0.0000000000
108933  16.808  -44.540  71.761 0.0000000000
38989  32.654  -38.664  58.188 0.0000000000
38094  31.271  -39.540  58.361 0.0000000000
35559  29.357  -42.422  61.522 0.0000000000
36360  29.953  -41.760  61.185 0.0000000000
37201  31.299  -41.025  60.989 0.0000000000
36348  30.780  -41.966  62.368 0.0000000000
36327  31.983  -42.191  63.867 0.0000000000
35534  30.681  -42.742  63.457 0.0000000000
33643  29.989  -45.314  66.852 0.0000000000
34625  30.340  -44.472  66.523 0.0000000000
33630  30.897  -45.252  68.006 0.0000000000
32775  31.250  -45.561  68.761 0.0000000000
30307  30.570  -48.977  71.890 0.0000000000
36233  17.082  -42.876  79.277 0.0000000000
108897  18.252  -42.089  78.996 0.0000000000
65921  60.633  -9.235  44.465 0.0000000000
64245  58.949  -10.351  46.043 0.0000000000
64237  59.419  -10.679  45.951 0.0000000000
63398  59.068  -11.365  46.490 0.0000000000
110218  58.624  -12.532  47.393 0.0000000000
63430  54.534  -11.790  44.210 0.0000000000
63429  55.315  -11.567  44.396 0.0000000000
62451  55.389  -12.589  45.475 0.0000000000
119218  57.776  -12.992  48.985 0.0000000000
59061  49.901  -16.613  46.516 0.0000000000
59968  49.788  -15.830  45.978 0.0000000000
59958  50.853  -15.993  47.003 0.0000000000
59957  51.728  -15.984  47.415 0.0000000000
59052  51.857  -16.899  47.823 0.0000000000
56228  50.014  -19.829  50.509 0.0000000000
56236  50.724  -19.570  50.090 0.0000000000
57211  51.001  -18.774  51.462 0.0000000000
51331  41.199  -24.026  51.595 0.0000000000
50424  44.185  -25.281  55.171 0.0000000000
52245  43.726  -24.181  53.538 0.0000000000
51287  44.434  -24.403  55.468 0.0000000000
52232  44.735  -23.201  55.555 0.0000000000
51264  45.400  -24.292  56.856 0.0000000000
45161  35.428  -32.223  59.101 0.0000000000
45173  36.417  -31.928  58.570 0.0000000000
44296  40.137  -32.486  60.088 0.0000000000
44311  39.042  -32.665  58.811 0.0000000000
119032  41.028  -33.017  58.583 0.0000000000
44338  41.635  -32.509  57.235 0.0000000000
126468  42.576  -32.769  58.715 0.0000000000
45936  43.019  -31.232  65.889 0.0000000000
45981  46.666  -30.491  61.635 0.0000000000
46001  45.175  -30.834  59.486 0.0000000000
46821  46.675  -29.613  60.355 0.0000000000
47679  45.812  -28.690  58.709 0.0000000000
47659  47.026  -28.742  60.758 0.0000000000
66887  55.031  -8.437  37.935 0.0000000000
66897  56.139  -8.423  36.919 0.0000000000
65159  57.324  -9.326  37.149 0.0000000000
65151  57.119  -9.470  37.964 0.0000000000
66852  57.903  -8.260  41.791 0.0000000000
65967  58.298  -8.718  40.131 0.0000000000
119329  59.429  -7.983  41.372 0.0000000000
66849  60.650  -7.981  41.730 0.0000000000
117731  62.227  -6.895  32.816 0.0000000000
66001  61.369  -8.408  36.553 0.0000000000
110187  63.023  -7.519  38.214 0.0000000000
112701  61.765  -7.876  39.005 0.0000000000
34601  32.526  -43.893  68.700 0.0000000000
34600  33.278  -43.643  68.942 0.0000000000
33601  33.777  -44.826  69.994 0.0000000000
34531  19.511  -43.947  73.385 0.0000000000
34502  20.922  -43.537  75.213 0.0000000000
34503  19.988  -43.637  75.040 0.0000000000
119935  19.935  -42.974  76.447 0.0000000000
36238  20.561  -42.137  77.958 0.0000000000
62481  49.715  -12.882  42.313 0.0000000000
61669  49.857  -13.724  42.794 0.0000000000
54309  47.983  -22.084  53.524 0.0000000000
54308  48.768  -21.745  53.284 0.0000000000
54288  48.998  -21.877  55.434 0.0000000000
55220  50.127  -21.506  56.460 0.0000000000
34480  12.474  -44.448  77.822 0.0000000000
34481  11.645  -44.514  78.009 0.0000000000
34470  11.275  -44.180  79.066 0.0000000000
53394  44.308  -22.911  46.148 0.0000000000
52306  42.860  -23.909  49.054 0.0000000000
40713  34.797  -36.234  58.591 0.0000000000
39821  35.370  -37.727  59.828 0.0000000000
38943  35.939  -38.601  61.054 0.0000000000
38901  37.250  -38.938  62.724 0.0000000000
32787  28.890  -46.413  66.582 0.0000000000
31964  29.007  -46.867  67.470 0.0000000000
126439  28.268  -46.588  66.552 0.0000000000
32798  26.548  -46.535  66.275 0.0000000000
32789  25.145  -46.101  66.671 0.0000000000
117564  18.994  -44.671  68.844 0.0000000000
34617  17.399  -43.967  67.313 0.0000000000
35561  27.877  -43.197  61.036 0.0000000000
35536  29.055  -43.358  62.791 0.0000000000
35522  30.305  -43.470  63.900 0.0000000000
34651  28.828  -44.044  64.207 0.0000000000
33667  28.760  -45.155  65.091 0.0000000000
117644  28.127  -47.723  71.729 0.0000000000
66842  57.741  -8.168  42.592 0.0000000000
65932  59.004  -8.350  43.883 0.0000000000
65923  57.220  -8.658  43.832 0.0000000000
65105  57.785  -9.577  44.624 0.0000000000
64246  58.158  -10.694  45.691 0.0000000000
61639  54.265  -13.285  46.692 0.0000000000
62440  55.618  -12.699  46.383 0.0000000000
62421  55.318  -13.130  47.908 0.0000000000
61608  56.298  -13.765  49.510 0.0000000000
59986  47.639  -15.823  43.778 0.0000000000
59071  47.920  -16.906  44.911 0.0000000000
127057  49.053  -17.052  46.101 0.0000000000
57264  50.292  -18.144  47.568 0.0000000000
58113  50.951  -17.835  52.875 0.0000000000
122660  41.954  -26.083  51.818 0.0000000000
50456  42.110  -25.306  52.147 0.0000000000
121613  42.972  -26.029  53.258 0.0000000000
49577  43.954  -26.231  54.885 0.0000000000
49564  45.104  -26.153  56.270 0.0000000000
44283  37.334  -32.900  61.008 0.0000000000
45151  37.634  -32.177  60.239 0.0000000000
45136  38.538  -32.184  61.139 0.0000000000
45135  39.675  -32.057  61.685 0.0000000000
129811  41.652  -32.181  61.917 0.0000000000
66877  52.285  -7.693  39.056 0.0000000000
66890  52.904  -7.129  38.707 0.0000000000
66889  53.094  -8.085  39.045 0.0000000000
65986  54.594  -9.283  39.431 0.0000000000
65145  55.556  -9.528  39.556 0.0000000000
65143  56.885  -9.492  38.924 0.0000000000
65138  55.903  -9.478  40.188 0.0000000000
65955  56.452  -8.769  41.441 0.0000000000
66972  59.732  -6.801  32.614 0.0000000000
66959  59.929  -7.577  32.924 0.0000000000
66940  61.918  -7.645  34.228 0.0000000000
66920  63.366  -7.566  35.459 0.0000000000
66027  61.221  -8.212  34.680 0.0000000000
66010  60.521  -8.970  35.957 0.0000000000
66011  59.706  -9.308  36.353 0.0000000000
36334  34.207  -41.576  63.681 0.0000000000
37181  34.755  -41.008  63.221 0.0000000000
36324  34.675  -41.637  64.395 0.0000000000
109112  35.427  -41.976  65.935 0.0000000000
36297  35.973  -42.204  68.059 0.0000000000
33569  24.317  -44.492  72.757 0.0000000000
33559  25.440  -44.737  73.739 0.0000000000
33551  24.876  -44.161  74.174 0.0000000000
34498  25.448  -43.939  76.001 0.0000000000
35430  23.176  -42.960  75.911 0.0000000000
126274  24.488  -43.217  77.152 0.0000000000
65946  53.387  -9.483  41.832 0.0000000000
110181  54.484  -9.624  42.773 0.0000000000
65115  53.913  -10.209  42.642 0.0000000000
126675  53.229  -11.358  43.415 0.0000000000
120528  53.805  -12.050  43.953 0.0000000000
63444  51.697  -11.713  42.840 0.0000000000
124117  53.057  -12.485  43.674 0.0000000000
62453  53.881  -13.102  44.858 0.0000000000
61640  53.511  -13.578  46.397 0.0000000000
61629  52.965  -13.933  47.043 0.0000000000
60807  53.340  -14.266  47.790 0.0000000000
55307  47.568  -20.878  47.286 0.0000000000
56270  48.792  -19.883  47.348 0.0000000000
55292  48.759  -20.940  48.689 0.0000000000
55268  49.320  -20.258  50.558 0.0000000000
56208  49.659  -19.799  52.283 0.0000000000
55242  49.677  -20.821  53.618 0.0000000000
56188  50.132  -20.293  54.141 0.0000000000
57181  50.598  -18.559  54.092 0.0000000000
46039  41.689  -30.898  55.212 0.0000000000
44224  41.674  -33.298  66.150 0.0000000000
66878  51.417  -7.258  39.189 0.0000000000
65989  51.720  -8.426  39.503 0.0000000000
65959  52.383  -9.368  40.861 0.0000000000
69618  58.343  -4.547  35.283 0.0000000000
68727  57.640  -5.070  35.500 0.0000000000
34522  15.826  -44.486  74.854 0.0000000000
129795  16.547  -43.871  76.376 0.0000000000
118997  15.610  -44.063  76.344 0.0000000000
35410  16.015  -43.387  78.002 0.0000000000
35388  15.352  -42.929  79.541 0.0000000000
34468  13.899  -43.551  78.530 0.0000000000
116542  46.528  -19.203  45.015 0.0000000000
56292  45.091  -20.027  44.860 0.0000000000
55317  46.516  -20.616  46.054 0.0000000000
55308  46.915  -21.156  46.840 0.0000000000
54351  47.214  -22.267  48.020 0.0000000000
53345  47.331  -22.710  49.890 0.0000000000
53380  45.541  -23.226  47.310 0.0000000000
53346  46.812  -23.037  49.470 0.0000000000
53332  47.282  -22.839  50.794 0.0000000000
53313  46.931  -22.451  52.448 0.0000000000
54299  46.840  -22.197  54.556 0.0000000000
54281  47.104  -22.364  56.687 0.0000000000
43409  35.118  -32.987  59.378 0.0000000000
41578  35.619  -34.967  59.421 0.0000000000
42506  35.856  -34.217  60.078 0.0000000000
43397  36.352  -33.585  60.317 0.0000000000
42494  38.236  -34.478  61.289 0.0000000000
42479  39.431  -34.689  62.953 0.0000000000
42471  39.798  -34.548  64.261 0.0000000000
37179  36.297  -40.378  63.644 0.0000000000
38013  37.149  -40.163  63.922 0.0000000000
38886  38.258  -39.023  63.977 0.0000000000
110893  39.161  -40.207  66.881 0.0000000000
38860  39.431  -39.207  65.997 0.0000000000
39773  39.059  -37.804  64.237 0.0000000000
39772  39.585  -37.258  64.778 0.0000000000
41507  40.206  -35.777  66.061 0.0000000000
42455  40.540  -34.930  66.561 0.0000000000
31106  32.424  -47.528  70.997 0.0000000000
30321  31.232  -48.511  70.759 0.0000000000
30322  30.334  -48.735  70.836 0.0000000000
113712  29.450  -48.482  70.619 0.0000000000
31136  28.270  -47.476  68.665 0.0000000000
31110  28.181  -47.749  70.169 0.0000000000
31096  28.617  -48.209  71.010 0.0000000000
129835  27.299  -46.939  70.975 0.0000000000
32750  26.268  -45.861  71.614 0.0000000000
33583  25.012  -44.861  71.532 0.0000000000
33681  24.433  -44.943  64.135 0.0000000000
33670  23.928  -44.780  65.521 0.0000000000
33655  24.142  -44.992  66.256 0.0000000000
33673  21.127  -44.567  65.663 0.0000000000
33657  22.335  -44.762  66.347 0.0000000000
127107  24.164  -44.987  67.767 0.0000000000
125151  24.502  -44.918  69.331 0.0000000000
113624  23.763  -44.724  70.169 0.0000000000
33605  24.198  -44.721  70.936 0.0000000000
33586  22.670  -44.534  71.393 0.0000000000
34557  22.189  -44.365  72.025 0.0000000000
34559  20.461  -44.417  71.861 0.0000000000
33625  18.788  -44.640  69.535 0.0000000000
33590  19.097  -44.600  71.131 0.0000000000
34542  19.437  -44.264  72.549 0.0000000000
34543  18.115  -44.442  72.464 0.0000000000
34533  17.237  -44.437  73.337 0.0000000000
34534  16.492  -44.469  73.558 0.0000000000
33561  15.107  -44.681  73.391 0.0000000000
33553  14.168  -44.905  74.438 0.0000000000
39847  33.740  -37.611  58.091 0.0000000000
38963  33.557  -38.963  59.635 0.0000000000
38072  33.183  -40.302  60.731 0.0000000000
38081  31.266  -40.177  59.674 0.0000000000
113014  32.076  -40.910  61.154 0.0000000000
37191  33.263  -41.014  62.193 0.0000000000
36335  32.564  -41.927  63.547 0.0000000000
35519  32.396  -42.696  64.845 0.0000000000
35499  32.063  -43.226  65.965 0.0000000000
34649  30.625  -43.709  64.836 0.0000000000
34624  31.628  -43.602  66.405 0.0000000000
34602  31.747  -44.044  68.162 0.0000000000
33617  31.732  -44.967  69.306 0.0000000000
32759  32.447  -46.008  70.353 0.0000000000
35407  18.188  -42.967  77.485 0.0000000000
36231  18.976  -42.089  78.651 0.0000000000
65911  60.460  -9.686  45.143 0.0000000000
65108  55.211  -9.936  43.878 0.0000000000
64259  56.548  -10.669  44.681 0.0000000000
112238  57.934  -11.853  46.817 0.0000000000
62439  56.352  -12.543  46.765 0.0000000000
63400  57.842  -12.297  47.546 0.0000000000
63393  58.361  -12.565  47.785 0.0000000000
61670  48.473  -14.120  42.692 0.0000000000
60849  49.697  -14.378  43.381 0.0000000000
59985  48.514  -15.706  44.093 0.0000000000
60828  49.691  -14.855  44.802 0.0000000000
60827  50.705  -14.485  44.894 0.0000000000
123263  51.594  -14.635  46.423 0.0000000000
59956  52.527  -15.543  47.730 0.0000000000
59940  53.656  -15.471  48.820 0.0000000000
56269  49.473  -19.457  47.774 0.0000000000
57246  50.157  -18.934  48.217 0.0000000000
57231  51.590  -18.166  48.989 0.0000000000
58126  51.329  -18.077  52.053 0.0000000000
57222  51.834  -18.096  50.109 0.0000000000
58142  52.355  -17.460  49.197 0.0000000000
59022  53.040  -16.789  49.761 0.0000000000
59921  53.465  -16.247  49.203 0.0000000000
116287  41.946  -23.973  48.950 0.0000000000
53327  42.957  -23.388  51.304 0.0000000000
51317  42.418  -24.277  52.466 0.0000000000
52264  43.523  -23.783  52.768 0.0000000000
53316  43.835  -23.206  52.447 0.0000000000
53290  44.768  -22.819  54.459 0.0000000000
122662  46.023  -22.874  56.700 0.0000000000
53260  46.729  -22.658  57.715 0.0000000000
44329  37.628  -32.445  58.631 0.0000000000
44350  40.370  -32.362  55.697 0.0000000000
45197  41.775  -31.953  56.451 0.0000000000
46026  43.405  -30.409  56.567 0.0000000000
45087  41.363  -31.569  65.018 0.0000000000
45966  41.661  -31.377  64.094 0.0000000000
118352  42.907  -32.365  62.880 0.0000000000
45119  44.561  -32.069  62.610 0.0000000000
44292  43.418  -32.951  60.910 0.0000000000
115519  44.446  -32.117  60.052 0.0000000000
46008  43.998  -30.933  57.963 0.0000000000
46846  44.422  -29.400  56.769 0.0000000000
47704  44.896  -28.566  56.676 0.0000000000
48600  45.837  -27.610  57.568 0.0000000000
121222  46.225  -26.201  58.078 0.0000000000
49522  47.398  -26.891  61.119 0.0000000000
113045  46.930  -26.242  59.913 0.0000000000
50376  46.533  -25.215  58.707 0.0000000000
52195  46.472  -23.956  58.812 0.0000000000
68728  57.096  -5.747  35.834 0.0000000000
67819  57.111  -6.758  35.609 0.0000000000
66030  57.740  -8.659  35.658 0.0000000000
65157  58.922  -9.476  36.683 0.0000000000
65994  59.501  -9.006  38.135 0.0000000000
65983  57.655  -9.116  39.501 0.0000000000
65981  59.334  -8.759  39.016 0.0000000000
65980  60.243  -8.591  38.777 0.0000000000
118088  60.966  -8.049  40.307 0.0000000000
31931  33.349  -46.898  71.348 0.0000000000
120576  17.035  -44.325  74.122 0.0000000000
116546  17.234  -43.907  75.581 0.0000000000
54269  47.681  -22.119  57.236 0.0000000000
54268  48.539  -21.904  57.057 0.0000000000
114609  34.354  -40.284  61.250 0.0000000000
38070  34.830  -39.832  60.814 0.0000000000
33680  26.480  -45.470  63.812 0.0000000000
33698  26.186  -45.027  62.337 0.0000000000
33689  26.831  -45.064  63.029 0.0000000000
32741  25.668  -45.336  72.063 0.0000000000
33567  25.884  -45.199  72.984 0.0000000000
119604  54.793  -8.923  42.276 0.0000000000
65935  55.680  -8.934  43.286 0.0000000000
65120  54.761  -9.049  42.660 0.0000000000
60782  55.072  -14.640  49.686 0.0000000000
57275  47.196  -19.216  45.532 0.0000000000
126375  47.909  -18.979  45.811 0.0000000000
56281  48.553  -19.660  46.594 0.0000000000
125414  42.429  -29.314  54.583 0.0000000000
47730  42.190  -29.026  53.838 0.0000000000
47718  42.981  -28.740  54.968 0.0000000000
46860  43.478  -29.157  55.593 0.0000000000
116822  40.126  -33.834  64.481 0.0000000000
43369  40.337  -33.292  63.825 0.0000000000
126141  40.669  -33.300  64.563 0.0000000000
109277  54.851  -8.877  41.815 0.0000000000
127248  58.147  -6.331  34.810 0.0000000000
111978  57.751  -7.036  35.063 0.0000000000
35486  33.679  -42.954  67.096 0.0000000000
110064  21.143  -43.866  73.293 0.0000000000
34529  21.819  -43.764  73.782 0.0000000000
64282  50.618  -10.476  41.513 0.0000000000
61668  51.235  -13.487  43.360 0.0000000000
130423  51.676  -13.965  45.024 0.0000000000
54332  47.828  -22.362  50.396 0.0000000000
54326  48.392  -21.925  50.924 0.0000000000
54319  48.407  -22.009  51.810 0.0000000000
125898  13.542  -44.726  76.565 0.0000000000
122818  44.232  -21.481  44.967 0.0000000000
54391  44.436  -21.962  45.324 0.0000000000
54380  44.766  -22.213  45.842 0.0000000000
53348  44.085  -23.401  49.861 0.0000000000
53347  45.139  -23.373  49.846 0.0000000000
53324  45.218  -22.784  51.989 0.0000000000
123738  44.374  -22.921  52.041 0.0000000000
39791  37.547  -37.725  61.854 0.0000000000
39790  38.276  -37.323  62.297 0.0000000000
40670  38.670  -36.619  62.554 0.0000000000
36295  37.357  -41.551  66.823 0.0000000000
36287  37.443  -41.603  67.775 0.0000000000
32776  30.600  -46.282  68.261 0.0000000000
32788  25.895  -46.497  67.786 0.0000000000
114810  26.614  -46.844  68.918 0.0000000000
32779  25.354  -45.951  68.357 0.0000000000
33649  19.554  -44.785  67.560 0.0000000000
33648  20.480  -44.763  67.325 0.0000000000
33635  21.286  -44.706  68.556 0.0000000000
109748  20.830  -44.700  69.030 0.0000000000
110947  20.205  -44.734  68.919 0.0000000000
36349  30.114  -42.046  62.034 0.0000000000
35546  30.395  -42.473  62.719 0.0000000000
36336  31.080  -42.151  63.004 0.0000000000
32785  30.272  -45.749  67.527 0.0000000000
36224  16.889  -42.550  80.235 0.0000000000
114236  17.490  -42.420  79.750 0.0000000000
66840  59.444  -7.963  42.625 0.0000000000
66833  60.137  -8.383  43.064 0.0000000000
66834  59.398  -8.205  43.312 0.0000000000
64239  58.769  -11.012  46.269 0.0000000000
64238  59.199  -10.747  46.107 0.0000000000
64231  59.045  -11.178  46.479 0.0000000000
62426  59.082  -11.982  46.948 0.0000000000
63399  58.867  -11.920  47.089 0.0000000000
62464  55.039  -12.330  44.717 0.0000000000
59054  50.463  -16.662  47.048 0.0000000000
59053  51.161  -16.707  47.429 0.0000000000
57212  50.042  -18.953  51.902 0.0000000000
56218  50.481  -19.384  50.966 0.0000000000
51332  40.471  -23.995  51.023 0.0000000000
50423  44.765  -25.256  55.827 0.0000000000
51275  44.924  -24.378  56.141 0.0000000000
112401  45.673  -25.039  57.460 0.0000000000
45160  36.229  -32.113  59.230 0.0000000000
45174  35.779  -31.802  58.525 0.0000000000
44309  40.527  -32.863  59.314 0.0000000000
44308  41.406  -32.985  59.430 0.0000000000
110139  41.870  -32.935  58.714 0.0000000000
44307  42.379  -33.084  59.596 0.0000000000
45973  46.763  -30.534  62.503 0.0000000000
45991  46.507  -30.394  60.751 0.0000000000
116298  46.957  -29.731  61.171 0.0000000000
47651  47.379  -29.078  61.587 0.0000000000
66006  55.775  -8.866  37.535 0.0000000000
109871  55.472  -7.883  37.247 0.0000000000
66005  56.543  -9.183  37.339 0.0000000000
65152  56.304  -9.430  38.107 0.0000000000
66841  58.550  -7.970  42.279 0.0000000000
66851  58.677  -8.149  41.542 0.0000000000
125199  59.172  -7.925  41.951 0.0000000000
66850  59.865  -7.902  41.920 0.0000000000
66956  62.640  -7.122  33.668 0.0000000000
67846  63.298  -6.638  33.058 0.0000000000
66955  64.152  -7.268  33.918 0.0000000000
66896  61.274  -8.251  37.529 0.0000000000
66895  62.433  -7.691  37.230 0.0000000000
114297  62.043  -7.751  38.268 0.0000000000
66886  61.090  -8.124  38.466 0.0000000000
33616  32.353  -44.507  69.489 0.0000000000
34589  33.052  -44.100  69.583 0.0000000000
33602  33.018  -44.818  70.081 0.0000000000
34518  19.268  -43.821  74.327 0.0000000000
35422  19.166  -43.164  76.541 0.0000000000
126751  19.566  -42.782  77.009 0.0000000000
35405  20.259  -42.641  77.184 0.0000000000
36239  19.573  -42.475  77.812 0.0000000000
62492  48.717  -12.586  42.111 0.0000000000
61680  49.081  -13.520  42.440 0.0000000000
111885  48.544  -21.866  54.102 0.0000000000
109329  48.318  -21.916  54.893 0.0000000000
33521  12.067  -44.746  77.110 0.0000000000
34460  10.218  -44.495  79.667 0.0000000000
39837  34.091  -37.974  58.775 0.0000000000
39836  34.896  -37.725  59.178 0.0000000000
38962  34.981  -38.400  59.916 0.0000000000
38069  35.472  -39.450  61.306 0.0000000000
38920  36.112  -39.009  61.818 0.0000000000
38942  36.749  -38.216  61.545 0.0000000000
38919  36.764  -38.789  62.127 0.0000000000
32795  28.987  -45.668  65.857 0.0000000000
32796  28.267  -46.375  66.036 0.0000000000
124343  25.884  -45.947  65.160 0.0000000000
32799  25.597  -46.264  65.928 0.0000000000
111773  25.785  -46.483  66.864 0.0000000000
34678  27.547  -44.065  62.212 0.0000000000
35549  28.198  -43.461  61.849 0.0000000000
35548  28.907  -43.000  62.056 0.0000000000
127758  28.630  -43.399  62.325 0.0000000000
34664  29.413  -43.678  63.623 0.0000000000
34665  28.546  -43.903  63.379 0.0000000000
33668  28.030  -45.410  64.712 0.0000000000
33678  28.613  -44.847  64.373 0.0000000000
115756  28.103  -47.566  72.644 0.0000000000
65942  56.896  -8.426  42.875 0.0000000000
65933  57.581  -8.339  43.293 0.0000000000
116312  57.050  -8.514  43.372 0.0000000000
126818  57.172  -9.054  44.288 0.0000000000
65106  56.886  -9.725  44.417 0.0000000000
65091  57.504  -10.325  44.960 0.0000000000
62429  55.023  -12.973  47.008 0.0000000000
59072  47.126  -17.187  44.378 0.0000000000
59080  47.407  -16.520  44.146 0.0000000000
118590  48.944  -18.489  46.323 0.0000000000
58184  48.869  -17.654  46.118 0.0000000000
58183  49.465  -17.217  46.429 0.0000000000
49619  41.886  -26.883  52.051 0.0000000000
122661  42.284  -27.140  52.587 0.0000000000
49611  42.453  -26.267  52.445 0.0000000000
49610  42.723  -26.948  53.060 0.0000000000
48638  43.714  -27.196  54.620 0.0000000000
48623  44.280  -27.081  55.329 0.0000000000
49576  44.564  -26.149  55.504 0.0000000000
49553  45.121  -27.059  56.345 0.0000000000
120776  37.975  -33.037  61.412 0.0000000000
44282  38.060  -32.517  61.225 0.0000000000
44268  38.513  -32.862  61.753 0.0000000000
45124  39.737  -32.191  62.320 0.0000000000
108853  40.278  -31.927  62.294 0.0000000000
45134  40.429  -32.022  61.509 0.0000000000
108572  40.983  -31.878  62.094 0.0000000000
65988  52.545  -8.516  39.361 0.0000000000
65987  53.198  -8.913  39.539 0.0000000000
65971  54.366  -9.384  40.352 0.0000000000
65943  56.261  -8.620  42.280 0.0000000000
66853  57.088  -8.452  42.061 0.0000000000
120310  59.407  -7.782  33.594 0.0000000000
122221  59.407  -7.180  33.191 0.0000000000
66958  60.517  -7.899  33.365 0.0000000000
66941  61.073  -8.013  33.881 0.0000000000
66048  60.348  -8.409  34.122 0.0000000000
119863  59.549  -9.227  35.319 0.0000000000
66028  60.470  -8.810  35.009 0.0000000000
65163  58.972  -9.403  35.932 0.0000000000
108884  33.290  -41.962  64.037 0.0000000000
35496  34.470  -42.663  66.963 0.0000000000
36298  35.236  -42.302  66.757 0.0000000000
130439  35.756  -42.139  67.300 0.0000000000
33570  23.702  -44.384  72.424 0.0000000000
33560  24.629  -44.411  73.415 0.0000000000
34526  23.917  -44.043  73.245 0.0000000000
34513  24.238  -43.818  74.639 0.0000000000
34499  24.601  -43.623  75.658 0.0000000000
34489  24.939  -43.529  76.642 0.0000000000
35432  21.325  -43.143  75.851 0.0000000000
35439  21.744  -43.509  75.251 0.0000000000
35419  22.720  -42.714  76.543 0.0000000000
65130  52.607  -9.587  41.644 0.0000000000
65122  52.983  -9.821  42.312 0.0000000000
112077  53.003  -10.407  42.996 0.0000000000
123811  50.209  -11.224  41.993 0.0000000000
63445  50.922  -11.627  42.403 0.0000000000
63438  51.035  -12.274  42.648 0.0000000000
126442  52.542  -13.143  43.800 0.0000000000
62478  52.209  -12.573  43.345 0.0000000000
110431  53.665  -12.760  44.213 0.0000000000
61648  53.303  -13.473  45.448 0.0000000000
60808  52.696  -14.678  47.436 0.0000000000
55306  48.318  -20.689  47.843 0.0000000000
111497  48.983  -20.403  51.120 0.0000000000
56219  49.582  -19.810  51.308 0.0000000000
54297  49.247  -21.488  53.884 0.0000000000
54307  49.290  -21.274  53.178 0.0000000000
55234  49.812  -21.168  54.413 0.0000000000
56187  50.660  -19.641  54.592 0.0000000000
56196  50.283  -19.451  53.875 0.0000000000
57172  50.914  -18.642  55.104 0.0000000000
46048  40.838  -30.885  53.831 0.0000000000
46047  41.475  -30.520  54.451 0.0000000000
66865  50.800  -7.851  39.642 0.0000000000
65974  51.118  -8.677  39.985 0.0000000000
120084  52.961  -9.403  41.382 0.0000000000
34507  15.542  -44.381  75.643 0.0000000000
34508  15.036  -44.462  75.995 0.0000000000
34478  14.674  -43.845  77.443 0.0000000000
34477  15.578  -43.771  77.256 0.0000000000
35411  15.176  -43.444  78.031 0.0000000000
35398  15.691  -43.209  78.729 0.0000000000
35399  14.713  -43.203  78.811 0.0000000000
108210  13.135  -43.975  78.166 0.0000000000
34457  13.079  -43.451  79.152 0.0000000000
57283  45.978  -18.788  44.475 0.0000000000
55329  45.335  -20.826  45.171 0.0000000000
55328  45.935  -20.399  45.281 0.0000000000
54364  45.993  -22.412  46.815 0.0000000000
54363  46.762  -22.049  47.139 0.0000000000
53357  47.344  -22.583  48.982 0.0000000000
53358  46.783  -23.040  48.537 0.0000000000
126107  44.017  -23.539  46.579 0.0000000000
53381  44.689  -23.386  46.835 0.0000000000
52361  44.769  -23.597  47.548 0.0000000000
53333  46.053  -23.101  50.122 0.0000000000
108689  46.092  -23.370  49.209 0.0000000000
125359  46.777  -22.969  50.276 0.0000000000
53322  47.027  -22.615  51.686 0.0000000000
53302  45.562  -22.616  53.975 0.0000000000
54311  46.382  -22.417  54.045 0.0000000000
54289  46.563  -22.283  55.312 0.0000000000
44330  34.516  -32.921  58.687 0.0000000000
39835  35.525  -37.094  59.431 0.0000000000
121545  35.467  -36.123  59.218 0.0000000000
40701  35.810  -36.492  59.828 0.0000000000
117785  36.079  -34.996  60.051 0.0000000000
42505  36.739  -34.551  60.297 0.0000000000
42495  37.579  -34.489  60.718 0.0000000000
43392  37.051  -33.665  60.690 0.0000000000
119316  38.810  -35.860  62.436 0.0000000000
42486  39.050  -34.987  62.355 0.0000000000
41541  39.285  -35.414  62.994 0.0000000000
42478  39.597  -34.932  63.553 0.0000000000
130947  39.672  -35.189  64.104 0.0000000000
37166  35.784  -40.895  64.144 0.0000000000
37180  35.474  -40.634  63.284 0.0000000000
37144  37.885  -40.890  65.500 0.0000000000
37164  37.524  -40.600  64.646 0.0000000000
38012  37.876  -39.787  64.307 0.0000000000
38034  37.599  -39.434  63.508 0.0000000000
38011  38.580  -39.375  64.722 0.0000000000
38859  39.680  -38.647  66.530 0.0000000000
120794  39.570  -39.426  66.921 0.0000000000
38873  39.519  -38.356  65.824 0.0000000000
38874  39.146  -38.899  65.226 0.0000000000
39765  39.403  -38.096  64.998 0.0000000000
39764  39.659  -37.473  65.695 0.0000000000
110781  39.972  -34.949  65.746 0.0000000000
31941  31.967  -46.769  70.324 0.0000000000
130199  31.812  -48.128  70.814 0.0000000000
31107  31.427  -47.714  70.274 0.0000000000
31108  30.665  -48.246  70.202 0.0000000000
118164  28.155  -47.167  67.898 0.0000000000
117665  28.777  -47.272  68.141 0.0000000000
31111  27.771  -47.478  69.407 0.0000000000
31932  27.802  -47.558  70.994 0.0000000000
32761  25.574  -45.659  70.171 0.0000000000
32760  26.269  -46.000  70.703 0.0000000000
32751  25.610  -45.433  71.114 0.0000000000
33604  24.998  -44.962  70.579 0.0000000000
33683  22.959  -44.579  64.804 0.0000000000
33682  23.675  -44.706  64.650 0.0000000000
126284  23.276  -44.707  65.319 0.0000000000
33656  23.294  -44.809  66.141 0.0000000000
108275  20.897  -44.178  64.900 0.0000000000
34640  20.298  -44.372  65.507 0.0000000000
121764  21.951  -44.736  67.238 0.0000000000
33658  21.485  -44.716  66.389 0.0000000000
33645  22.940  -44.763  67.109 0.0000000000
118634  23.555  -44.804  67.905 0.0000000000
33632  24.192  -44.863  68.604 0.0000000000
33633  23.244  -44.746  68.797 0.0000000000
33620  22.933  -44.738  69.775 0.0000000000
33585  23.504  -44.560  71.601 0.0000000000
33607  22.353  -44.627  70.578 0.0000000000
33609  20.583  -44.573  70.420 0.0000000000
33587  21.838  -44.525  71.294 0.0000000000
33588  20.958  -44.530  71.218 0.0000000000
34558  21.339  -44.381  71.972 0.0000000000
34590  18.160  -44.547  68.765 0.0000000000
125369  17.807  -44.793  70.455 0.0000000000
33611  18.556  -44.690  70.381 0.0000000000
34560  19.623  -44.447  71.835 0.0000000000
108127  18.693  -44.487  71.976 0.0000000000
109456  18.727  -44.261  72.871 0.0000000000
108790  17.740  -44.580  71.807 0.0000000000
34544  17.422  -44.509  72.534 0.0000000000
34545  16.606  -44.518  72.706 0.0000000000
34546  15.833  -44.539  73.023 0.0000000000
126703  14.428  -44.729  72.942 0.0000000000
33552  15.045  -44.764  74.260 0.0000000000
33562  14.273  -44.819  73.603 0.0000000000
38088  32.129  -39.241  58.887 0.0000000000
117506  33.020  -38.821  59.019 0.0000000000
38087  32.769  -39.396  59.637 0.0000000000
111264  33.406  -39.661  60.182 0.0000000000
38080  32.590  -39.986  60.262 0.0000000000
37223  30.613  -40.639  59.420 0.0000000000
112028  30.803  -39.957  58.990 0.0000000000
128248  31.633  -41.337  61.594 0.0000000000
37192  32.311  -41.230  61.897 0.0000000000
37200  32.842  -40.777  61.334 0.0000000000
36346  32.488  -41.610  62.709 0.0000000000
35520  31.758  -42.651  64.439 0.0000000000
35509  31.870  -42.958  65.234 0.0000000000
35508  32.596  -42.876  65.485 0.0000000000
34650  29.781  -44.053  64.375 0.0000000000
113903  30.378  -43.917  65.861 0.0000000000
34615  30.919  -44.257  67.053 0.0000000000
110455  30.967  -43.890  66.483 0.0000000000
110734  31.540  -43.849  67.209 0.0000000000
33629  31.408  -44.716  68.506 0.0000000000
32768  31.126  -46.414  68.934 0.0000000000
32767  31.730  -45.971  69.577 0.0000000000
116659  31.800  -49.360  71.730 0.0000000000
33549  26.213  -44.824  74.607 0.0000000000
33548  26.906  -45.012  74.949 0.0000000000
35425  16.935  -43.628  77.325 0.0000000000
35424  17.640  -43.550  77.088 0.0000000000
35408  17.427  -43.053  77.736 0.0000000000
116291  18.727  -41.614  79.536 0.0000000000
108447  19.598  -41.407  79.478 0.0000000000
36222  20.499  -41.194  79.524 0.0000000000
37009  20.153  -40.960  80.305 0.0000000000
126841  58.647  -8.714  44.292 0.0000000000
65922  59.591  -8.989  44.553 0.0000000000
65912  59.663  -9.666  45.128 0.0000000000
63407  59.352  -10.899  45.887 0.0000000000
64267  54.533  -10.068  43.351 0.0000000000
115928  56.538  -11.619  45.218 0.0000000000
64247  55.975  -11.364  44.664 0.0000000000
113424  57.305  -11.075  45.438 0.0000000000
63416  57.228  -11.839  45.977 0.0000000000
62428  55.864  -12.771  47.340 0.0000000000
62418  57.792  -12.680  48.341 0.0000000000
129001  58.112  -13.134  48.817 0.0000000000
61626  58.297  -12.815  48.149 0.0000000000
114133  48.211  -14.841  43.174 0.0000000000
122785  47.767  -13.581  42.490 0.0000000000
110158  49.248  -14.153  42.831 0.0000000000
60850  49.014  -14.711  43.192 0.0000000000
59978  48.166  -16.234  44.463 0.0000000000
59977  49.029  -15.961  44.646 0.0000000000
59976  49.460  -15.353  45.219 0.0000000000
60819  49.977  -14.932  45.700 0.0000000000
111324  50.831  -14.775  46.057 0.0000000000
59942  52.458  -16.426  47.994 0.0000000000
60799  53.148  -15.076  48.114 0.0000000000
55291  49.084  -20.210  48.249 0.0000000000
56252  49.754  -19.768  48.707 0.0000000000
56251  50.455  -19.348  49.189 0.0000000000
57245  50.861  -18.635  48.712 0.0000000000
58135  52.150  -17.642  50.991 0.0000000000
52286  41.732  -23.574  50.556 0.0000000000
53337  42.665  -23.356  50.474 0.0000000000
50446  43.059  -25.146  53.145 0.0000000000
51307  42.325  -24.633  52.416 0.0000000000
51306  42.810  -24.591  52.795 0.0000000000
52244  44.045  -23.849  54.258 0.0000000000
52255  43.938  -23.906  53.409 0.0000000000
53304  44.110  -23.335  53.181 0.0000000000
53303  44.719  -22.871  53.583 0.0000000000
52223  45.814  -23.220  56.794 0.0000000000
53272  45.486  -22.934  56.035 0.0000000000
53261  46.163  -22.946  57.369 0.0000000000
109988  38.032  -32.150  59.841 0.0000000000
45159  37.491  -32.228  59.479 0.0000000000
45158  38.204  -32.505  59.113 0.0000000000
44326  40.028  -32.870  58.469 0.0000000000
44327  39.269  -32.743  57.929 0.0000000000
44340  39.522  -32.767  57.074 0.0000000000
44339  40.250  -32.791  57.001 0.0000000000
44324  42.290  -32.518  57.924 0.0000000000
45186  42.305  -31.923  57.125 0.0000000000
113331  42.400  -31.471  56.495 0.0000000000
45196  42.945  -31.199  57.027 0.0000000000
45077  41.874  -32.781  65.712 0.0000000000
45088  41.232  -31.988  65.254 0.0000000000
113725  42.084  -32.221  65.453 0.0000000000
45951  42.598  -31.194  64.986 0.0000000000
45952  41.820  -31.514  64.687 0.0000000000
45965  42.348  -31.469  64.222 0.0000000000
45109  42.145  -31.830  63.347 0.0000000000
45108  43.082  -31.985  63.559 0.0000000000
45118  45.404  -31.623  61.919 0.0000000000
45106  45.306  -31.387  62.877 0.0000000000
44264  44.046  -32.641  62.027 0.0000000000
45133  44.766  -32.251  61.566 0.0000000000
45147  43.983  -32.612  60.425 0.0000000000
45146  44.713  -32.268  60.720 0.0000000000
46007  44.632  -30.730  58.564 0.0000000000
46017  44.428  -30.123  57.535 0.0000000000
46837  45.009  -29.733  58.170 0.0000000000
114360  44.951  -29.208  57.394 0.0000000000
47680  45.417  -28.970  58.008 0.0000000000
48572  46.399  -28.077  59.235 0.0000000000
48588  46.087  -27.874  58.387 0.0000000000
120800  46.186  -27.270  58.137 0.0000000000
49545  46.055  -26.781  57.736 0.0000000000
49544  46.357  -26.712  58.351 0.0000000000
48543  47.522  -27.592  61.612 0.0000000000
49521  47.618  -26.786  61.888 0.0000000000
116018  47.245  -26.182  60.659 0.0000000000
50370  46.967  -25.454  60.277 0.0000000000
50375  46.771  -25.491  59.401 0.0000000000
51245  46.668  -24.615  59.086 0.0000000000
51244  46.847  -24.707  59.885 0.0000000000
69608  57.290  -4.809  36.176 0.0000000000
67797  53.493  -6.601  38.356 0.0000000000
66924  56.712  -7.457  36.042 0.0000000000
66923  57.359  -7.740  35.505 0.0000000000
66907  57.058  -8.314  36.063 0.0000000000
65158  58.116  -9.432  36.921 0.0000000000
66004  58.799  -9.375  37.527 0.0000000000
65984  57.008  -9.316  39.792 0.0000000000
66876  59.182  -8.586  39.942 0.0000000000
66875  60.160  -8.539  39.729 0.0000000000
66874  61.000  -8.043  39.366 0.0000000000
66848  61.312  -8.206  41.404 0.0000000000
67863  60.262  -6.355  32.160 0.0000000000
68772  60.303  -5.530  32.045 0.0000000000
67862  60.793  -6.516  31.988 0.0000000000
66921  62.285  -7.792  35.239 0.0000000000
32758  33.083  -46.064  70.976 0.0000000000
115037  17.811  -44.235  73.937 0.0000000000
34519  18.392  -43.973  74.553 0.0000000000
34505  18.122  -43.917  75.405 0.0000000000
35423  18.416  -43.374  76.784 0.0000000000
110039  48.088  -21.958  55.680 0.0000000000
112034  34.340  -39.196  60.174 0.0000000000
38055  35.587  -39.805  62.232 0.0000000000
32806  27.327  -45.914  65.021 0.0000000000
32813  26.548  -45.842  64.681 0.0000000000
32814  25.683  -45.675  64.501 0.0000000000
34679  26.751  -44.401  61.816 0.0000000000
34666  27.714  -44.437  63.010 0.0000000000
33688  27.467  -45.099  63.616 0.0000000000
32749  26.785  -46.272  72.026 0.0000000000
113818  27.630  -46.855  73.168 0.0000000000
32739  27.060  -46.250  72.770 0.0000000000
32734  27.236  -46.202  73.719 0.0000000000
124574  27.340  -46.222  74.532 0.0000000000
65934  56.547  -8.696  43.409 0.0000000000
65107  55.654  -9.360  43.740 0.0000000000
61621  54.012  -13.869  48.172 0.0000000000
61620  54.853  -13.640  48.449 0.0000000000
58196  47.457  -17.722  44.898 0.0000000000
57266  49.173  -19.125  46.823 0.0000000000
47743  42.574  -28.273  53.656 0.0000000000
48660  42.890  -27.514  53.607 0.0000000000
47728  43.200  -27.992  54.298 0.0000000000
47717  43.842  -28.121  55.229 0.0000000000
44266  39.961  -32.433  62.950 0.0000000000
45099  40.622  -32.213  63.706 0.0000000000
113046  52.947  -9.354  40.798 0.0000000000
65972  53.475  -9.334  40.385 0.0000000000
109164  54.968  -8.966  41.050 0.0000000000
65970  55.789  -9.040  40.860 0.0000000000
66049  59.506  -8.384  34.048 0.0000000000
66942  58.789  -8.005  34.125 0.0000000000
66050  58.918  -8.810  34.534 0.0000000000
36317  33.185  -42.529  64.885 0.0000000000
36306  33.981  -42.388  65.471 0.0000000000
35497  33.899  -42.670  66.312 0.0000000000
120996  22.536  -44.118  72.606 0.0000000000
34527  23.234  -43.881  73.621 0.0000000000
34528  22.541  -43.902  73.265 0.0000000000
34501  22.817  -43.420  75.234 0.0000000000
127792  22.532  -42.460  77.173 0.0000000000
64270  51.863  -10.943  42.647 0.0000000000
62466  51.904  -13.353  43.598 0.0000000000
110831  52.224  -13.628  44.315 0.0000000000
61649  52.499  -13.702  45.207 0.0000000000
60818  52.002  -14.068  45.891 0.0000000000
54349  48.256  -21.468  49.128 0.0000000000
54331  48.220  -21.576  50.000 0.0000000000
55259  48.815  -21.234  51.424 0.0000000000
55233  50.559  -20.774  55.001 0.0000000000
33531  14.257  -44.716  76.088 0.0000000000
33532  14.088  -44.439  76.998 0.0000000000
120692  44.637  -20.830  44.866 0.0000000000
54379  45.476  -21.902  46.121 0.0000000000
52330  44.301  -23.820  48.290 0.0000000000
52329  45.122  -23.594  48.249 0.0000000000
128803  45.340  -22.887  51.332 0.0000000000
39819  36.534  -36.958  60.592 0.0000000000
40689  36.274  -36.363  60.223 0.0000000000
40679  37.773  -36.139  61.172 0.0000000000
41560  37.914  -35.197  61.055 0.0000000000
40671  38.333  -36.404  61.929 0.0000000000
40664  39.084  -36.270  63.213 0.0000000000
36314  36.321  -41.660  65.715 0.0000000000
37126  37.225  -41.404  65.970 0.0000000000
129935  38.305  -40.812  65.972 0.0000000000
38837  40.277  -38.625  68.488 0.0000000000
31123  29.961  -47.726  69.018 0.0000000000
31950  27.043  -46.963  69.528 0.0000000000
31943  26.823  -46.676  70.404 0.0000000000
34627  19.694  -44.495  66.112 0.0000000000
33659  20.573  -44.648  66.393 0.0000000000
123259  21.889  -44.714  68.104 0.0000000000
33621  21.954  -44.678  69.766 0.0000000000
33622  21.126  -44.624  69.753 0.0000000000
108932  17.258  -44.632  70.974 0.0000000000
34562  16.116  -44.360  71.148 0.0000000000
36370  29.818  -41.492  60.317 0.0000000000
37202  30.553  -41.316  60.734 0.0000000000
113651  31.036  -40.887  60.144 0.0000000000
36359  30.854  -41.622  61.606 0.0000000000
110480  31.825  -41.969  63.219 0.0000000000
35533  31.382  -42.433  63.704 0.0000000000
35521  30.959  -42.909  64.260 0.0000000000
34626  29.858  -44.343  65.947 0.0000000000
33642  30.663  -44.937  67.241 0.0000000000
35396  17.252  -42.883  78.446 0.0000000000
36232  17.724  -42.517  79.056 0.0000000000
36223  17.997  -41.869  79.625 0.0000000000
118972  59.304  -9.911  45.641 0.0000000000
65082  59.608  -10.015  46.157 0.0000000000
62436  59.235  -11.410  46.142 0.0000000000
63417  55.789  -12.055  45.000 0.0000000000
62409  56.634  -13.258  49.040 0.0000000000
62419  57.115  -12.844  48.664 0.0000000000
59062  49.326  -16.602  46.041 0.0000000000
59969  49.257  -16.226  45.347 0.0000000000
126406  50.318  -16.119  46.564 0.0000000000
60809  51.160  -15.220  46.871 0.0000000000
57223  51.292  -18.985  50.555 0.0000000000
59015  53.158  -16.752  50.911 0.0000000000
52287  40.706  -23.778  50.496 0.0000000000
52274  41.701  -23.796  51.413 0.0000000000
50438  43.771  -25.335  54.447 0.0000000000
51297  43.355  -24.587  53.313 0.0000000000
51288  43.900  -24.415  54.837 0.0000000000
52233  44.230  -23.648  55.163 0.0000000000
52243  44.328  -23.100  54.859 0.0000000000
121383  44.691  -23.764  55.721 0.0000000000
52224  45.267  -23.598  56.273 0.0000000000
52214  45.703  -23.679  56.981 0.0000000000
45149  39.274  -32.245  60.311 0.0000000000
44310  39.616  -32.622  59.439 0.0000000000
114865  40.796  -32.882  57.585 0.0000000000
44325  41.540  -32.823  57.995 0.0000000000
45172  43.041  -32.216  58.293 0.0000000000
45921  42.735  -32.020  65.730 0.0000000000
45906  43.422  -31.426  66.619 0.0000000000
45935  43.698  -30.750  66.166 0.0000000000
45950  43.397  -30.824  65.272 0.0000000000
45982  45.996  -31.010  61.286 0.0000000000
45992  45.835  -30.912  60.294 0.0000000000
125439  46.329  -30.201  60.071 0.0000000000
46828  45.779  -29.445  59.144 0.0000000000
46836  45.477  -29.390  58.572 0.0000000000
46827  46.308  -29.581  59.680 0.0000000000
47667  46.610  -28.826  59.891 0.0000000000
48559  46.888  -27.912  60.086 0.0000000000
65997  54.405  -8.547  38.563 0.0000000000
66888  54.413  -7.801  38.117 0.0000000000
66013  56.801  -8.799  36.658 0.0000000000
66864  58.109  -8.524  40.987 0.0000000000
66863  58.959  -8.423  40.816 0.0000000000
117875  60.134  -7.914  41.357 0.0000000000
66861  60.824  -7.892  41.077 0.0000000000
67847  61.289  -6.922  32.275 0.0000000000
67860  63.813  -6.344  32.337 0.0000000000
113105  63.704  -7.633  38.195 0.0000000000
34612  33.283  -43.394  67.977 0.0000000000
34575  33.746  -44.267  69.993 0.0000000000
32757  33.540  -45.543  70.466 0.0000000000
109614  20.928  -43.710  73.956 0.0000000000
34517  20.119  -43.717  74.104 0.0000000000
35433  20.419  -43.352  75.836 0.0000000000
35434  19.541  -43.494  75.867 0.0000000000
35421  20.804  -42.849  76.526 0.0000000000
35404  21.154  -42.455  77.345 0.0000000000
36237  21.489  -41.922  78.151 0.0000000000
36228  21.823  -41.608  79.043 0.0000000000
63446  49.498  -11.962  42.016 0.0000000000
54320  48.249  -22.063  52.693 0.0000000000
110513  49.157  -21.731  54.659 0.0000000000
54278  49.626  -21.710  55.975 0.0000000000
33533  12.738  -44.794  76.425 0.0000000000
34458  12.006  -43.622  79.583 0.0000000000
52331  43.446  -24.038  48.270 0.0000000000
52305  43.744  -23.779  49.110 0.0000000000
123188  35.060  -36.916  58.921 0.0000000000
38961  35.656  -38.144  60.368 0.0000000000
39805  36.328  -37.736  60.811 0.0000000000
127401  37.258  -38.374  62.125 0.0000000000
38918  37.880  -38.201  62.464 0.0000000000
32786  29.584  -46.154  67.095 0.0000000000
31965  28.235  -46.798  67.100 0.0000000000
32797  27.406  -46.369  65.736 0.0000000000
31972  27.548  -46.669  66.617 0.0000000000
31967  26.608  -46.717  67.212 0.0000000000
33661  19.139  -44.679  66.680 0.0000000000
33637  19.597  -44.748  68.490 0.0000000000
33638  18.811  -44.730  68.100 0.0000000000
34603  18.038  -44.514  67.777 0.0000000000
35560  28.630  -42.864  61.338 0.0000000000
35535  29.928  -43.076  63.139 0.0000000000
34638  29.226  -44.477  64.749 0.0000000000
33666  29.466  -44.841  65.477 0.0000000000
33654  29.656  -44.985  66.209 0.0000000000
113018  29.452  -45.745  66.483 0.0000000000
108189  58.126  -8.425  43.825 0.0000000000
113453  57.907  -8.872  44.315 0.0000000000
65090  58.450  -10.114  45.187 0.0000000000
63415  58.000  -11.303  46.215 0.0000000000
62441  54.822  -12.923  46.065 0.0000000000
61619  55.737  -13.408  48.745 0.0000000000
108459  46.896  -16.107  43.734 0.0000000000
58195  48.162  -17.638  45.477 0.0000000000
59070  48.723  -16.919  45.596 0.0000000000
58173  50.008  -17.309  47.050 0.0000000000
58172  50.737  -17.371  47.471 0.0000000000
125162  50.594  -18.249  53.332 0.0000000000
50457  41.547  -25.361  51.567 0.0000000000
51319  41.022  -24.570  51.388 0.0000000000
50447  42.644  -25.291  52.671 0.0000000000
49595  43.469  -26.318  54.078 0.0000000000
44298  36.966  -32.498  60.339 0.0000000000
45152  36.893  -32.170  59.729 0.0000000000
44297  37.604  -32.425  60.718 0.0000000000
45137  38.024  -32.154  60.785 0.0000000000
45150  38.404  -32.101  60.520 0.0000000000
44281  38.691  -32.442  61.565 0.0000000000
108773  39.063  -32.031  61.109 0.0000000000
45148  39.842  -32.118  60.928 0.0000000000
44295  40.693  -32.401  60.688 0.0000000000
44279  42.111  -32.684  61.321 0.0000000000
65998  53.806  -8.659  39.104 0.0000000000
65985  55.151  -9.154  38.719 0.0000000000
65153  55.969  -9.552  38.853 0.0000000000
65144  56.329  -9.497  39.643 0.0000000000
65969  56.626  -9.150  40.507 0.0000000000
65954  57.287  -8.688  41.205 0.0000000000
67864  59.748  -5.964  32.571 0.0000000000
66971  60.647  -7.466  32.734 0.0000000000
66957  61.445  -7.508  33.210 0.0000000000
66939  63.023  -7.413  34.570 0.0000000000
66009  61.346  -8.414  35.609 0.0000000000
66002  60.491  -8.899  36.915 0.0000000000
108203  34.137  -41.090  62.765 0.0000000000
37167  34.994  -41.115  63.937 0.0000000000
36323  35.321  -41.429  64.640 0.0000000000
36316  34.796  -41.900  65.214 0.0000000000
36315  35.602  -41.685  65.271 0.0000000000
36304  35.979  -41.902  66.594 0.0000000000
36296  36.570  -41.890  67.336 0.0000000000
35471  33.875  -43.209  68.807 0.0000000000
35479  34.647  -42.804  68.775 0.0000000000
35469  35.055  -42.770  69.764 0.0000000000
35478  35.515  -42.530  68.821 0.0000000000
33690  25.362  -45.003  62.828 0.0000000000
33550  25.430  -44.478  74.568 0.0000000000
112983  23.815  -43.843  73.953 0.0000000000
34512  25.084  -44.032  75.040 0.0000000000
33541  25.757  -44.442  75.316 0.0000000000
34497  25.990  -44.531  75.862 0.0000000000
34516  21.395  -43.637  74.592 0.0000000000
125136  22.274  -43.475  75.241 0.0000000000
35418  23.415  -42.809  76.651 0.0000000000
35417  24.072  -43.054  76.310 0.0000000000
65121  54.076  -9.698  42.122 0.0000000000
64268  53.879  -10.666  43.379 0.0000000000
64262  53.998  -11.286  43.824 0.0000000000
62465  54.303  -12.564  44.460 0.0000000000
63437  52.520  -11.830  43.225 0.0000000000
62442  54.079  -13.237  45.748 0.0000000000
61628  53.725  -13.683  47.312 0.0000000000
60798  53.798  -14.632  48.508 0.0000000000
56271  48.085  -20.208  46.925 0.0000000000
55278  49.355  -20.506  49.094 0.0000000000
55279  48.807  -21.031  49.511 0.0000000000
111204  49.242  -20.547  49.810 0.0000000000
57200  49.944  -19.071  52.611 0.0000000000
55252  49.500  -20.664  52.765 0.0000000000
56197  49.885  -19.846  53.237 0.0000000000
57190  50.242  -18.913  53.281 0.0000000000
46869  41.345  -30.148  53.811 0.0000000000
46862  42.013  -30.036  54.938 0.0000000000
43344  41.388  -33.746  66.503 0.0000000000
43358  41.069  -33.331  65.857 0.0000000000
44205  41.889  -33.252  66.498 0.0000000000
108483  51.727  -9.117  40.301 0.0000000000
68737  58.094  -5.370  34.855 0.0000000000
34506  16.325  -43.961  75.831 0.0000000000
34491  16.336  -43.838  76.747 0.0000000000
35426  16.350  -43.631  77.505 0.0000000000
35397  16.518  -43.103  78.586 0.0000000000
35387  16.283  -42.993  79.459 0.0000000000
33520  13.159  -44.565  77.288 0.0000000000
36225  15.914  -42.620  80.281 0.0000000000
57282  46.892  -18.474  44.808 0.0000000000
56291  45.938  -19.618  44.905 0.0000000000
56290  46.558  -19.866  45.410 0.0000000000
56283  46.963  -19.862  46.095 0.0000000000
55316  47.311  -20.413  46.541 0.0000000000
54362  47.686  -21.404  47.971 0.0000000000
130997  47.255  -21.575  47.437 0.0000000000
54350  47.735  -21.852  48.676 0.0000000000
53359  45.974  -23.345  48.270 0.0000000000
126598  47.701  -22.396  52.151 0.0000000000
54321  47.396  -22.277  52.962 0.0000000000
54310  47.117  -22.274  53.773 0.0000000000
53301  46.411  -22.469  53.202 0.0000000000
110842  47.417  -21.993  55.125 0.0000000000
108217  47.220  -22.199  55.907 0.0000000000
45162  34.847  -32.402  58.832 0.0000000000
44313  35.805  -32.583  59.698 0.0000000000
41586  34.616  -35.428  58.048 0.0000000000
41579  34.919  -35.313  58.910 0.0000000000
42520  34.988  -34.498  59.136 0.0000000000
41570  35.915  -35.741  59.906 0.0000000000
42519  35.348  -33.943  59.512 0.0000000000
43398  35.676  -33.347  60.007 0.0000000000
44299  36.264  -32.852  60.202 0.0000000000
120775  36.740  -33.053  60.559 0.0000000000
43391  37.804  -33.652  61.095 0.0000000000
43386  38.490  -33.608  61.722 0.0000000000
121206  38.689  -34.487  61.900 0.0000000000
43379  39.116  -33.967  62.542 0.0000000000
43378  39.774  -34.046  63.503 0.0000000000
42463  39.982  -34.308  65.168 0.0000000000
37190  34.981  -40.588  62.495 0.0000000000
130813  35.483  -40.247  62.754 0.0000000000
38036  35.903  -39.922  63.007 0.0000000000
37165  36.691  -40.827  64.347 0.0000000000
38035  36.778  -39.735  63.196 0.0000000000
38900  38.063  -38.674  63.177 0.0000000000
37124  38.629  -40.675  66.481 0.0000000000
37143  38.594  -40.439  65.738 0.0000000000
37987  39.125  -39.986  66.216 0.0000000000
37998  38.875  -39.681  65.483 0.0000000000
38885  38.866  -38.594  64.461 0.0000000000
38899  38.616  -38.298  63.699 0.0000000000
39779  38.822  -37.640  63.560 0.0000000000
40657  39.233  -36.977  63.899 0.0000000000
40656  39.693  -36.443  64.580 0.0000000000
40649  39.847  -36.574  65.467 0.0000000000
41530  39.715  -35.753  64.367 0.0000000000
119652  39.797  -35.078  64.825 0.0000000000
43345  40.612  -34.125  66.090 0.0000000000
31094  33.116  -47.936  71.402 0.0000000000
31095  32.144  -48.620  71.236 0.0000000000
31957  29.319  -47.089  68.087 0.0000000000
31135  29.169  -47.567  68.662 0.0000000000
31124  29.318  -47.924  69.353 0.0000000000
31125  28.596  -47.772  69.359 0.0000000000
108903  28.974  -48.135  70.030 0.0000000000
31933  26.805  -46.460  71.294 0.0000000000
33669  24.945  -45.408  64.496 0.0000000000
110040  24.397  -45.066  64.949 0.0000000000
32800  24.747  -45.760  66.106 0.0000000000
32790  24.523  -45.586  67.057 0.0000000000
34639  21.698  -44.427  65.071 0.0000000000
33672  21.835  -44.679  65.777 0.0000000000
33644  23.812  -44.886  67.041 0.0000000000
32780  24.694  -45.497  68.053 0.0000000000
33631  24.869  -45.338  68.889 0.0000000000
33619  23.871  -44.765  69.441 0.0000000000
115003  24.425  -44.840  70.005 0.0000000000
33584  24.312  -44.668  71.990 0.0000000000
34556  22.959  -44.369  72.139 0.0000000000
34541  20.758  -44.087  72.630 0.0000000000
33624  19.575  -44.658  69.268 0.0000000000
33610  19.562  -44.600  70.237 0.0000000000
34576  17.944  -44.735  69.716 0.0000000000
125916  20.059  -44.271  72.340 0.0000000000
109611  20.032  -44.015  72.841 0.0000000000
34532  17.996  -44.354  73.143 0.0000000000
122413  16.384  -44.422  74.262 0.0000000000
34535  15.804  -44.577  73.898 0.0000000000
110836  13.832  -44.923  75.191 0.0000000000
38988  33.408  -38.323  58.456 0.0000000000
38977  33.700  -38.538  59.051 0.0000000000
38071  33.659  -40.550  61.333 0.0000000000
123589  31.499  -39.773  59.129 0.0000000000
37212  31.844  -40.529  60.346 0.0000000000
37211  32.524  -40.545  60.741 0.0000000000
37182  33.345  -41.584  63.133 0.0000000000
36326  32.526  -42.335  64.270 0.0000000000
35498  32.741  -43.050  66.252 0.0000000000
34636  31.283  -43.518  65.658 0.0000000000
34623  32.237  -43.464  66.733 0.0000000000
34613  32.379  -43.649  67.631 0.0000000000
33628  31.909  -44.387  68.862 0.0000000000
33603  32.248  -45.180  70.017 0.0000000000
33558  26.174  -45.185  73.790 0.0000000000
32729  26.841  -45.567  74.336 0.0000000000
34490  16.970  -43.795  76.467 0.0000000000
35395  18.088  -42.656  78.332 0.0000000000
36240  18.745  -42.618  77.893 0.0000000000
36230  20.018  -41.818  78.681 0.0000000000
36229  20.945  -41.569  78.781 0.0000000000
65931  59.907  -8.746  43.744 0.0000000000
64260  55.633  -10.703  44.261 0.0000000000
62427  56.889  -12.560  47.701 0.0000000000
63409  57.114  -12.272  46.736 0.0000000000
118163  58.449  -11.996  47.293 0.0000000000
117094  58.630  -12.368  47.452 0.0000000000
61681  48.342  -13.323  42.369 0.0000000000
60836  50.021  -14.555  44.119 0.0000000000
60838  48.105  -15.366  43.611 0.0000000000
60829  49.165  -15.346  44.495 0.0000000000
111750  49.405  -14.919  43.901 0.0000000000
108621  51.915  -14.967  47.224 0.0000000000
57265  49.759  -18.776  47.403 0.0000000000
58155  51.072  -17.983  48.116 0.0000000000
114034  50.737  -18.455  52.235 0.0000000000
58125  52.106  -17.756  51.804 0.0000000000
57210  51.668  -18.284  51.145 0.0000000000
58154  51.833  -17.568  48.335 0.0000000000
59037  52.353  -17.106  48.351 0.0000000000
59036  52.870  -16.746  48.738 0.0000000000
59920  54.154  -15.843  49.674 0.0000000000
53349  43.166  -23.421  49.790 0.0000000000
53336  43.501  -23.232  50.587 0.0000000000
51318  41.751  -24.485  52.000 0.0000000000
52266  41.887  -23.956  52.102 0.0000000000
52256  43.180  -24.191  52.949 0.0000000000
52265  42.707  -23.983  52.476 0.0000000000
52273  42.437  -23.724  51.816 0.0000000000
53317  43.178  -23.545  52.118 0.0000000000
53326  43.790  -23.116  51.537 0.0000000000
53315  44.535  -22.897  52.730 0.0000000000
53289  45.335  -22.590  54.784 0.0000000000
53280  44.933  -22.782  55.230 0.0000000000
53279  45.728  -22.585  55.382 0.0000000000
53278  46.378  -22.621  56.155 0.0000000000
53271  46.555  -22.686  56.994 0.0000000000
117057  36.911  -32.128  59.013 0.0000000000
44328  38.428  -32.637  58.255 0.0000000000
45208  40.572  -31.892  55.088 0.0000000000
44349  40.904  -32.524  56.516 0.0000000000
45198  41.224  -31.789  55.637 0.0000000000
46028  42.071  -31.270  55.887 0.0000000000
46038  42.419  -30.484  55.533 0.0000000000
46853  43.031  -29.971  55.957 0.0000000000
44243  40.912  -32.096  65.105 0.0000000000
45098  40.908  -31.691  64.670 0.0000000000
45111  40.843  -31.808  63.795 0.0000000000
45937  42.292  -31.758  65.248 0.0000000000
45097  41.161  -31.386  64.454 0.0000000000
45110  41.306  -31.586  63.590 0.0000000000
45122  41.522  -31.882  62.691 0.0000000000
45121  42.367  -32.408  62.271 0.0000000000
123303  43.941  -30.899  64.753 0.0000000000
108457  45.073  -31.151  63.772 0.0000000000
127675  44.645  -31.658  63.394 0.0000000000
45107  43.958  -31.924  63.503 0.0000000000
45120  43.652  -32.373  62.817 0.0000000000
44265  43.254  -32.685  62.205 0.0000000000
44293  42.630  -33.021  60.641 0.0000000000
44306  43.262  -32.928  60.049 0.0000000000
44323  43.200  -32.664  59.135 0.0000000000
45171  43.846  -31.750  58.650 0.0000000000
45993  45.032  -31.597  60.164 0.0000000000
45155  44.518  -31.588  59.402 0.0000000000
45184  43.409  -31.453  57.790 0.0000000000
46018  43.728  -30.700  57.262 0.0000000000
46847  43.929  -30.005  56.906 0.0000000000
46852  43.768  -29.619  56.288 0.0000000000
47695  45.437  -28.424  57.340 0.0000000000
48601  45.333  -27.715  56.756 0.0000000000
49552  45.651  -26.746  56.944 0.0000000000
50396  45.925  -26.023  57.514 0.0000000000
126987  47.389  -28.306  61.379 0.0000000000
48544  47.248  -27.736  60.872 0.0000000000
49530  47.129  -27.004  60.336 0.0000000000
118382  46.747  -26.289  59.265 0.0000000000
50383  46.549  -26.003  58.667 0.0000000000
51255  46.180  -24.538  58.310 0.0000000000
51263  45.812  -24.062  57.589 0.0000000000
52205  46.171  -23.657  58.253 0.0000000000
52204  46.614  -23.360  58.888 0.0000000000
53251  46.387  -23.014  58.216 0.0000000000
66012  57.518  -9.039  36.398 0.0000000000
65164  58.258  -9.309  36.115 0.0000000000
66003  59.664  -9.258  37.263 0.0000000000
65996  57.778  -9.319  38.625 0.0000000000
65982  58.452  -8.906  39.251 0.0000000000
65995  58.624  -9.161  38.382 0.0000000000
66873  61.986  -8.168  39.823 0.0000000000
66860  61.617  -8.120  40.762 0.0000000000
31940  32.662  -46.606  70.930 0.0000000000
34504  19.001  -43.779  75.215 0.0000000000
35431  22.277  -43.036  75.768 0.0000000000
37107  38.062  -41.123  67.137 0.0000000000
40663  39.528  -36.243  63.919 0.0000000000
41519  39.869  -35.768  65.179 0.0000000000
41569  36.580  -35.534  60.230 0.0000000000
44223  41.941  -33.163  66.283 0.0000000000
44235  41.318  -32.690  65.425 0.0000000000
44236  41.033  -32.925  65.072 0.0000000000
44253  40.330  -32.709  63.499 0.0000000000
44277  43.572  -32.826  61.578 0.0000000000
44278  42.900  -32.899  61.508 0.0000000000
44280  41.256  -32.310  61.308 0.0000000000
44291  44.143  -32.712  61.211 0.0000000000
45060  43.091  -32.154  65.882 0.0000000000
45075  43.250  -31.691  66.060 0.0000000000
45123  40.826  -31.747  62.939 0.0000000000
45125  39.118  -32.199  61.664 0.0000000000
45156  43.895  -32.340  59.600 0.0000000000
45920  43.407  -30.980  66.790 0.0000000000
45963  44.306  -31.427  64.094 0.0000000000
46000  45.883  -30.226  59.545 0.0000000000
46027  42.765  -30.847  56.190 0.0000000000
47668  46.129  -28.900  59.349 0.0000000000
47694  45.758  -28.325  57.966 0.0000000000
48587  46.404  -27.286  58.745 0.0000000000
48622  44.767  -26.858  55.873 0.0000000000
49563  45.582  -25.827  56.904 0.0000000000
49596  43.100  -26.832  53.590 0.0000000000
49620  41.237  -26.424  51.515 0.0000000000
50384  46.169  -25.490  58.137 0.0000000000
51296  43.722  -24.548  54.010 0.0000000000
52275  41.064  -23.782  51.088 0.0000000000
52285  42.272  -23.539  49.750 0.0000000000
53325  44.726  -22.954  51.395 0.0000000000
53410  44.225  -22.390  45.576 0.0000000000
109032  17.571  -41.749  80.452 0.0000000000
115584  22.625  -43.756  73.967 0.0000000000
115907  33.316  -42.924  66.489 0.0000000000
116172  24.312  -43.974  73.858 0.0000000000
117857  24.416  -45.228  65.606 0.0000000000
118637  20.668  -43.641  74.590 0.0000000000
121900  43.816  -20.886  44.544 0.0000000000
124097  46.566  -26.675  58.901 0.0000000000
127341  40.893  -32.733  59.964 0.0000000000
128457  50.614  -18.438  48.136 0.0000000000
129747  27.964  -45.105  64.129 0.0000000000
130804  28.904  -42.459  61.036 0.0000000000
