#!ascii label  , from subject Paciente_3 vox2ras=TkReg
1086
45855  17.666  -31.219  73.664 0.0000000000
125778  9.260  -39.488  61.672 0.0000000000
126016  8.965  -35.923  76.560 0.0000000000
43323  11.141  -33.706  68.649 0.0000000000
47664  9.752  -28.023  60.654 0.0000000000
44981  12.939  -32.893  76.104 0.0000000000
45867  11.909  -30.749  73.514 0.0000000000
43254  20.965  -34.545  76.230 0.0000000000
41382  16.186  -35.004  78.218 0.0000000000
39661  10.475  -36.654  78.575 0.0000000000
45900  6.489  -29.799  67.320 0.0000000000
108268  9.172  -32.111  64.255 0.0000000000
49494  5.016  -26.463  65.519 0.0000000000
109702  5.742  -37.750  72.607 0.0000000000
40624  8.236  -37.625  69.751 0.0000000000
43292  8.855  -34.158  72.584 0.0000000000
46730  9.535  -30.157  69.704 0.0000000000
41523  9.821  -35.743  65.060 0.0000000000
42511  10.198  -34.729  60.412 0.0000000000
45194  5.849  -31.671  57.421 0.0000000000
51248  5.454  -24.244  60.006 0.0000000000
45837  14.971  -31.613  75.878 0.0000000000
46696  14.055  -30.374  73.991 0.0000000000
44140  19.310  -32.915  75.421 0.0000000000
41392  18.404  -34.774  76.867 0.0000000000
44118  17.235  -33.001  77.110 0.0000000000
44094  14.344  -33.906  76.683 0.0000000000
46761  5.062  -28.560  66.705 0.0000000000
41428  6.726  -36.145  76.004 0.0000000000
42403  7.704  -36.114  72.712 0.0000000000
43275  8.921  -34.911  74.744 0.0000000000
47563  12.665  -29.127  70.437 0.0000000000
46721  12.186  -30.991  70.367 0.0000000000
41396  9.508  -35.969  77.600 0.0000000000
118523  8.989  -37.534  76.473 0.0000000000
112540  7.790  -37.137  76.448 0.0000000000
38748  6.365  -38.506  75.638 0.0000000000
41475  9.153  -34.963  69.183 0.0000000000
41515  7.850  -36.320  67.270 0.0000000000
41498  12.019  -35.246  67.214 0.0000000000
45143  9.493  -30.300  62.284 0.0000000000
122129  12.558  -32.887  62.146 0.0000000000
46003  11.130  -30.562  59.696 0.0000000000
44319  8.458  -32.640  59.035 0.0000000000
46840  9.076  -29.450  58.684 0.0000000000
43247  11.190  -34.917  76.671 0.0000000000
44142  11.048  -33.497  74.708 0.0000000000
45851  12.230  -31.176  74.713 0.0000000000
110872  13.931  -30.204  72.402 0.0000000000
39696  20.914  -36.018  74.398 0.0000000000
110398  19.462  -37.775  73.700 0.0000000000
39684  19.479  -35.950  75.802 0.0000000000
39687  16.896  -36.528  76.165 0.0000000000
40551  13.317  -35.848  78.463 0.0000000000
121954  11.643  -34.922  77.823 0.0000000000
123400  8.193  -31.923  67.773 0.0000000000
43349  10.334  -33.272  66.507 0.0000000000
44231  7.346  -31.048  65.909 0.0000000000
45969  6.768  -29.569  64.608 0.0000000000
47646  6.836  -28.266  63.676 0.0000000000
45026  19.652  -32.163  71.703 0.0000000000
37041  23.937  -38.616  71.818 0.0000000000
38786  25.368  -38.071  73.596 0.0000000000
108515  22.177  -35.495  73.671 0.0000000000
43282  21.212  -33.899  73.077 0.0000000000
37920  6.586  -39.484  71.939 0.0000000000
38834  8.302  -38.862  70.135 0.0000000000
40616  7.831  -37.655  70.956 0.0000000000
42426  7.849  -35.469  70.811 0.0000000000
43307  11.189  -33.628  70.578 0.0000000000
45014  10.725  -32.553  73.884 0.0000000000
45037  11.498  -32.123  70.633 0.0000000000
45044  9.527  -31.422  69.912 0.0000000000
46740  8.518  -29.943  68.023 0.0000000000
38856  8.256  -38.804  68.355 0.0000000000
39769  8.410  -38.129  65.988 0.0000000000
39786  9.186  -38.409  63.562 0.0000000000
42466  13.020  -34.633  64.957 0.0000000000
41554  11.117  -36.467  62.153 0.0000000000
40683  8.183  -37.340  60.491 0.0000000000
41575  7.255  -36.627  59.290 0.0000000000
42534  7.210  -34.506  57.418 0.0000000000
52151  5.454  -23.915  65.352 0.0000000000
50361  7.563  -25.695  63.147 0.0000000000
52173  8.454  -23.636  62.529 0.0000000000
49533  8.556  -26.494  60.029 0.0000000000
47691  7.081  -28.264  57.629 0.0000000000
45845  16.902  -31.334  74.756 0.0000000000
118357  16.177  -30.004  73.988 0.0000000000
108629  17.029  -29.938  72.708 0.0000000000
129714  18.787  -32.117  75.111 0.0000000000
44131  18.435  -32.688  76.395 0.0000000000
44999  17.565  -31.568  75.484 0.0000000000
116549  15.948  -32.306  76.627 0.0000000000
36355  8.600  -40.929  61.003 0.0000000000
38076  7.900  -38.508  60.337 0.0000000000
42372  7.798  -35.926  76.885 0.0000000000
116660  7.868  -35.752  75.621 0.0000000000
43266  9.427  -35.464  75.402 0.0000000000
111147  20.344  -38.094  71.067 0.0000000000
42352  8.610  -36.129  77.220 0.0000000000
41398  8.170  -36.227  77.259 0.0000000000
41409  8.024  -36.256  77.237 0.0000000000
40584  6.915  -36.649  77.057 0.0000000000
42433  11.243  -34.228  69.037 0.0000000000
41487  11.172  -35.157  68.321 0.0000000000
121945  11.847  -34.735  68.066 0.0000000000
109431  9.491  -29.673  61.780 0.0000000000
45142  10.480  -30.857  61.154 0.0000000000
46824  10.430  -29.249  60.087 0.0000000000
46004  10.299  -30.099  59.238 0.0000000000
47674  9.877  -28.680  59.715 0.0000000000
124362  11.819  -33.315  76.336 0.0000000000
128693  11.635  -33.093  75.877 0.0000000000
44993  12.253  -32.448  75.533 0.0000000000
47526  13.846  -30.319  73.543 0.0000000000
48418  13.934  -29.061  69.969 0.0000000000
40579  20.810  -35.617  75.235 0.0000000000
39697  20.280  -36.074  74.768 0.0000000000
41418  20.446  -35.609  76.576 0.0000000000
117669  17.313  -34.817  77.684 0.0000000000
40568  17.999  -35.299  76.701 0.0000000000
40570  16.119  -35.508  76.929 0.0000000000
40549  14.858  -35.339  78.065 0.0000000000
115229  13.254  -33.547  76.815 0.0000000000
125886  13.003  -33.694  78.113 0.0000000000
43235  11.755  -33.884  77.187 0.0000000000
43236  11.364  -34.534  76.796 0.0000000000
45899  7.284  -30.324  67.551 0.0000000000
44215  7.720  -32.045  67.028 0.0000000000
45071  6.677  -30.412  66.451 0.0000000000
116536  4.801  -27.736  66.179 0.0000000000
45944  5.734  -29.316  65.568 0.0000000000
46802  5.597  -28.719  64.853 0.0000000000
45978  6.811  -28.940  64.323 0.0000000000
114436  5.852  -27.862  64.046 0.0000000000
40599  23.054  -36.697  73.564 0.0000000000
38805  5.758  -38.584  72.461 0.0000000000
110442  7.249  -38.485  71.149 0.0000000000
39722  6.550  -37.279  71.846 0.0000000000
122142  7.397  -34.930  72.164 0.0000000000
42414  7.756  -35.919  71.837 0.0000000000
42412  8.214  -34.897  71.331 0.0000000000
42424  9.818  -34.707  70.493 0.0000000000
43300  9.831  -34.052  72.027 0.0000000000
45007  11.343  -32.108  74.713 0.0000000000
45008  11.059  -32.685  74.498 0.0000000000
121270  11.028  -31.804  73.412 0.0000000000
46722  11.220  -30.605  70.422 0.0000000000
45028  12.041  -31.963  71.128 0.0000000000
45029  11.113  -31.489  70.450 0.0000000000
128486  11.075  -32.161  70.502 0.0000000000
45039  9.318  -31.041  70.109 0.0000000000
45045  8.942  -30.990  69.211 0.0000000000
46739  9.468  -30.132  68.649 0.0000000000
38792  17.977  -37.747  73.515 0.0000000000
37907  17.819  -38.361  72.005 0.0000000000
39670  11.871  -37.447  78.217 0.0000000000
38742  11.506  -38.473  77.561 0.0000000000
38732  11.100  -38.197  78.242 0.0000000000
38736  8.075  -38.874  75.658 0.0000000000
38735  9.040  -38.300  76.061 0.0000000000
38763  5.839  -38.348  75.124 0.0000000000
38779  5.670  -38.819  74.359 0.0000000000
38844  8.245  -38.474  69.652 0.0000000000
127240  8.117  -38.777  69.239 0.0000000000
39752  7.952  -38.212  68.871 0.0000000000
109192  9.177  -35.693  65.978 0.0000000000
127165  7.665  -36.689  66.472 0.0000000000
40652  7.951  -36.603  65.510 0.0000000000
39777  8.664  -38.195  64.745 0.0000000000
41537  9.229  -36.417  64.050 0.0000000000
43375  9.745  -32.838  64.991 0.0000000000
43363  11.968  -33.481  65.720 0.0000000000
43384  11.576  -32.983  64.234 0.0000000000
42509  12.204  -33.972  60.594 0.0000000000
42490  12.991  -34.656  61.880 0.0000000000
42499  10.903  -35.391  60.838 0.0000000000
41565  9.896  -36.758  60.886 0.0000000000
42501  9.200  -36.027  59.999 0.0000000000
41567  7.996  -36.975  60.147 0.0000000000
42513  8.286  -35.307  59.589 0.0000000000
44334  7.232  -32.081  58.038 0.0000000000
43418  7.673  -33.998  58.352 0.0000000000
118809  6.594  -33.034  57.632 0.0000000000
52169  5.897  -23.550  65.092 0.0000000000
120753  5.833  -24.793  64.686 0.0000000000
51221  6.772  -24.439  64.120 0.0000000000
52199  5.886  -23.364  59.852 0.0000000000
51239  7.050  -23.969  60.100 0.0000000000
50372  7.608  -24.981  60.402 0.0000000000
50378  6.504  -25.446  59.848 0.0000000000
47677  6.903  -27.467  58.555 0.0000000000
48584  6.190  -27.106  58.664 0.0000000000
45830  14.141  -32.122  76.168 0.0000000000
45849  13.616  -31.365  74.953 0.0000000000
45848  14.383  -31.499  75.001 0.0000000000
129977  20.719  -33.943  76.024 0.0000000000
42359  20.153  -34.778  77.008 0.0000000000
43256  19.576  -33.877  76.588 0.0000000000
43232  18.033  -33.904  77.015 0.0000000000
42334  16.549  -34.128  77.998 0.0000000000
43215  15.303  -34.586  77.476 0.0000000000
44092  16.161  -33.700  77.123 0.0000000000
44967  15.127  -32.671  76.611 0.0000000000
47589  5.866  -28.363  67.881 0.0000000000
46760  5.255  -28.916  67.211 0.0000000000
47591  5.253  -27.845  67.154 0.0000000000
130684  5.261  -26.743  66.804 0.0000000000
117986  4.920  -26.134  66.643 0.0000000000
40600  5.937  -36.355  73.815 0.0000000000
40606  7.168  -36.805  72.504 0.0000000000
41443  6.800  -35.708  74.116 0.0000000000
42392  7.558  -34.563  73.973 0.0000000000
43285  8.552  -34.004  74.024 0.0000000000
46714  13.119  -30.622  71.874 0.0000000000
46709  12.368  -30.895  72.263 0.0000000000
47551  12.439  -30.559  70.457 0.0000000000
47564  11.676  -30.229  70.334 0.0000000000
124218  10.088  -28.984  70.066 0.0000000000
129185  9.650  -29.599  68.531 0.0000000000
113337  9.745  -36.059  78.254 0.0000000000
39662  9.538  -36.826  77.778 0.0000000000
40555  9.027  -36.744  76.820 0.0000000000
39665  7.872  -37.181  76.090 0.0000000000
39672  7.428  -38.131  75.734 0.0000000000
117525  6.967  -38.952  75.320 0.0000000000
39680  7.075  -37.921  75.902 0.0000000000
39703  5.962  -37.449  75.750 0.0000000000
41490  8.136  -36.472  69.336 0.0000000000
41503  7.907  -37.089  69.116 0.0000000000
114565  8.917  -35.573  68.159 0.0000000000
41513  9.936  -35.556  66.914 0.0000000000
109860  11.020  -35.587  65.704 0.0000000000
44273  9.540  -31.515  63.053 0.0000000000
111021  11.479  -32.419  62.753 0.0000000000
44288  10.877  -31.439  61.592 0.0000000000
45140  11.811  -32.100  60.882 0.0000000000
43413  10.868  -32.644  59.958 0.0000000000
122790  9.103  -33.369  59.972 0.0000000000
45167  10.225  -31.421  59.133 0.0000000000
45178  8.661  -31.085  58.757 0.0000000000
45180  7.341  -31.171  58.045 0.0000000000
52210  5.882  -24.043  59.241 0.0000000000
49548  6.034  -25.965  58.263 0.0000000000
50399  6.729  -25.506  57.203 0.0000000000
124365  10.006  -35.890  76.674 0.0000000000
43265  10.231  -35.415  75.488 0.0000000000
125937  11.226  -34.152  75.947 0.0000000000
45001  11.686  -32.330  75.206 0.0000000000
45860  11.931  -30.845  74.370 0.0000000000
46687  13.057  -30.591  74.560 0.0000000000
46698  12.731  -30.187  74.306 0.0000000000
47537  13.458  -30.386  72.699 0.0000000000
47562  13.569  -29.172  70.961 0.0000000000
117315  21.235  -37.521  73.566 0.0000000000
37890  20.282  -38.066  73.164 0.0000000000
38772  20.303  -37.487  73.874 0.0000000000
40582  19.250  -35.658  76.454 0.0000000000
39686  17.954  -36.196  75.978 0.0000000000
38758  16.936  -37.428  75.175 0.0000000000
122876  13.191  -36.549  77.618 0.0000000000
40552  12.301  -36.145  78.303 0.0000000000
42337  14.655  -34.740  78.858 0.0000000000
42340  13.072  -34.699  79.251 0.0000000000
41387  11.128  -35.500  78.017 0.0000000000
42343  10.161  -35.661  77.685 0.0000000000
42350  10.310  -35.806  77.090 0.0000000000
44214  9.375  -32.640  68.062 0.0000000000
43335  11.155  -33.609  68.115 0.0000000000
130845  8.580  -32.476  67.373 0.0000000000
44239  8.162  -32.333  65.847 0.0000000000
108338  8.075  -32.038  65.064 0.0000000000
45928  6.241  -29.779  66.248 0.0000000000
45093  6.903  -30.583  65.211 0.0000000000
44261  8.421  -30.689  64.371 0.0000000000
45130  8.581  -30.150  63.793 0.0000000000
45987  8.492  -29.473  63.389 0.0000000000
47655  8.397  -28.366  62.352 0.0000000000
45012  18.268  -31.506  73.279 0.0000000000
37903  22.469  -38.180  71.847 0.0000000000
120014  26.657  -38.703  72.323 0.0000000000
125257  26.680  -37.956  72.925 0.0000000000
37884  25.466  -38.677  73.192 0.0000000000
37885  24.439  -38.618  73.147 0.0000000000
37886  23.625  -38.282  73.128 0.0000000000
38789  21.909  -37.904  73.272 0.0000000000
40591  21.256  -36.128  74.222 0.0000000000
41434  21.668  -35.141  74.699 0.0000000000
43271  21.475  -34.920  73.994 0.0000000000
43272  20.864  -34.242  74.501 0.0000000000
44148  19.900  -33.034  74.071 0.0000000000
44158  19.346  -32.297  73.601 0.0000000000
112076  8.252  -38.456  70.171 0.0000000000
41479  8.299  -37.536  70.100 0.0000000000
41451  7.959  -36.786  71.922 0.0000000000
41469  8.216  -36.932  70.488 0.0000000000
41468  8.216  -36.390  70.389 0.0000000000
42436  8.854  -34.945  69.944 0.0000000000
127114  10.454  -34.571  70.021 0.0000000000
42422  11.244  -34.012  69.724 0.0000000000
43274  10.080  -35.067  74.735 0.0000000000
43284  9.567  -33.703  74.011 0.0000000000
43283  10.150  -33.291  73.595 0.0000000000
45021  11.491  -31.937  72.319 0.0000000000
44159  10.948  -32.540  72.923 0.0000000000
129322  10.526  -33.578  72.374 0.0000000000
44174  11.392  -32.797  71.055 0.0000000000
44182  11.141  -32.865  70.031 0.0000000000
44188  10.664  -32.714  69.569 0.0000000000
44190  9.202  -31.693  69.109 0.0000000000
45046  8.370  -30.634  67.997 0.0000000000
45898  7.863  -30.093  67.908 0.0000000000
46748  8.827  -29.561  67.967 0.0000000000
46749  7.648  -29.450  67.781 0.0000000000
112888  6.588  -28.994  67.661 0.0000000000
37865  11.129  -38.978  76.324 0.0000000000
38733  9.727  -38.078  77.216 0.0000000000
40645  7.901  -37.877  68.281 0.0000000000
38871  8.531  -38.638  67.666 0.0000000000
38933  9.188  -38.749  61.823 0.0000000000
108107  11.729  -34.143  67.544 0.0000000000
42458  12.580  -34.694  65.747 0.0000000000
41534  11.992  -35.690  64.493 0.0000000000
43382  12.869  -33.563  63.458 0.0000000000
41544  12.219  -35.657  63.512 0.0000000000
41536  10.131  -36.109  63.779 0.0000000000
41547  9.687  -36.900  62.852 0.0000000000
115371  9.002  -37.720  61.323 0.0000000000
38934  8.490  -38.304  60.757 0.0000000000
39814  7.564  -37.627  59.938 0.0000000000
125135  8.117  -34.373  59.523 0.0000000000
109570  7.553  -35.656  58.977 0.0000000000
120790  4.684  -24.735  66.573 0.0000000000
52134  4.901  -23.417  65.978 0.0000000000
50342  5.054  -25.269  65.170 0.0000000000
49509  5.787  -26.511  64.426 0.0000000000
49519  7.081  -26.738  63.152 0.0000000000
48555  8.488  -27.322  61.888 0.0000000000
50360  8.462  -25.103  62.202 0.0000000000
49526  8.488  -26.019  60.720 0.0000000000
48571  9.314  -27.240  60.308 0.0000000000
47676  8.138  -27.869  58.982 0.0000000000
46842  7.543  -29.362  57.817 0.0000000000
46014  6.368  -29.990  57.413 0.0000000000
46850  6.694  -28.820  56.862 0.0000000000
45856  17.020  -30.963  73.894 0.0000000000
45866  17.111  -30.691  73.142 0.0000000000
45006  18.393  -31.627  74.251 0.0000000000
130287  18.148  -31.719  75.104 0.0000000000
45844  17.628  -31.426  74.537 0.0000000000
45835  16.706  -31.582  75.690 0.0000000000
37195  9.106  -40.390  61.213 0.0000000000
37196  8.463  -40.310  60.562 0.0000000000
38064  8.750  -39.301  60.783 0.0000000000
42371  8.473  -36.039  76.266 0.0000000000
42378  8.567  -35.714  75.750 0.0000000000
43259  9.380  -35.862  76.111 0.0000000000
112566  21.562  -38.118  72.231 0.0000000000
37914  21.175  -37.739  70.766 0.0000000000
37904  20.945  -38.082  71.635 0.0000000000
42362  9.022  -36.032  76.928 0.0000000000
42363  8.285  -36.028  76.952 0.0000000000
43322  11.265  -33.977  69.010 0.0000000000
42446  11.491  -34.432  68.497 0.0000000000
43334  11.501  -34.152  68.331 0.0000000000
46817  9.616  -28.898  61.262 0.0000000000
45997  10.182  -29.352  60.730 0.0000000000
47663  10.123  -28.614  60.341 0.0000000000
46832  10.214  -29.461  59.601 0.0000000000
125637  9.995  -28.167  60.045 0.0000000000
44120  12.214  -33.171  76.271 0.0000000000
44983  11.979  -32.846  75.975 0.0000000000
44982  12.301  -32.824  75.858 0.0000000000
41426  21.223  -35.244  75.707 0.0000000000
41417  21.010  -35.735  76.068 0.0000000000
41405  20.697  -35.117  76.536 0.0000000000
41381  16.835  -34.687  78.156 0.0000000000
40558  16.632  -35.443  77.547 0.0000000000
41395  16.222  -35.332  77.953 0.0000000000
40571  15.365  -35.416  76.914 0.0000000000
40548  15.595  -35.244  78.004 0.0000000000
40560  15.032  -35.335  77.403 0.0000000000
116183  15.666  -35.013  78.177 0.0000000000
44969  13.545  -33.056  76.465 0.0000000000
43234  12.611  -33.615  77.356 0.0000000000
44108  12.752  -33.379  76.602 0.0000000000
113229  12.198  -33.496  76.856 0.0000000000
45913  6.781  -30.407  67.012 0.0000000000
48501  4.823  -27.131  65.899 0.0000000000
121163  4.934  -27.752  65.649 0.0000000000
121104  5.233  -27.749  65.010 0.0000000000
47640  5.500  -28.107  64.542 0.0000000000
48514  5.092  -27.196  65.230 0.0000000000
109701  6.282  -38.046  71.576 0.0000000000
42401  8.037  -34.690  72.076 0.0000000000
43301  8.849  -34.536  71.912 0.0000000000
45013  11.287  -31.296  74.067 0.0000000000
127874  10.942  -31.995  74.211 0.0000000000
46729  10.006  -30.158  70.518 0.0000000000
45879  10.670  -30.833  70.547 0.0000000000
45885  9.769  -30.827  70.393 0.0000000000
45886  9.205  -30.640  69.573 0.0000000000
39671  10.895  -37.485  78.557 0.0000000000
37856  8.129  -39.479  75.901 0.0000000000
109703  5.640  -37.853  73.842 0.0000000000
38796  5.622  -38.428  73.358 0.0000000000
40625  8.246  -38.007  69.808 0.0000000000
39745  8.063  -38.232  69.348 0.0000000000
40632  8.051  -37.942  69.402 0.0000000000
41524  8.624  -35.924  65.104 0.0000000000
40660  8.543  -36.853  64.458 0.0000000000
44247  10.017  -32.569  64.316 0.0000000000
43374  11.059  -33.013  64.851 0.0000000000
42510  11.220  -34.360  60.508 0.0000000000
42500  10.002  -35.819  60.451 0.0000000000
42512  9.314  -35.143  59.998 0.0000000000
126708  8.934  -35.525  59.915 0.0000000000
129060  6.811  -32.370  57.828 0.0000000000
116755  7.084  -33.047  57.872 0.0000000000
116780  6.195  -32.353  57.776 0.0000000000
53200  6.109  -22.571  65.343 0.0000000000
53212  6.472  -22.865  64.852 0.0000000000
117466  5.995  -24.139  64.703 0.0000000000
52168  6.896  -23.574  64.360 0.0000000000
52200  5.554  -23.857  59.868 0.0000000000
119252  6.624  -23.271  60.230 0.0000000000
50373  5.917  -24.560  60.265 0.0000000000
50379  5.740  -25.077  59.670 0.0000000000
127941  5.989  -25.773  59.370 0.0000000000
49542  5.910  -26.152  58.967 0.0000000000
45829  14.753  -31.979  76.333 0.0000000000
45838  14.249  -31.805  75.716 0.0000000000
45847  15.244  -31.435  75.012 0.0000000000
46703  16.505  -29.853  72.889 0.0000000000
44129  20.029  -33.545  75.964 0.0000000000
44130  19.076  -33.272  76.093 0.0000000000
44976  17.978  -32.194  76.658 0.0000000000
44117  17.871  -32.959  76.852 0.0000000000
44102  17.553  -33.440  77.172 0.0000000000
43233  17.323  -33.719  77.483 0.0000000000
44103  16.996  -33.445  77.487 0.0000000000
44091  16.650  -33.674  77.569 0.0000000000
44104  16.476  -33.342  77.142 0.0000000000
44990  15.476  -31.916  76.372 0.0000000000
44978  15.278  -32.287  76.593 0.0000000000
44979  14.606  -32.313  76.484 0.0000000000
48461  5.591  -27.561  67.622 0.0000000000
123450  5.514  -25.580  67.644 0.0000000000
50300  5.083  -25.332  67.343 0.0000000000
118181  5.088  -26.458  66.625 0.0000000000
123280  4.830  -25.129  67.197 0.0000000000
41436  6.464  -35.834  74.607 0.0000000000
42385  7.598  -35.037  75.028 0.0000000000
108302  13.082  -29.706  70.648 0.0000000000
47550  12.951  -30.363  70.816 0.0000000000
116739  12.450  -29.897  70.392 0.0000000000
129400  11.546  -29.307  70.660 0.0000000000
47565  10.351  -29.652  70.543 0.0000000000
47580  9.930  -29.307  69.014 0.0000000000
41389  9.574  -35.947  77.797 0.0000000000
40554  9.403  -36.429  77.503 0.0000000000
41390  9.167  -36.060  77.312 0.0000000000
40556  7.754  -37.187  76.341 0.0000000000
40563  7.767  -37.394  76.169 0.0000000000
39666  7.952  -37.870  75.899 0.0000000000
39679  7.193  -37.368  76.386 0.0000000000
41419  6.938  -36.291  76.996 0.0000000000
123173  6.613  -36.851  76.469 0.0000000000
40592  5.958  -36.496  75.263 0.0000000000
41489  8.498  -35.617  68.837 0.0000000000
41488  9.673  -35.131  68.481 0.0000000000
41486  11.945  -35.139  67.954 0.0000000000
41500  10.018  -35.370  67.794 0.0000000000
41499  11.275  -35.416  67.588 0.0000000000
41512  11.173  -35.492  66.694 0.0000000000
45128  9.486  -30.954  62.541 0.0000000000
125408  10.218  -31.516  62.411 0.0000000000
45127  10.121  -31.079  61.908 0.0000000000
45995  11.452  -30.787  60.019 0.0000000000
45141  11.329  -31.266  60.601 0.0000000000
45154  11.457  -31.495  60.184 0.0000000000
43402  11.484  -32.435  60.210 0.0000000000
44316  11.244  -31.776  59.687 0.0000000000
44317  10.624  -32.017  59.410 0.0000000000
45166  11.074  -31.235  59.345 0.0000000000
120607  9.584  -29.976  58.759 0.0000000000
46010  9.675  -30.680  58.889 0.0000000000
46011  8.760  -30.242  58.429 0.0000000000
45179  8.030  -31.076  58.468 0.0000000000
46012  7.798  -30.293  58.055 0.0000000000
111271  6.819  -23.828  59.254 0.0000000000
51257  6.432  -24.445  58.431 0.0000000000
51272  6.417  -24.843  57.778 0.0000000000
131021  6.706  -24.587  57.881 0.0000000000
43257  10.811  -35.132  76.174 0.0000000000
44122  11.301  -34.247  76.293 0.0000000000
44994  11.783  -32.758  75.595 0.0000000000
45000  12.015  -32.023  75.137 0.0000000000
45852  11.734  -31.591  74.756 0.0000000000
46686  13.744  -30.764  74.459 0.0000000000
108231  13.002  -31.223  74.907 0.0000000000
46706  13.298  -30.102  73.827 0.0000000000
130507  13.753  -30.263  73.307 0.0000000000
46707  12.956  -30.066  73.707 0.0000000000
47549  13.560  -30.170  71.618 0.0000000000
115478  13.798  -29.307  71.675 0.0000000000
38753  21.423  -36.963  73.829 0.0000000000
38754  20.692  -36.891  74.169 0.0000000000
39698  19.620  -36.359  75.169 0.0000000000
38755  19.910  -36.889  74.572 0.0000000000
42360  19.622  -34.696  76.950 0.0000000000
40566  19.663  -35.303  76.823 0.0000000000
41407  19.071  -34.809  76.840 0.0000000000
39674  17.446  -35.884  76.465 0.0000000000
39673  18.151  -35.722  76.318 0.0000000000
39700  17.761  -37.050  75.638 0.0000000000
39701  16.729  -37.093  75.749 0.0000000000
39702  15.962  -36.679  75.851 0.0000000000
129496  15.209  -36.369  75.756 0.0000000000
40562  13.555  -36.022  77.864 0.0000000000
39659  12.657  -36.587  78.058 0.0000000000
43221  14.849  -34.397  76.938 0.0000000000
42336  15.103  -34.819  78.089 0.0000000000
43216  14.509  -34.548  77.859 0.0000000000
43224  12.141  -33.992  78.070 0.0000000000
43223  12.988  -33.972  78.947 0.0000000000
123429  12.362  -34.498  78.657 0.0000000000
42341  12.105  -35.185  78.521 0.0000000000
41388  10.125  -35.635  77.990 0.0000000000
42342  10.848  -35.405  77.396 0.0000000000
43246  11.373  -34.285  76.523 0.0000000000
43237  11.200  -35.051  76.991 0.0000000000
125596  10.568  -35.682  76.883 0.0000000000
44197  8.926  -32.051  68.500 0.0000000000
44216  7.488  -31.178  66.433 0.0000000000
44229  8.377  -32.527  66.667 0.0000000000
44230  7.571  -31.856  66.263 0.0000000000
44240  7.565  -31.548  65.573 0.0000000000
46772  5.478  -29.242  66.606 0.0000000000
45929  5.699  -29.365  66.030 0.0000000000
45958  6.213  -29.573  65.023 0.0000000000
122323  6.371  -29.835  65.345 0.0000000000
45104  6.632  -30.169  65.006 0.0000000000
44250  7.229  -30.700  64.978 0.0000000000
45103  7.180  -30.178  64.654 0.0000000000
45115  7.999  -30.099  64.181 0.0000000000
45116  7.425  -29.415  64.327 0.0000000000
46813  6.546  -28.505  64.096 0.0000000000
46812  7.012  -28.871  64.247 0.0000000000
47656  7.627  -28.594  63.459 0.0000000000
46819  8.274  -28.992  63.000 0.0000000000
45020  18.886  -31.821  72.024 0.0000000000
45864  18.153  -31.440  72.339 0.0000000000
45027  18.876  -31.933  71.060 0.0000000000
37053  24.103  -39.007  71.110 0.0000000000
112959  23.669  -38.694  70.575 0.0000000000
37054  23.410  -38.401  71.418 0.0000000000
109051  23.183  -38.315  72.410 0.0000000000
40604  25.839  -37.164  73.082 0.0000000000
40603  26.774  -37.555  72.631 0.0000000000
39718  25.958  -37.766  73.211 0.0000000000
38785  26.114  -38.333  73.040 0.0000000000
127984  24.994  -38.952  73.164 0.0000000000
38787  24.832  -38.429  73.556 0.0000000000
123435  23.239  -37.721  73.422 0.0000000000
37887  22.694  -38.081  73.190 0.0000000000
41433  23.065  -36.231  73.750 0.0000000000
40590  22.116  -36.253  73.812 0.0000000000
41424  21.929  -35.639  73.902 0.0000000000
41425  21.430  -35.551  74.467 0.0000000000
42383  21.896  -35.328  74.166 0.0000000000
43281  21.607  -34.667  73.210 0.0000000000
115103  21.173  -34.180  73.671 0.0000000000
43273  20.275  -33.593  74.500 0.0000000000
44147  20.601  -33.564  73.648 0.0000000000
45019  19.533  -32.208  72.622 0.0000000000
44157  20.088  -32.799  73.154 0.0000000000
115358  18.886  -31.790  72.943 0.0000000000
37057  7.091  -40.184  72.037 0.0000000000
39725  7.340  -37.855  71.290 0.0000000000
39730  7.945  -38.205  70.675 0.0000000000
40618  8.201  -37.981  70.216 0.0000000000
41470  8.099  -37.362  70.636 0.0000000000
41452  7.776  -36.725  72.589 0.0000000000
124495  7.842  -37.057  72.001 0.0000000000
42427  7.866  -36.069  70.940 0.0000000000
42437  8.253  -35.673  70.231 0.0000000000
42410  10.488  -34.343  71.149 0.0000000000
42423  10.824  -34.336  70.305 0.0000000000
44143  10.909  -34.628  74.973 0.0000000000
44150  10.401  -33.214  74.177 0.0000000000
45874  12.327  -31.362  71.232 0.0000000000
126045  11.976  -31.763  71.394 0.0000000000
118103  11.371  -32.386  71.692 0.0000000000
44166  11.040  -32.990  72.129 0.0000000000
43299  10.967  -33.630  71.618 0.0000000000
44183  10.475  -32.032  70.079 0.0000000000
44189  9.884  -32.058  69.574 0.0000000000
44196  9.829  -32.488  68.944 0.0000000000
45891  8.889  -30.492  68.412 0.0000000000
38790  19.330  -38.249  72.929 0.0000000000
37905  20.046  -38.289  72.126 0.0000000000
38799  19.155  -38.474  72.175 0.0000000000
37860  10.951  -38.793  77.034 0.0000000000
39663  9.302  -37.035  76.831 0.0000000000
38726  9.531  -37.450  77.221 0.0000000000
38734  9.370  -37.936  76.604 0.0000000000
37910  5.892  -39.483  72.555 0.0000000000
37043  6.291  -40.199  72.670 0.0000000000
37984  8.123  -38.884  68.779 0.0000000000
37968  8.155  -39.173  69.060 0.0000000000
37983  8.215  -39.254  68.427 0.0000000000
37995  8.415  -39.206  67.779 0.0000000000
40637  7.589  -37.218  68.388 0.0000000000
39760  7.724  -37.434  66.258 0.0000000000
39761  8.279  -38.105  67.342 0.0000000000
38882  8.777  -38.507  66.646 0.0000000000
38870  8.831  -39.027  66.969 0.0000000000
111223  8.804  -38.533  65.469 0.0000000000
40661  8.798  -37.879  63.913 0.0000000000
38896  9.029  -38.681  64.339 0.0000000000
38913  9.350  -38.831  63.189 0.0000000000
43336  10.914  -33.442  67.375 0.0000000000
43348  11.517  -33.584  66.603 0.0000000000
43362  12.718  -33.966  65.422 0.0000000000
43347  12.223  -34.263  66.438 0.0000000000
41510  12.362  -35.166  65.888 0.0000000000
41521  12.618  -35.280  65.197 0.0000000000
44271  11.992  -32.418  62.145 0.0000000000
44257  12.274  -32.888  62.949 0.0000000000
43389  12.945  -33.434  62.553 0.0000000000
41563  11.670  -35.833  61.627 0.0000000000
41553  12.521  -35.432  62.466 0.0000000000
125219  11.703  -35.930  62.662 0.0000000000
41545  11.103  -35.939  63.455 0.0000000000
41546  10.415  -36.648  62.588 0.0000000000
124291  9.347  -37.282  61.183 0.0000000000
40676  8.755  -37.958  61.092 0.0000000000
40684  8.155  -37.705  60.522 0.0000000000
39813  7.838  -37.824  60.303 0.0000000000
41574  7.626  -36.370  59.435 0.0000000000
40709  6.852  -36.898  58.928 0.0000000000
43415  8.506  -33.397  59.515 0.0000000000
129040  7.994  -34.095  59.608 0.0000000000
43416  8.289  -33.617  58.975 0.0000000000
123835  7.824  -34.824  58.521 0.0000000000
42528  7.663  -35.150  58.439 0.0000000000
41592  7.412  -35.490  58.024 0.0000000000
53188  5.160  -22.845  65.803 0.0000000000
52152  5.123  -24.075  65.615 0.0000000000
112176  4.866  -24.897  65.677 0.0000000000
51211  5.188  -24.637  65.170 0.0000000000
50355  5.331  -25.781  64.932 0.0000000000
51222  5.303  -25.020  64.930 0.0000000000
50353  6.661  -25.290  64.023 0.0000000000
50362  6.489  -26.278  63.968 0.0000000000
48538  7.747  -27.012  62.442 0.0000000000
49518  8.183  -26.008  62.264 0.0000000000
52181  8.415  -23.511  61.442 0.0000000000
119360  8.749  -23.297  62.322 0.0000000000
52174  8.004  -24.047  63.508 0.0000000000
51226  8.408  -24.134  62.054 0.0000000000
49534  7.931  -25.775  60.227 0.0000000000
123879  8.173  -25.599  60.670 0.0000000000
117786  9.049  -26.700  60.944 0.0000000000
48582  8.871  -27.336  59.631 0.0000000000
48583  7.829  -26.883  59.306 0.0000000000
123345  6.803  -27.566  58.205 0.0000000000
47689  7.665  -28.522  58.326 0.0000000000
47690  7.176  -28.303  57.939 0.0000000000
46843  7.209  -29.187  57.409 0.0000000000
48608  6.581  -27.051  57.066 0.0000000000
45836  15.784  -31.566  75.835 0.0000000000
45857  16.390  -30.870  74.047 0.0000000000
46694  16.721  -29.980  73.518 0.0000000000
44141  18.761  -32.538  75.810 0.0000000000
108570  18.280  -31.880  75.993 0.0000000000
44989  17.394  -31.877  76.419 0.0000000000
44977  16.781  -32.484  76.844 0.0000000000
115520  7.969  -39.507  60.222 0.0000000000
38077  7.488  -38.447  59.795 0.0000000000
41427  7.671  -35.914  76.110 0.0000000000
41435  7.008  -35.596  75.435 0.0000000000
128281  8.745  -35.341  75.311 0.0000000000
42351  9.594  -36.012  77.179 0.0000000000
41397  8.771  -36.116  77.258 0.0000000000
41399  7.704  -36.474  77.210 0.0000000000
40572  7.206  -36.857  77.100 0.0000000000
41410  7.492  -36.407  77.221 0.0000000000
41474  10.380  -34.738  68.950 0.0000000000
42447  11.236  -34.610  68.704 0.0000000000
127368  11.704  -34.910  68.257 0.0000000000
127400  9.879  -30.653  61.866 0.0000000000
45985  10.038  -30.204  61.279 0.0000000000
45996  10.914  -30.175  60.264 0.0000000000
117321  10.626  -29.920  59.870 0.0000000000
119551  10.635  -30.755  59.191 0.0000000000
46833  9.779  -29.423  59.131 0.0000000000
47687  9.338  -28.882  59.130 0.0000000000
44121  11.560  -33.445  76.218 0.0000000000
45840  12.546  -31.647  75.136 0.0000000000
47535  14.332  -30.187  72.616 0.0000000000
47548  14.207  -29.651  71.909 0.0000000000
47561  13.846  -28.984  71.053 0.0000000000
47560  14.047  -29.068  71.011 0.0000000000
126605  20.709  -35.627  75.169 0.0000000000
39682  20.673  -35.699  75.371 0.0000000000
39683  20.227  -36.070  75.690 0.0000000000
41393  17.852  -34.585  77.116 0.0000000000
41408  18.097  -34.996  76.945 0.0000000000
40557  17.442  -35.095  77.254 0.0000000000
40569  17.057  -35.555  76.971 0.0000000000
39675  16.458  -35.853  76.477 0.0000000000
40561  14.277  -35.594  77.563 0.0000000000
40550  14.193  -35.626  78.344 0.0000000000
44107  13.942  -33.433  76.620 0.0000000000
43222  13.714  -34.056  78.086 0.0000000000
44095  13.521  -33.859  77.251 0.0000000000
43225  11.402  -34.695  77.209 0.0000000000
44109  11.615  -33.717  76.615 0.0000000000
45053  7.977  -30.935  67.483 0.0000000000
45069  7.676  -31.229  66.975 0.0000000000
45070  7.185  -30.732  66.605 0.0000000000
113115  7.061  -30.751  66.131 0.0000000000
47607  4.929  -28.163  66.366 0.0000000000
46773  5.197  -28.753  66.147 0.0000000000
47619  4.961  -28.293  65.951 0.0000000000
45959  5.701  -29.150  65.166 0.0000000000
46801  6.152  -29.153  64.581 0.0000000000
47639  6.049  -28.540  64.150 0.0000000000
47647  6.265  -28.063  63.748 0.0000000000
37040  24.522  -39.141  71.777 0.0000000000
39709  25.159  -37.389  73.755 0.0000000000
39711  23.265  -36.850  73.583 0.0000000000
40598  23.537  -36.549  73.681 0.0000000000
42382  22.927  -35.898  73.451 0.0000000000
44156  20.732  -33.268  72.731 0.0000000000
38813  6.161  -38.851  71.607 0.0000000000
42402  7.109  -34.943  72.908 0.0000000000
42413  7.478  -35.183  71.385 0.0000000000
42425  8.528  -34.955  70.647 0.0000000000
42411  9.345  -34.686  71.322 0.0000000000
45002  11.353  -32.908  74.997 0.0000000000
45878  11.904  -31.543  70.367 0.0000000000
45038  10.221  -31.423  70.400 0.0000000000
38791  18.735  -37.952  73.470 0.0000000000
38800  18.403  -38.263  72.686 0.0000000000
38731  12.123  -37.965  77.927 0.0000000000
37852  10.647  -38.566  77.624 0.0000000000
109270  5.991  -39.402  75.695 0.0000000000
109846  5.821  -39.194  75.174 0.0000000000
37893  5.685  -39.336  73.607 0.0000000000
110961  8.255  -39.015  69.536 0.0000000000
38857  8.041  -38.470  69.121 0.0000000000
125070  8.101  -38.517  68.728 0.0000000000
41514  8.726  -35.794  66.697 0.0000000000
40644  7.544  -37.427  67.413 0.0000000000
41525  8.200  -35.959  66.112 0.0000000000
112518  8.148  -37.476  65.050 0.0000000000
40667  9.096  -37.400  63.259 0.0000000000
124849  9.765  -33.127  65.783 0.0000000000
43364  10.829  -33.233  65.766 0.0000000000
43373  12.222  -33.382  64.822 0.0000000000
42508  12.790  -33.605  60.904 0.0000000000
42497  13.184  -34.028  61.436 0.0000000000
115476  12.726  -34.440  61.094 0.0000000000
42498  11.845  -34.887  60.994 0.0000000000
41564  10.881  -36.431  61.091 0.0000000000
41555  10.631  -36.952  61.639 0.0000000000
110505  8.861  -36.684  60.365 0.0000000000
41566  8.144  -36.725  59.996 0.0000000000
41573  8.097  -35.886  59.485 0.0000000000
44320  7.847  -32.690  58.551 0.0000000000
43417  8.019  -33.831  58.673 0.0000000000
44321  7.467  -32.988  58.177 0.0000000000
43424  7.293  -34.003  57.909 0.0000000000
53201  5.548  -23.094  65.491 0.0000000000
51210  5.529  -24.384  65.059 0.0000000000
112402  7.812  -23.243  60.715 0.0000000000
51238  7.848  -23.671  60.683 0.0000000000
116535  8.172  -24.472  60.961 0.0000000000
49540  7.576  -26.135  59.659 0.0000000000
49541  6.379  -26.512  59.178 0.0000000000
127682  13.540  -32.694  76.245 0.0000000000
44991  13.521  -32.411  76.015 0.0000000000
46685  14.716  -30.818  74.259 0.0000000000
45858  15.672  -30.914  74.171 0.0000000000
116508  15.083  -30.473  74.051 0.0000000000
42370  20.438  -34.523  76.760 0.0000000000
43255  20.365  -34.074  76.572 0.0000000000
43243  19.848  -34.302  76.991 0.0000000000
43231  19.035  -34.253  76.758 0.0000000000
44116  18.632  -33.491  76.595 0.0000000000
43245  18.141  -33.616  76.868 0.0000000000
42348  18.186  -34.206  76.989 0.0000000000
43217  17.437  -33.988  77.612 0.0000000000
42338  16.897  -34.196  78.073 0.0000000000
42335  16.378  -34.491  78.110 0.0000000000
41375  15.868  -34.742  78.045 0.0000000000
43214  16.023  -34.336  77.704 0.0000000000
43220  15.735  -34.185  77.138 0.0000000000
44093  15.321  -33.783  76.635 0.0000000000
44966  16.034  -32.796  76.766 0.0000000000
44105  15.727  -33.193  76.721 0.0000000000
44106  14.796  -33.221  76.578 0.0000000000
44968  14.334  -32.807  76.532 0.0000000000
44980  13.988  -32.505  76.375 0.0000000000
46751  5.914  -29.123  67.595 0.0000000000
47590  5.411  -28.386  67.476 0.0000000000
49436  5.647  -26.297  67.669 0.0000000000
48462  5.384  -27.043  67.113 0.0000000000
48477  5.135  -27.318  66.675 0.0000000000
48492  4.941  -27.693  66.391 0.0000000000
110239  4.921  -27.038  66.338 0.0000000000
49477  4.886  -26.391  66.083 0.0000000000
39719  5.781  -36.998  73.102 0.0000000000
41444  7.183  -36.292  73.354 0.0000000000
42394  7.490  -36.217  73.311 0.0000000000
42386  6.928  -35.184  74.970 0.0000000000
42393  6.804  -35.042  73.946 0.0000000000
43293  7.974  -34.416  73.043 0.0000000000
113963  9.074  -33.890  73.450 0.0000000000
46715  12.667  -30.923  71.034 0.0000000000
46738  9.818  -29.686  69.533 0.0000000000
121456  9.948  -37.288  78.270 0.0000000000
41391  8.395  -36.354  77.023 0.0000000000
118432  8.739  -37.166  76.418 0.0000000000
39664  8.968  -37.201  76.341 0.0000000000
38729  8.278  -37.893  75.904 0.0000000000
38737  7.788  -38.630  75.614 0.0000000000
38738  7.241  -39.037  75.359 0.0000000000
126619  7.103  -38.684  75.459 0.0000000000
38743  6.718  -38.558  75.519 0.0000000000
40573  6.967  -37.180  76.761 0.0000000000
39690  6.746  -37.793  76.086 0.0000000000
39712  5.741  -37.136  74.505 0.0000000000
41491  8.221  -37.097  69.725 0.0000000000
41502  7.951  -36.238  68.386 0.0000000000
41501  8.803  -35.721  67.511 0.0000000000
110270  10.198  -35.558  66.065 0.0000000000
44259  9.688  -32.113  63.656 0.0000000000
109792  10.498  -32.228  63.006 0.0000000000
44272  11.092  -32.056  62.185 0.0000000000
44287  11.665  -31.970  61.419 0.0000000000
44302  12.433  -32.820  60.904 0.0000000000
43401  12.164  -33.046  60.506 0.0000000000
121197  11.506  -33.362  60.342 0.0000000000
43403  10.551  -33.690  60.284 0.0000000000
43404  9.538  -34.034  60.223 0.0000000000
43414  9.995  -32.983  60.026 0.0000000000
44318  9.463  -32.484  59.340 0.0000000000
45168  9.071  -31.629  59.031 0.0000000000
45169  8.206  -31.804  58.725 0.0000000000
45170  7.712  -31.789  58.330 0.0000000000
45181  6.456  -31.356  57.703 0.0000000000
51258  5.693  -24.428  59.527 0.0000000000
50387  6.002  -25.272  58.883 0.0000000000
51273  6.116  -24.702  58.602 0.0000000000
50416  7.453  -25.637  56.823 0.0000000000
37187  9.465  -39.985  62.300 0.0000000000
43248  9.679  -35.805  76.613 0.0000000000
43258  9.992  -35.816  76.094 0.0000000000
44134  10.876  -34.820  75.736 0.0000000000
44133  11.138  -33.957  75.374 0.0000000000
44132  11.453  -33.299  75.884 0.0000000000
44995  11.560  -32.875  75.592 0.0000000000
44992  12.787  -32.369  75.682 0.0000000000
45850  12.519  -30.758  74.573 0.0000000000
46697  13.310  -30.186  74.181 0.0000000000
45859  12.355  -30.528  74.446 0.0000000000
46699  12.320  -30.247  74.091 0.0000000000
46708  12.696  -30.462  73.069 0.0000000000
117270  21.248  -38.018  73.088 0.0000000000
37889  20.803  -38.144  72.489 0.0000000000
128404  20.784  -37.785  73.476 0.0000000000
123685  19.465  -37.304  74.287 0.0000000000
38773  18.599  -37.467  74.108 0.0000000000
38757  17.843  -37.405  74.741 0.0000000000
41406  20.166  -35.144  76.947 0.0000000000
40581  20.018  -35.930  76.375 0.0000000000
40567  18.868  -35.192  76.727 0.0000000000
39685  18.773  -35.937  75.913 0.0000000000
39699  18.728  -36.334  75.515 0.0000000000
38775  17.016  -37.465  74.329 0.0000000000
39678  13.229  -36.775  77.120 0.0000000000
39669  12.629  -37.129  77.715 0.0000000000
39660  11.608  -36.841  78.423 0.0000000000
41376  15.418  -34.938  78.159 0.0000000000
41377  14.939  -35.043  78.556 0.0000000000
41385  14.061  -35.462  79.084 0.0000000000
42339  13.894  -34.314  79.115 0.0000000000
41379  13.979  -34.958  79.371 0.0000000000
41386  12.967  -35.507  79.072 0.0000000000
115965  11.767  -35.823  78.296 0.0000000000
40553  10.623  -35.940  78.355 0.0000000000
42349  11.078  -35.218  77.276 0.0000000000
42361  9.787  -35.825  76.898 0.0000000000
44195  10.471  -33.189  68.575 0.0000000000
123170  10.341  -33.217  67.904 0.0000000000
43337  9.561  -33.001  67.180 0.0000000000
43350  9.102  -32.997  66.224 0.0000000000
43365  8.918  -32.658  65.454 0.0000000000
123725  8.788  -32.255  64.774 0.0000000000
45914  6.265  -29.838  66.767 0.0000000000
45084  6.643  -30.392  65.920 0.0000000000
45943  6.299  -29.787  65.719 0.0000000000
45094  6.650  -30.364  65.421 0.0000000000
45083  6.986  -30.701  65.628 0.0000000000
44249  7.679  -31.149  64.972 0.0000000000
130924  8.094  -30.806  64.589 0.0000000000
44248  8.477  -31.349  64.527 0.0000000000
44260  9.109  -31.143  63.806 0.0000000000
45114  8.833  -30.434  63.727 0.0000000000
45129  9.078  -30.460  63.167 0.0000000000
112146  7.241  -29.163  64.327 0.0000000000
45977  8.030  -29.627  64.012 0.0000000000
45986  9.152  -29.852  62.843 0.0000000000
46818  8.905  -29.224  62.293 0.0000000000
128462  8.655  -28.876  62.330 0.0000000000
47654  9.080  -28.581  61.734 0.0000000000
45865  17.497  -31.206  72.748 0.0000000000
45872  18.187  -31.327  71.316 0.0000000000
37888  22.145  -38.155  72.740 0.0000000000
128529  26.652  -38.184  72.768 0.0000000000
37901  24.742  -39.084  72.568 0.0000000000
37902  24.126  -38.629  72.456 0.0000000000
39694  22.398  -36.657  73.595 0.0000000000
42377  21.330  -34.921  75.543 0.0000000000
42390  23.139  -35.269  73.193 0.0000000000
126199  22.470  -35.458  73.519 0.0000000000
42391  21.996  -35.048  73.389 0.0000000000
42384  21.540  -34.899  74.924 0.0000000000
43263  20.968  -34.411  75.509 0.0000000000
43264  20.404  -33.860  75.291 0.0000000000
44139  19.970  -33.159  75.027 0.0000000000
44149  19.331  -32.625  74.564 0.0000000000
113864  19.008  -31.981  74.268 0.0000000000
109695  7.315  -39.091  71.185 0.0000000000
38823  7.978  -38.753  70.579 0.0000000000
114957  7.569  -37.272  71.579 0.0000000000
41462  7.868  -37.196  71.353 0.0000000000
41461  7.943  -36.804  71.135 0.0000000000
41478  8.355  -37.075  70.043 0.0000000000
41477  8.345  -36.519  69.925 0.0000000000
41476  8.386  -35.703  69.578 0.0000000000
42435  9.965  -34.722  69.695 0.0000000000
42434  10.883  -34.430  69.500 0.0000000000
44151  10.322  -34.147  74.463 0.0000000000
109567  9.484  -34.386  74.383 0.0000000000
124029  9.809  -33.705  72.851 0.0000000000
45868  11.650  -31.340  72.710 0.0000000000
43291  10.557  -33.249  72.870 0.0000000000
43312  11.131  -33.473  69.758 0.0000000000
122546  10.863  -33.408  69.143 0.0000000000
45052  8.613  -31.319  68.301 0.0000000000
46750  6.910  -29.661  67.634 0.0000000000
47587  8.250  -28.904  67.528 0.0000000000
128170  17.133  -30.716  72.412 0.0000000000
37915  19.510  -38.374  71.415 0.0000000000
115685  19.814  -38.073  70.675 0.0000000000
37906  18.672  -38.522  71.747 0.0000000000
38725  10.126  -37.943  78.179 0.0000000000
111787  10.270  -38.350  77.873 0.0000000000
37853  10.010  -38.500  77.073 0.0000000000
37861  10.223  -38.803  76.820 0.0000000000
116807  8.139  -39.483  69.512 0.0000000000
40638  7.808  -37.800  69.029 0.0000000000
39751  8.232  -38.335  68.278 0.0000000000
37994  8.587  -39.605  67.054 0.0000000000
127993  8.948  -38.953  64.954 0.0000000000
42452  12.111  -34.854  67.383 0.0000000000
42459  12.337  -34.931  66.569 0.0000000000
41511  11.906  -35.335  66.304 0.0000000000
41535  10.993  -35.809  64.686 0.0000000000
118987  11.483  -32.676  63.483 0.0000000000
43383  12.284  -33.208  63.937 0.0000000000
42473  13.166  -34.037  63.718 0.0000000000
42489  13.351  -34.002  62.161 0.0000000000
42483  13.161  -34.485  63.422 0.0000000000
42474  13.122  -34.591  64.097 0.0000000000
40668  9.399  -38.148  62.578 0.0000000000
41556  10.122  -37.273  61.857 0.0000000000
40675  9.653  -37.670  62.193 0.0000000000
39798  9.302  -38.545  62.226 0.0000000000
38063  9.100  -38.910  61.492 0.0000000000
111799  8.411  -38.427  60.698 0.0000000000
38952  7.657  -38.001  60.184 0.0000000000
38953  7.328  -38.064  59.784 0.0000000000
43405  8.479  -34.361  60.049 0.0000000000
115337  8.098  -34.685  59.483 0.0000000000
42514  7.890  -34.996  59.218 0.0000000000
42522  8.124  -34.930  58.851 0.0000000000
42515  7.625  -35.864  59.124 0.0000000000
120406  7.161  -36.454  58.933 0.0000000000
50311  4.755  -25.386  66.960 0.0000000000
50322  4.835  -25.584  66.270 0.0000000000
51196  4.785  -24.108  66.233 0.0000000000
50332  4.963  -25.722  65.593 0.0000000000
49510  5.328  -26.658  64.856 0.0000000000
48526  5.805  -27.267  64.202 0.0000000000
48540  6.162  -27.662  63.783 0.0000000000
50354  5.792  -25.613  64.607 0.0000000000
49520  6.256  -27.141  63.783 0.0000000000
48539  6.696  -27.615  63.311 0.0000000000
48556  7.521  -27.933  62.787 0.0000000000
48554  9.178  -27.661  61.338 0.0000000000
51227  7.839  -24.809  63.282 0.0000000000
49527  8.608  -26.340  61.553 0.0000000000
48570  9.588  -27.850  59.890 0.0000000000
47675  9.164  -28.179  59.359 0.0000000000
47688  8.581  -28.738  58.789 0.0000000000
46841  8.209  -29.454  58.281 0.0000000000
46013  7.131  -30.272  57.587 0.0000000000
118027  5.825  -30.677  57.281 0.0000000000
48597  6.204  -26.728  58.231 0.0000000000
112159  6.708  -27.448  57.863 0.0000000000
46844  7.037  -29.026  57.154 0.0000000000
46023  5.995  -29.540  57.283 0.0000000000
45205  5.628  -31.351  56.937 0.0000000000
38727  9.204  -37.600  76.436 0.0000000000
39695  21.411  -36.420  74.035 0.0000000000
39799  8.659  -38.278  60.906 0.0000000000
40559  15.835  -35.397  77.513 0.0000000000
40580  20.688  -36.006  76.029 0.0000000000
40583  18.614  -35.521  76.478 0.0000000000
40631  8.072  -37.597  69.450 0.0000000000
41378  14.655  -35.092  79.052 0.0000000000
41380  17.437  -34.374  77.636 0.0000000000
41383  15.203  -35.090  78.265 0.0000000000
41384  14.743  -35.304  78.661 0.0000000000
41394  16.807  -35.176  77.938 0.0000000000
41522  11.897  -35.567  65.412 0.0000000000
41533  12.758  -35.266  64.346 0.0000000000
41543  12.889  -35.123  63.454 0.0000000000
41552  13.123  -34.647  62.736 0.0000000000
41557  8.551  -37.158  60.668 0.0000000000
41582  7.240  -36.205  58.971 0.0000000000
42347  18.994  -34.446  76.779 0.0000000000
42379  8.090  -36.143  76.008 0.0000000000
42482  13.353  -33.983  63.005 0.0000000000
42491  12.372  -35.111  61.597 0.0000000000
42502  8.511  -36.020  59.702 0.0000000000
43218  16.887  -33.824  77.873 0.0000000000
43219  16.270  -34.174  77.803 0.0000000000
43244  19.063  -33.821  76.666 0.0000000000
43372  12.964  -33.826  64.428 0.0000000000
43394  12.895  -33.337  61.600 0.0000000000
44119  16.851  -32.842  77.011 0.0000000000
44241  7.257  -30.860  65.431 0.0000000000
44258  10.680  -32.612  63.919 0.0000000000
44274  9.081  -30.957  63.156 0.0000000000
44286  12.320  -32.585  61.453 0.0000000000
44303  11.684  -32.280  60.498 0.0000000000
44315  11.465  -31.741  60.007 0.0000000000
45054  7.368  -30.680  67.040 0.0000000000
45102  7.743  -30.541  64.604 0.0000000000
45165  11.383  -31.206  59.746 0.0000000000
45839  13.434  -31.866  75.509 0.0000000000
45846  16.108  -31.316  74.944 0.0000000000
45976  8.784  -29.867  63.440 0.0000000000
45988  7.797  -29.129  63.992 0.0000000000
46787  5.343  -28.764  65.570 0.0000000000
47598  5.045  -28.022  66.722 0.0000000000
47629  5.234  -28.255  65.280 0.0000000000
48527  5.461  -27.473  64.570 0.0000000000
49446  5.209  -26.167  67.025 0.0000000000
50368  8.424  -25.445  61.221 0.0000000000
52121  4.645  -23.595  66.674 0.0000000000
52188  5.664  -23.753  60.101 0.0000000000
115582  5.970  -29.139  56.724 0.0000000000
115935  14.093  -34.268  77.298 0.0000000000
119856  4.922  -25.745  66.880 0.0000000000
120681  16.360  -31.910  76.389 0.0000000000
122207  11.321  -36.299  78.451 0.0000000000
123274  5.135  -25.901  65.263 0.0000000000
124079  15.558  -34.690  77.861 0.0000000000
125950  17.499  -32.475  76.852 0.0000000000
126081  8.536  -37.411  76.113 0.0000000000
126972  5.787  -29.411  67.131 0.0000000000
127260  5.119  -28.367  67.093 0.0000000000
127688  4.536  -24.080  66.863 0.0000000000
129361  10.453  -33.013  69.077 0.0000000000
129581  8.030  -36.483  59.727 0.0000000000
129771  18.828  -31.790  73.672 0.0000000000
130898  7.487  -38.048  60.016 0.0000000000
