#!ascii label  , from subject Paciente_3 vox2ras=TkReg
559
58701  21.442  -17.566  -3.073 0.0000000000
64765  28.215  -10.558  -7.632 0.0000000000
72512  27.529  -2.140  -14.490 0.0000000000
67361  23.159  -6.720  -9.539 0.0000000000
54940  25.522  -21.350  -2.610 0.0000000000
57790  27.217  -18.907  -4.700 0.0000000000
60529  24.042  -15.358  -7.306 0.0000000000
108067  23.386  -11.046  -8.458 0.0000000000
123335  27.775  -6.606  -10.718 0.0000000000
74156  28.565  0.468  -9.701 0.0000000000
74220  26.468  -0.008  -18.246 0.0000000000
56841  23.694  -19.468  -3.458 0.0000000000
55868  25.991  -20.043  -3.727 0.0000000000
56868  24.784  -18.833  -4.988 0.0000000000
126200  20.227  -11.635  -5.783 0.0000000000
107822  20.684  -9.492  -6.549 0.0000000000
69198  25.970  -5.587  -12.521 0.0000000000
67383  26.233  -7.808  -11.106 0.0000000000
70066  27.331  -4.943  -11.892 0.0000000000
70829  28.220  -3.341  -9.981 0.0000000000
73340  27.421  -1.238  -12.447 0.0000000000
75985  24.597  2.293  -14.982 0.0000000000
74206  24.324  0.566  -15.856 0.0000000000
76933  24.256  2.606  -18.172 0.0000000000
61376  26.828  -14.032  -8.987 0.0000000000
60510  27.614  -15.337  -6.944 0.0000000000
62983  28.988  -12.318  -6.368 0.0000000000
70878  25.738  -3.710  -13.716 0.0000000000
107866  28.968  -7.251  -7.062 0.0000000000
110944  19.081  -14.639  -2.891 0.0000000000
59615  22.731  -16.534  -5.508 0.0000000000
129352  21.112  -13.940  -5.691 0.0000000000
107804  23.749  -12.633  -7.786 0.0000000000
108175  26.179  -11.678  -10.072 0.0000000000
113486  23.621  -8.641  -9.374 0.0000000000
64794  25.992  -9.355  -10.981 0.0000000000
107977  27.385  -8.221  -9.738 0.0000000000
70026  28.693  -4.899  -8.682 0.0000000000
72521  25.934  -2.399  -16.004 0.0000000000
73364  27.008  -1.148  -15.801 0.0000000000
76932  25.785  3.675  -19.640 0.0000000000
75991  26.897  2.458  -16.293 0.0000000000
120377  27.587  0.786  -14.397 0.0000000000
75956  28.027  2.166  -11.969 0.0000000000
58750  26.432  -17.216  -6.683 0.0000000000
59558  20.284  -15.873  -2.826 0.0000000000
57757  21.641  -17.797  -2.462 0.0000000000
57771  22.622  -18.475  -3.360 0.0000000000
56856  24.054  -19.089  -3.945 0.0000000000
57794  23.048  -18.253  -3.967 0.0000000000
70877  26.939  -3.625  -13.881 0.0000000000
69204  26.688  -5.467  -12.416 0.0000000000
112957  27.424  -3.305  -13.297 0.0000000000
71653  27.476  -2.747  -11.624 0.0000000000
72503  27.565  -2.003  -13.209 0.0000000000
127509  24.453  3.078  -15.577 0.0000000000
75992  24.285  1.919  -16.069 0.0000000000
76924  24.162  3.336  -16.525 0.0000000000
62993  27.362  -13.072  -8.673 0.0000000000
62992  27.812  -13.044  -7.711 0.0000000000
62984  28.438  -12.067  -7.035 0.0000000000
70078  25.066  -4.750  -12.624 0.0000000000
70879  25.184  -3.596  -12.913 0.0000000000
123469  23.586  -21.281  -1.916 0.0000000000
54929  24.107  -21.819  -1.989 0.0000000000
54927  26.006  -21.852  -2.047 0.0000000000
54939  26.418  -21.286  -2.484 0.0000000000
56852  27.246  -19.285  -4.241 0.0000000000
55866  27.983  -19.971  -3.113 0.0000000000
61322  19.530  -14.166  -3.986 0.0000000000
62126  19.065  -13.142  -4.169 0.0000000000
107830  21.686  -11.260  -6.910 0.0000000000
62985  21.679  -12.041  -6.697 0.0000000000
108081  23.571  -11.781  -8.202 0.0000000000
108243  25.590  -12.804  -9.604 0.0000000000
107879  25.097  -11.486  -9.636 0.0000000000
122948  21.893  -8.227  -8.126 0.0000000000
66476  23.102  -7.640  -9.301 0.0000000000
67381  26.976  -7.422  -11.009 0.0000000000
65626  25.846  -8.704  -11.043 0.0000000000
67375  27.072  -7.658  -10.772 0.0000000000
65616  27.131  -9.165  -10.538 0.0000000000
67360  27.619  -7.338  -10.319 0.0000000000
108058  28.002  -6.871  -9.688 0.0000000000
69166  28.282  -5.980  -9.850 0.0000000000
73324  27.816  -1.284  -10.136 0.0000000000
118600  28.353  -2.033  -8.649 0.0000000000
73396  25.195  -0.135  -17.941 0.0000000000
129567  24.786  -0.646  -15.691 0.0000000000
73375  26.208  -1.562  -17.198 0.0000000000
72528  26.640  -2.161  -16.715 0.0000000000
73394  26.610  -0.692  -17.660 0.0000000000
75081  27.408  1.797  -15.100 0.0000000000
75983  27.324  2.411  -14.405 0.0000000000
75966  27.693  1.976  -12.833 0.0000000000
60513  23.575  -15.717  -6.712 0.0000000000
58753  24.301  -17.428  -6.176 0.0000000000
59645  25.235  -16.529  -7.373 0.0000000000
61335  28.710  -14.716  -5.890 0.0000000000
112499  28.384  -16.087  -6.016 0.0000000000
56825  22.906  -19.449  -2.171 0.0000000000
55858  24.321  -20.751  -3.093 0.0000000000
55856  25.937  -20.717  -3.130 0.0000000000
55880  24.940  -19.941  -4.009 0.0000000000
56855  24.837  -19.389  -4.454 0.0000000000
56866  26.178  -18.919  -5.205 0.0000000000
122976  18.709  -9.721  -4.640 0.0000000000
108022  20.453  -10.163  -6.111 0.0000000000
107819  21.309  -9.611  -7.264 0.0000000000
68280  25.520  -6.224  -11.792 0.0000000000
123235  24.832  -7.468  -10.877 0.0000000000
68289  26.205  -6.592  -11.663 0.0000000000
69196  26.828  -6.225  -11.847 0.0000000000
69188  27.501  -5.883  -11.571 0.0000000000
70039  28.159  -4.924  -10.394 0.0000000000
118841  27.605  -3.377  -10.900 0.0000000000
72491  27.555  -2.064  -10.917 0.0000000000
73332  27.799  -0.575  -10.646 0.0000000000
118478  24.511  1.249  -13.511 0.0000000000
75082  24.392  1.258  -15.295 0.0000000000
75104  24.240  1.165  -17.017 0.0000000000
125862  25.004  1.597  -18.698 0.0000000000
61368  26.377  -14.702  -8.705 0.0000000000
60526  26.293  -15.867  -7.825 0.0000000000
60537  26.769  -14.983  -8.282 0.0000000000
124788  28.220  -13.660  -6.677 0.0000000000
68273  23.389  -5.434  -10.382 0.0000000000
69189  24.972  -5.569  -11.969 0.0000000000
70077  25.737  -4.910  -12.903 0.0000000000
70886  27.083  -2.923  -14.742 0.0000000000
55854  27.607  -20.603  -2.710 0.0000000000
108049  28.458  -9.233  -7.593 0.0000000000
115703  29.141  -10.298  -6.644 0.0000000000
60460  20.229  -15.961  -3.379 0.0000000000
59597  21.574  -16.579  -4.425 0.0000000000
60481  20.557  -15.503  -4.179 0.0000000000
60498  21.602  -15.383  -5.495 0.0000000000
61348  22.646  -14.432  -6.438 0.0000000000
62975  20.360  -12.567  -5.534 0.0000000000
62142  22.537  -13.446  -6.603 0.0000000000
62152  24.538  -14.149  -7.883 0.0000000000
62158  25.786  -13.920  -9.019 0.0000000000
62177  26.507  -12.391  -9.520 0.0000000000
107823  27.436  -10.975  -9.215 0.0000000000
107816  22.098  -9.147  -8.174 0.0000000000
107888  23.551  -9.777  -9.035 0.0000000000
66492  25.573  -8.507  -10.874 0.0000000000
126642  24.372  -9.402  -9.726 0.0000000000
107814  24.541  -10.158  -9.545 0.0000000000
107971  25.922  -10.876  -10.859 0.0000000000
108011  27.061  -10.303  -10.616 0.0000000000
122966  27.400  -9.659  -8.810 0.0000000000
108029  28.251  -8.019  -7.973 0.0000000000
108047  28.737  -6.395  -7.617 0.0000000000
124301  28.271  -3.947  -9.495 0.0000000000
71684  26.019  -2.933  -15.544 0.0000000000
71692  26.800  -2.164  -16.463 0.0000000000
73353  27.285  -1.675  -15.307 0.0000000000
76029  25.091  3.097  -20.038 0.0000000000
76020  25.957  2.406  -18.874 0.0000000000
76922  26.532  3.210  -17.784 0.0000000000
112443  26.582  1.654  -17.649 0.0000000000
75090  26.635  0.350  -16.383 0.0000000000
74191  27.291  -0.021  -14.806 0.0000000000
123161  27.559  -1.183  -14.400 0.0000000000
112380  27.684  0.594  -12.951 0.0000000000
75064  28.027  1.309  -11.978 0.0000000000
75063  28.337  1.799  -11.213 0.0000000000
58739  23.761  -17.853  -5.511 0.0000000000
57820  25.459  -17.896  -5.987 0.0000000000
57806  27.182  -18.218  -5.389 0.0000000000
59627  27.047  -16.517  -7.087 0.0000000000
58736  27.316  -17.427  -6.007 0.0000000000
58702  20.873  -16.907  -3.034 0.0000000000
58685  20.992  -17.322  -2.577 0.0000000000
58684  21.549  -17.793  -2.967 0.0000000000
57772  21.872  -18.074  -2.911 0.0000000000
58700  22.127  -17.803  -3.630 0.0000000000
117752  27.285  -3.095  -14.003 0.0000000000
70869  27.249  -3.923  -13.323 0.0000000000
71664  27.497  -2.661  -13.628 0.0000000000
76917  24.210  3.492  -15.831 0.0000000000
63930  27.690  -11.225  -8.271 0.0000000000
63002  27.713  -12.157  -7.980 0.0000000000
63921  28.164  -11.374  -7.477 0.0000000000
54941  24.627  -21.341  -2.611 0.0000000000
54928  25.062  -21.847  -2.033 0.0000000000
57769  27.673  -19.134  -4.176 0.0000000000
56837  28.328  -19.221  -3.432 0.0000000000
58699  28.367  -18.582  -4.014 0.0000000000
62955  18.440  -12.504  -3.478 0.0000000000
107993  22.878  -11.274  -7.836 0.0000000000
107809  22.305  -11.654  -7.237 0.0000000000
107803  24.217  -11.503  -8.922 0.0000000000
113762  22.191  -6.915  -8.902 0.0000000000
118456  27.212  -6.896  -11.147 0.0000000000
68272  27.482  -7.117  -10.676 0.0000000000
67367  27.256  -7.762  -10.471 0.0000000000
68271  27.875  -6.782  -10.361 0.0000000000
108185  28.145  -6.399  -9.985 0.0000000000
69177  28.073  -6.261  -10.336 0.0000000000
111569  28.118  -0.240  -9.801 0.0000000000
73317  28.342  -0.816  -9.176 0.0000000000
74221  25.586  0.281  -18.283 0.0000000000
73387  25.609  -0.656  -17.491 0.0000000000
73395  26.155  -0.444  -18.061 0.0000000000
73386  26.619  -1.105  -17.438 0.0000000000
76903  27.103  3.246  -14.605 0.0000000000
76889  27.331  3.259  -13.506 0.0000000000
60512  24.403  -16.151  -7.068 0.0000000000
60528  24.837  -15.775  -7.594 0.0000000000
61334  29.849  -13.975  -5.164 0.0000000000
61319  29.362  -14.728  -5.302 0.0000000000
56842  23.075  -18.993  -3.086 0.0000000000
128595  23.338  -19.530  -2.970 0.0000000000
55859  23.609  -20.194  -2.903 0.0000000000
55871  24.134  -20.110  -3.419 0.0000000000
55870  24.721  -20.330  -3.607 0.0000000000
57792  24.326  -18.911  -4.385 0.0000000000
56854  25.766  -19.377  -4.687 0.0000000000
56867  25.397  -18.968  -5.110 0.0000000000
122945  19.773  -8.651  -5.699 0.0000000000
107952  19.615  -9.790  -5.351 0.0000000000
107827  21.208  -10.484  -6.833 0.0000000000
68290  26.008  -6.149  -12.005 0.0000000000
70076  27.040  -4.793  -12.588 0.0000000000
112722  27.093  -5.718  -12.106 0.0000000000
125139  27.200  -6.316  -11.626 0.0000000000
111452  27.710  -5.001  -11.139 0.0000000000
113855  27.513  -4.130  -11.424 0.0000000000
72495  27.379  -1.995  -12.031 0.0000000000
73333  27.491  -1.290  -11.277 0.0000000000
74162  27.650  -0.435  -11.568 0.0000000000
75978  24.518  2.582  -14.267 0.0000000000
115462  24.557  2.012  -14.350 0.0000000000
75076  24.519  1.393  -14.398 0.0000000000
118471  24.453  1.830  -15.503 0.0000000000
75999  24.170  2.006  -16.665 0.0000000000
76013  24.332  1.766  -17.860 0.0000000000
75119  24.773  0.955  -18.125 0.0000000000
60538  26.572  -15.123  -8.254 0.0000000000
61366  26.995  -14.415  -8.748 0.0000000000
115992  28.357  -12.999  -6.851 0.0000000000
62150  27.750  -13.794  -7.447 0.0000000000
61346  28.564  -13.992  -6.140 0.0000000000
68263  21.348  -5.348  -10.009 0.0000000000
124596  22.959  -5.159  -10.707 0.0000000000
68281  24.372  -5.865  -11.275 0.0000000000
69190  23.870  -5.042  -11.065 0.0000000000
70086  25.474  -4.270  -13.102 0.0000000000
70085  26.187  -4.225  -13.498 0.0000000000
70092  26.612  -3.711  -13.924 0.0000000000
70888  26.334  -3.491  -14.314 0.0000000000
55855  26.833  -20.715  -2.899 0.0000000000
117009  26.546  -20.263  -3.390 0.0000000000
125153  28.354  -20.382  -2.432 0.0000000000
107847  28.687  -8.684  -7.331 0.0000000000
61293  18.698  -15.071  -2.203 0.0000000000
60461  19.762  -15.470  -2.891 0.0000000000
61305  20.046  -15.016  -3.441 0.0000000000
61321  20.239  -14.235  -4.840 0.0000000000
61320  20.871  -14.955  -4.988 0.0000000000
61338  21.358  -14.619  -5.679 0.0000000000
61337  21.947  -14.983  -6.151 0.0000000000
61349  21.831  -13.939  -6.061 0.0000000000
110787  18.699  -10.864  -4.574 0.0000000000
62976  19.565  -11.802  -5.087 0.0000000000
107808  22.405  -12.514  -6.928 0.0000000000
62143  21.754  -12.933  -6.393 0.0000000000
62154  23.164  -12.999  -7.129 0.0000000000
61360  23.268  -13.988  -6.923 0.0000000000
62153  23.852  -13.594  -7.488 0.0000000000
62160  24.489  -13.248  -8.104 0.0000000000
107807  25.964  -12.095  -9.935 0.0000000000
128784  25.883  -12.759  -9.681 0.0000000000
108050  26.157  -12.634  -9.640 0.0000000000
108362  26.408  -11.425  -10.218 0.0000000000
107932  21.363  -8.590  -7.663 0.0000000000
107811  22.739  -8.979  -8.549 0.0000000000
107810  22.688  -9.812  -8.430 0.0000000000
123875  25.931  -7.650  -11.234 0.0000000000
66483  24.820  -8.073  -10.705 0.0000000000
66491  25.839  -8.230  -11.032 0.0000000000
65625  26.504  -8.768  -10.870 0.0000000000
65627  25.639  -9.176  -10.781 0.0000000000
65617  25.036  -9.707  -10.394 0.0000000000
64795  25.790  -10.057  -10.787 0.0000000000
64787  25.433  -10.615  -10.035 0.0000000000
63948  26.421  -10.460  -10.994 0.0000000000
66482  27.087  -8.459  -10.467 0.0000000000
108197  27.077  -9.472  -10.485 0.0000000000
123005  27.178  -9.059  -9.654 0.0000000000
110476  27.329  -10.187  -9.795 0.0000000000
108023  27.757  -9.096  -8.450 0.0000000000
122987  27.420  -8.404  -9.052 0.0000000000
108037  28.646  -5.668  -8.397 0.0000000000
114839  28.310  -6.592  -8.600 0.0000000000
107875  29.155  -5.441  -7.265 0.0000000000
107968  28.976  -5.016  -7.947 0.0000000000
124569  28.234  -4.181  -9.970 0.0000000000
74193  24.373  0.736  -14.813 0.0000000000
122439  24.322  -0.083  -14.796 0.0000000000
116892  24.980  -1.282  -15.254 0.0000000000
71685  25.106  -2.140  -14.360 0.0000000000
71675  25.251  -2.963  -13.385 0.0000000000
73374  26.903  -1.780  -16.962 0.0000000000
73373  27.045  -1.997  -16.356 0.0000000000
71691  27.018  -2.143  -16.121 0.0000000000
76950  25.081  3.881  -20.505 0.0000000000
76941  25.552  3.198  -19.835 0.0000000000
76021  25.336  2.399  -19.279 0.0000000000
76931  26.238  2.998  -19.044 0.0000000000
76915  26.811  3.214  -16.567 0.0000000000
75998  26.745  2.427  -17.274 0.0000000000
76012  26.480  2.328  -18.230 0.0000000000
124638  26.769  1.830  -16.894 0.0000000000
75103  26.613  1.005  -17.095 0.0000000000
118729  26.874  1.546  -15.989 0.0000000000
75080  27.524  1.553  -14.389 0.0000000000
121587  27.324  0.864  -15.254 0.0000000000
119899  27.465  -0.706  -14.592 0.0000000000
74181  27.725  0.235  -14.042 0.0000000000
74174  27.699  -0.420  -13.825 0.0000000000
75069  27.803  1.456  -12.652 0.0000000000
128935  28.189  1.227  -11.439 0.0000000000
59596  22.385  -16.902  -4.772 0.0000000000
58752  25.111  -17.550  -6.454 0.0000000000
57819  26.110  -17.658  -6.266 0.0000000000
57807  26.483  -18.237  -5.612 0.0000000000
58737  26.712  -17.599  -6.115 0.0000000000
60525  26.597  -15.636  -7.755 0.0000000000
59643  26.473  -16.236  -7.531 0.0000000000
60511  27.102  -15.863  -7.460 0.0000000000
59611  28.728  -16.278  -5.299 0.0000000000
59612  28.000  -16.845  -5.858 0.0000000000
59595  28.451  -17.056  -4.914 0.0000000000
58735  27.795  -17.669  -5.220 0.0000000000
57755  22.460  -18.672  -2.681 0.0000000000
57770  23.344  -18.824  -3.701 0.0000000000
57793  23.679  -18.646  -4.218 0.0000000000
57809  24.141  -18.459  -4.857 0.0000000000
69205  26.413  -5.177  -12.663 0.0000000000
70083  26.762  -4.547  -13.028 0.0000000000
70857  27.444  -3.961  -12.479 0.0000000000
121547  27.513  -3.435  -11.807 0.0000000000
115881  27.522  -3.087  -12.640 0.0000000000
113742  27.492  -2.512  -12.668 0.0000000000
76905  24.516  2.969  -14.993 0.0000000000
76916  24.491  2.497  -15.539 0.0000000000
76923  24.367  2.711  -16.099 0.0000000000
76934  24.105  3.163  -17.387 0.0000000000
62157  27.027  -13.752  -8.983 0.0000000000
62151  27.355  -13.880  -8.386 0.0000000000
70870  24.902  -3.985  -12.367 0.0000000000
110469  23.012  -20.961  -1.403 0.0000000000
119105  23.431  -21.743  -1.433 0.0000000000
53973  26.453  -22.303  -1.456 0.0000000000
53972  27.340  -22.174  -1.421 0.0000000000
54926  26.898  -21.804  -1.995 0.0000000000
56839  26.747  -19.687  -3.877 0.0000000000
55867  27.216  -20.143  -3.320 0.0000000000
56838  27.522  -19.552  -3.671 0.0000000000
62102  18.255  -14.231  -2.207 0.0000000000
62116  18.528  -13.530  -3.083 0.0000000000
62125  19.789  -13.590  -4.673 0.0000000000
108064  20.928  -11.309  -6.360 0.0000000000
108263  23.021  -12.098  -7.502 0.0000000000
107802  24.322  -12.411  -8.549 0.0000000000
107801  24.900  -12.322  -9.360 0.0000000000
128311  25.532  -12.084  -9.801 0.0000000000
66477  22.471  -7.961  -8.724 0.0000000000
67382  26.579  -7.637  -11.038 0.0000000000
66497  26.366  -7.943  -11.010 0.0000000000
66490  26.865  -8.127  -11.094 0.0000000000
64793  26.661  -9.646  -10.907 0.0000000000
110598  27.216  -8.273  -10.623 0.0000000000
107844  27.445  -8.037  -10.180 0.0000000000
107849  27.610  -7.672  -9.662 0.0000000000
107856  28.329  -6.137  -9.350 0.0000000000
111454  28.468  -5.479  -9.322 0.0000000000
71641  28.144  -2.544  -9.885 0.0000000000
71640  28.219  -2.629  -9.225 0.0000000000
72483  28.142  -1.828  -9.385 0.0000000000
72473  28.548  -1.302  -8.498 0.0000000000
127813  24.505  0.264  -16.962 0.0000000000
73376  24.365  0.154  -15.513 0.0000000000
114001  24.943  -0.551  -16.535 0.0000000000
72529  25.640  -1.651  -16.476 0.0000000000
72538  26.844  -1.772  -17.038 0.0000000000
73385  26.723  -1.344  -17.277 0.0000000000
74205  26.754  -0.872  -17.049 0.0000000000
76904  27.006  3.232  -15.611 0.0000000000
75984  27.200  2.461  -15.342 0.0000000000
75075  27.641  1.247  -13.559 0.0000000000
75977  27.495  2.199  -13.536 0.0000000000
113067  27.706  2.881  -12.533 0.0000000000
59632  23.079  -16.167  -6.179 0.0000000000
59614  23.452  -17.026  -5.885 0.0000000000
59631  23.938  -16.579  -6.454 0.0000000000
59630  24.785  -16.968  -6.813 0.0000000000
59629  25.525  -17.123  -7.014 0.0000000000
61336  28.158  -14.783  -6.467 0.0000000000
60496  28.273  -15.440  -6.316 0.0000000000
60495  28.822  -15.461  -5.603 0.0000000000
55841  22.694  -20.178  -1.441 0.0000000000
55840  23.342  -20.516  -2.026 0.0000000000
54942  23.914  -21.087  -2.507 0.0000000000
55857  25.068  -20.918  -3.227 0.0000000000
55869  25.326  -20.340  -3.675 0.0000000000
56840  24.415  -19.683  -3.807 0.0000000000
55879  25.462  -19.781  -4.148 0.0000000000
55878  26.126  -19.618  -4.241 0.0000000000
56853  26.659  -19.259  -4.618 0.0000000000
107834  19.505  -10.846  -5.266 0.0000000000
125330  20.104  -10.859  -5.864 0.0000000000
107826  22.035  -10.674  -7.489 0.0000000000
107887  22.717  -10.500  -8.158 0.0000000000
67368  24.351  -6.557  -10.687 0.0000000000
67369  24.154  -7.220  -10.353 0.0000000000
115256  25.279  -7.008  -11.268 0.0000000000
67376  25.978  -6.914  -11.502 0.0000000000
69197  26.326  -6.026  -12.087 0.0000000000
68288  26.591  -6.825  -11.420 0.0000000000
68287  27.068  -6.768  -11.316 0.0000000000
68279  27.488  -6.607  -11.143 0.0000000000
69178  27.908  -5.922  -10.843 0.0000000000
70830  27.830  -4.136  -10.570 0.0000000000
71646  27.818  -2.708  -10.523 0.0000000000
74161  28.143  0.329  -10.578 0.0000000000
75091  24.197  1.161  -16.083 0.0000000000
74222  24.731  0.437  -17.768 0.0000000000
75122  25.403  1.048  -18.350 0.0000000000
60540  25.288  -15.421  -7.948 0.0000000000
60527  25.645  -16.019  -7.800 0.0000000000
60539  26.038  -15.378  -8.197 0.0000000000
60524  27.118  -15.162  -7.672 0.0000000000
61357  27.250  -14.540  -8.063 0.0000000000
61356  27.690  -14.468  -7.013 0.0000000000
118577  23.703  -6.127  -9.950 0.0000000000
125806  25.689  -5.803  -12.253 0.0000000000
70067  24.626  -5.039  -12.070 0.0000000000
69199  25.364  -5.331  -12.487 0.0000000000
123553  26.226  -4.883  -12.895 0.0000000000
70084  26.571  -4.367  -13.308 0.0000000000
71673  27.372  -2.566  -14.618 0.0000000000
54938  27.239  -21.210  -2.326 0.0000000000
107963  28.118  -9.770  -7.970 0.0000000000
65594  28.797  -9.913  -7.129 0.0000000000
59557  20.184  -16.004  -3.025 0.0000000000
59582  20.583  -16.555  -3.317 0.0000000000
59581  21.257  -17.037  -3.635 0.0000000000
59598  20.752  -16.365  -4.019 0.0000000000
60480  21.254  -15.808  -4.713 0.0000000000
116343  20.283  -14.752  -4.294 0.0000000000
60497  22.322  -15.738  -5.854 0.0000000000
60514  22.780  -15.316  -6.381 0.0000000000
61347  23.300  -14.922  -6.932 0.0000000000
62964  18.744  -11.957  -4.282 0.0000000000
62963  19.704  -12.774  -4.855 0.0000000000
62135  21.059  -13.244  -5.915 0.0000000000
107825  20.970  -12.332  -6.171 0.0000000000
61359  23.894  -14.545  -7.394 0.0000000000
61358  24.593  -15.031  -7.771 0.0000000000
61369  25.418  -14.654  -8.290 0.0000000000
61377  26.531  -14.074  -9.064 0.0000000000
62159  25.077  -13.161  -9.000 0.0000000000
62169  26.047  -13.361  -9.467 0.0000000000
62167  26.811  -13.390  -9.153 0.0000000000
108075  26.952  -12.790  -9.236 0.0000000000
63003  27.317  -11.925  -9.116 0.0000000000
122941  20.540  -8.248  -6.603 0.0000000000
107815  22.059  -9.743  -7.906 0.0000000000
107805  23.215  -10.392  -8.624 0.0000000000
66484  23.973  -7.918  -10.068 0.0000000000
65618  24.693  -8.814  -10.470 0.0000000000
108108  23.867  -10.662  -8.994 0.0000000000
109334  24.566  -10.902  -9.437 0.0000000000
107806  25.916  -11.462  -10.340 0.0000000000
108073  26.479  -11.151  -10.753 0.0000000000
64792  26.873  -9.826  -10.860 0.0000000000
110250  26.952  -10.271  -10.846 0.0000000000
107818  26.751  -10.910  -10.612 0.0000000000
108025  27.091  -11.018  -10.033 0.0000000000
108057  27.627  -10.373  -8.554 0.0000000000
107848  28.094  -8.620  -8.119 0.0000000000
107854  28.692  -7.925  -7.367 0.0000000000
108034  27.956  -7.387  -8.724 0.0000000000
107855  28.427  -7.255  -7.865 0.0000000000
113746  28.277  -5.571  -10.076 0.0000000000
112334  28.410  -4.720  -9.536 0.0000000000
121639  28.279  -3.374  -8.970 0.0000000000
108074  28.789  -4.384  -7.979 0.0000000000
71674  25.825  -3.251  -14.566 0.0000000000
71693  26.530  -2.453  -16.102 0.0000000000
71683  26.545  -2.974  -15.204 0.0000000000
123186  27.066  -2.413  -15.537 0.0000000000
119338  27.523  -1.745  -14.664 0.0000000000
121450  24.639  2.945  -19.284 0.0000000000
76022  24.794  2.283  -19.056 0.0000000000
75121  25.670  1.660  -18.560 0.0000000000
75117  26.277  1.598  -18.258 0.0000000000
112715  26.394  0.789  -17.864 0.0000000000
74216  26.639  -0.045  -17.643 0.0000000000
74192  26.750  -0.195  -15.725 0.0000000000
73344  27.617  -1.307  -13.739 0.0000000000
117385  27.543  -0.360  -12.731 0.0000000000
74168  27.940  0.576  -11.724 0.0000000000
118328  28.322  1.167  -10.877 0.0000000000
76872  28.247  3.069  -11.604 0.0000000000
75955  28.433  2.531  -11.248 0.0000000000
75056  28.691  1.716  -10.574 0.0000000000
75046  28.782  1.194  -10.029 0.0000000000
58723  22.701  -17.673  -4.424 0.0000000000
58722  23.312  -18.136  -4.780 0.0000000000
58738  24.687  -18.204  -5.713 0.0000000000
57808  25.227  -18.543  -5.522 0.0000000000
116387  25.826  -18.369  -5.623 0.0000000000
57791  26.788  -18.754  -5.117 0.0000000000
57789  27.725  -18.454  -4.660 0.0000000000
59644  26.013  -16.615  -7.470 0.0000000000
59628  26.505  -16.716  -7.167 0.0000000000
59626  27.725  -16.178  -6.685 0.0000000000
59613  27.376  -16.840  -6.501 0.0000000000
58749  26.866  -17.067  -6.644 0.0000000000
64759  28.715  -10.926  -6.857 0.0000000000
63916  29.034  -11.593  -6.485 0.0000000000
58740  23.050  -17.426  -5.196 0.0000000000
58751  26.064  -17.182  -6.954 0.0000000000
59616  21.970  -16.143  -5.156 0.0000000000
59642  26.741  -16.208  -7.434 0.0000000000
61339  20.425  -13.539  -5.310 0.0000000000
61367  26.784  -14.583  -8.732 0.0000000000
62168  26.540  -13.401  -9.261 0.0000000000
63947  26.818  -10.441  -10.912 0.0000000000
65624  26.753  -9.039  -10.764 0.0000000000
65635  25.978  -8.354  -11.084 0.0000000000
67377  25.509  -7.883  -11.031 0.0000000000
70887  26.761  -3.286  -14.495 0.0000000000
72484  27.986  -2.125  -10.161 0.0000000000
72520  27.332  -2.090  -15.291 0.0000000000
72527  26.855  -2.082  -16.741 0.0000000000
75118  26.034  0.845  -18.260 0.0000000000
75946  28.822  2.378  -10.706 0.0000000000
76949  25.155  3.832  -20.435 0.0000000000
107812  26.166  -11.436  -10.522 0.0000000000
107813  26.262  -11.207  -10.838 0.0000000000
107817  26.746  -11.669  -9.681 0.0000000000
107824  27.159  -9.762  -10.699 0.0000000000
111058  24.113  2.545  -16.975 0.0000000000
113666  27.742  -8.019  -8.659 0.0000000000
115206  26.301  -7.171  -11.297 0.0000000000
117521  25.686  -17.475  -6.611 0.0000000000
121980  20.748  -16.592  -2.834 0.0000000000
123966  25.636  -13.340  -9.344 0.0000000000
124119  20.803  -14.289  -5.353 0.0000000000
124595  22.005  -17.209  -4.155 0.0000000000
127861  25.063  -13.823  -8.456 0.0000000000
128060  26.758  -15.386  -7.790 0.0000000000
130852  24.578  1.765  -14.955 0.0000000000
