#!ascii label  , from subject Paciente_3 vox2ras=TkReg
1316
28606  36.263  -51.270  4.542 0.8999999762
27900  36.067  -52.226  4.451 0.8000000119
119179  36.998  -51.778  3.895 0.8000000119
27200  36.774  -53.243  3.362 0.6999999881
27929  37.359  -52.239  2.695 0.8000000119
28607  35.163  -51.571  4.833 0.8999999762
29378  37.099  -50.905  4.084 1.0000000000
29377  37.378  -50.483  3.561 1.0000000000
28638  37.537  -51.161  3.040 0.8999999762
28649  37.263  -51.352  1.739 0.8000000119
29390  37.362  -50.592  2.020 0.8999999762
120929  36.972  -52.108  1.351 0.8000000119
119577  36.246  -51.865  0.673 0.6999999881
27941  36.385  -52.743  0.905 0.6999999881
29354  34.620  -50.741  5.075 0.8000000119
29353  35.576  -50.629  4.864 0.8999999762
30114  34.998  -49.933  5.028 0.8999999762
29356  32.765  -50.726  5.255 0.8999999762
29352  36.445  -50.385  4.510 0.8999999762
29351  37.097  -50.081  4.096 1.0000000000
122055  37.425  -49.838  2.301 0.8999999762
29401  36.626  -50.600  1.132 0.8999999762
28650  36.483  -51.270  0.852 0.8000000119
27942  35.557  -52.001  0.304 0.6999999881
115671  36.134  -48.933  4.851 0.8999999762
30889  35.304  -49.136  5.117 0.8999999762
30097  34.489  -49.293  5.272 0.8999999762
29337  33.235  -50.000  5.263 0.8999999762
30113  35.877  -49.778  4.847 0.8999999762
30112  36.643  -49.523  4.470 0.8999999762
30133  37.546  -49.751  3.368 1.0000000000
120959  35.952  -49.897  0.620 0.8000000119
29402  35.772  -50.585  0.497 0.8000000119
29403  35.143  -50.651  0.244 0.8000000119
120668  34.759  -49.946  -0.167 0.8000000119
29414  34.530  -50.755  -0.102 0.8000000119
29415  33.802  -50.236  -0.311 0.8000000119
30874  34.732  -48.570  5.389 0.8999999762
30099  32.865  -49.263  5.537 0.8999999762
30100  31.957  -49.218  5.630 0.8999999762
30873  35.577  -48.247  5.232 0.8999999762
123318  32.529  -48.365  5.680 0.8999999762
29339  31.410  -50.001  5.520 0.8000000119
30888  36.991  -48.603  4.517 0.8999999762
30876  31.553  -48.434  5.690 0.6999999881
115352  31.039  -49.165  5.600 0.6999999881
30116  29.779  -49.724  5.179 0.6999999881
30887  37.668  -47.851  4.395 0.8999999762
30101  30.101  -48.996  5.375 0.6999999881
30117  29.309  -49.225  4.984 0.6999999881
31743  38.082  -47.368  3.847 1.0000000000
30890  29.252  -48.420  5.280 0.6000000238
115219  37.726  -48.897  3.568 1.0000000000
30919  37.837  -48.392  2.971 1.0000000000
30142  37.577  -49.059  2.616 1.0000000000
30143  36.923  -49.117  1.722 1.0000000000
121231  36.714  -49.922  1.430 0.8999999762
30920  37.275  -48.160  1.980 1.0000000000
30932  36.295  -48.365  1.098 0.8999999762
30152  36.125  -49.185  0.813 0.8000000119
121165  35.308  -49.888  0.217 0.8000000119
30154  34.815  -49.157  0.148 0.8000000119
30164  33.841  -49.244  -0.273 0.8000000119
30935  34.357  -48.452  0.022 0.8000000119
30165  32.749  -49.027  -0.415 0.8000000119
30098  33.699  -49.329  5.407 0.8999999762
126220  34.869  -47.893  5.504 0.8999999762
30875  34.074  -48.035  5.588 0.8999999762
115452  33.420  -48.619  5.585 0.8999999762
31726  36.927  -47.754  4.787 0.8999999762
30877  30.729  -48.378  5.651 0.6999999881
111068  37.361  -47.115  4.706 0.8999999762
31714  30.472  -47.626  5.715 0.6000000238
30878  30.014  -48.204  5.575 0.6000000238
31725  37.801  -47.122  4.323 1.0000000000
31729  28.168  -47.318  4.864 0.5000000000
30905  37.976  -48.149  3.744 1.0000000000
32532  28.506  -46.549  5.247 0.5000000000
31757  37.913  -47.512  2.825 1.0000000000
31758  37.187  -47.067  1.855 1.0000000000
31770  36.397  -47.421  1.269 1.0000000000
31771  35.532  -47.719  0.743 0.8999999762
30153  35.319  -49.187  0.460 0.8000000119
30934  34.772  -47.936  0.387 0.8000000119
123680  34.926  -48.648  0.381 0.8000000119
110700  34.994  -47.185  0.560 0.8999999762
31772  34.366  -47.107  0.318 0.8999999762
113732  33.984  -47.702  -0.016 0.8000000119
30947  33.204  -48.306  -0.287 0.8000000119
31785  33.075  -47.475  -0.261 0.8000000119
120848  32.356  -47.879  -0.470 0.8000000119
123107  33.277  -47.928  5.690 0.8999999762
31727  36.198  -47.561  5.141 0.8999999762
31709  35.392  -47.354  5.464 0.8999999762
31712  32.733  -47.428  5.769 0.6999999881
116733  31.162  -47.815  5.755 0.8000000119
32544  36.124  -46.650  5.363 0.8999999762
31715  29.552  -47.539  5.577 0.6000000238
31728  28.809  -47.768  5.275 0.6000000238
111475  30.700  -46.115  5.941 0.6999999881
32531  29.299  -46.679  5.628 0.6000000238
31716  28.843  -47.192  5.407 0.5000000000
116853  28.916  -45.869  5.609 0.5000000000
32545  27.872  -46.510  4.664 0.5000000000
32560  38.135  -46.614  3.157 1.0000000000
32573  37.725  -46.660  2.313 1.0000000000
32574  37.156  -46.172  1.751 1.0000000000
32584  36.407  -46.443  1.336 1.0000000000
32585  35.645  -46.787  0.859 0.8999999762
33379  37.246  -45.275  1.635 1.0000000000
33390  36.515  -45.718  1.335 0.8999999762
33391  35.777  -45.773  0.905 0.8999999762
32586  34.844  -46.276  0.588 0.8999999762
32587  33.893  -46.297  0.168 0.8999999762
31773  33.707  -47.065  0.012 0.8999999762
33392  35.069  -45.412  0.604 0.8999999762
33393  34.389  -45.468  0.355 0.8999999762
32598  33.174  -45.997  -0.180 0.8999999762
34348  34.045  -44.806  0.088 0.8999999762
31710  34.540  -47.260  5.666 0.8999999762
123121  34.222  -46.606  5.815 0.8999999762
109289  32.927  -46.695  5.851 1.0000000000
109844  32.146  -46.769  5.869 0.8000000119
33332  35.640  -45.834  5.641 0.8999999762
32529  31.162  -46.979  5.861 0.6999999881
32542  37.703  -46.403  4.477 0.8999999762
32543  37.071  -46.431  5.068 0.8999999762
109934  31.574  -46.038  5.993 0.6999999881
33337  30.305  -45.360  6.155 0.6999999881
115987  29.822  -46.017  5.834 0.5000000000
32541  38.103  -46.234  3.780 1.0000000000
111987  28.564  -44.990  5.551 0.5000000000
33350  28.001  -45.660  4.931 0.5000000000
33363  38.280  -45.784  3.091 1.0000000000
120352  38.069  -45.136  2.421 1.0000000000
34327  37.622  -44.430  1.964 1.0000000000
33380  36.384  -45.065  0.983 0.8999999762
34337  35.644  -44.922  0.673 0.8999999762
121269  35.508  -44.063  0.617 0.8999999762
34379  32.261  -44.624  -2.545 0.6999999881
123571  31.498  -44.580  -2.192 0.8000000119
111518  31.299  -44.204  -2.051 0.8000000119
33349  36.599  -45.740  5.403 0.8999999762
124628  35.010  -45.849  5.830 1.0000000000
32527  34.358  -45.843  5.889 1.0000000000
33334  33.482  -45.407  5.914 1.0000000000
33335  32.596  -45.867  5.973 0.6999999881
33336  31.038  -45.473  6.202 0.6999999881
33338  29.432  -45.202  5.925 0.6000000238
34313  38.379  -45.060  3.351 1.0000000000
33347  38.133  -45.663  4.081 0.8999999762
33348  37.481  -45.505  5.004 0.8999999762
33339  27.698  -44.753  5.045 0.4000000060
34326  38.502  -44.314  2.802 1.0000000000
35252  36.858  -43.804  1.689 1.0000000000
35253  36.179  -43.864  1.286 1.0000000000
121174  36.277  -43.236  1.414 1.0000000000
35284  31.380  -43.723  -0.967 0.8999999762
114940  34.224  -43.822  -2.855 0.6000000238
34378  33.398  -44.201  -2.834 0.6000000238
115045  32.693  -43.742  -2.924 0.8000000119
110925  31.841  -43.971  -2.572 0.8000000119
34380  31.302  -44.976  -1.920 0.8999999762
34361  31.567  -44.652  -0.989 0.8999999762
34297  36.873  -44.846  5.472 0.8999999762
33331  36.021  -45.063  5.637 0.8999999762
108912  32.747  -44.889  6.020 0.8000000119
126319  31.774  -45.075  6.201 0.6999999881
34278  30.828  -44.769  6.367 0.6999999881
34279  29.939  -44.560  6.241 0.6000000238
34281  28.244  -44.140  5.580 0.4000000060
120980  38.615  -44.476  3.720 1.0000000000
111621  38.168  -44.901  4.359 0.8999999762
35251  37.957  -43.559  2.219 1.0000000000
36097  37.557  -42.669  2.076 1.0000000000
119718  36.982  -43.201  1.764 1.0000000000
36098  36.481  -42.537  1.561 1.0000000000
34350  32.086  -44.091  -0.410 0.8999999762
35273  31.981  -43.152  -0.365 0.8999999762
36131  31.027  -43.048  -1.318 0.8999999762
36145  34.804  -42.801  -2.175 0.6000000238
35308  34.715  -43.536  -2.509 0.6000000238
128243  34.143  -43.365  -2.864 0.6000000238
36157  33.072  -42.804  -3.221 0.8000000119
35310  32.293  -43.223  -3.028 0.8000000119
35295  31.120  -43.689  -1.726 0.8999999762
34275  35.477  -44.384  5.766 0.8999999762
109724  34.161  -45.067  5.867 0.8999999762
34277  33.568  -44.604  5.979 0.6999999881
35210  35.149  -43.638  5.919 0.8999999762
34276  34.482  -44.323  5.913 0.8999999762
124224  32.215  -44.367  6.313 0.6000000238
34296  37.660  -44.449  5.086 1.0000000000
35230  36.971  -43.717  5.467 1.0000000000
34266  31.430  -44.176  6.390 0.6000000238
34267  30.486  -43.947  6.339 0.6000000238
34268  29.540  -43.738  6.227 0.5000000000
34295  38.387  -44.089  4.468 1.0000000000
35228  38.650  -43.238  4.457 1.0000000000
35240  38.847  -43.804  3.716 1.0000000000
35250  38.813  -43.531  3.040 1.0000000000
36096  38.611  -42.837  2.871 1.0000000000
115810  36.933  -41.825  1.781 1.0000000000
36896  35.826  -41.587  1.430 1.0000000000
36099  35.754  -42.425  1.149 1.0000000000
36106  35.007  -42.431  0.773 1.0000000000
114525  34.309  -41.647  0.791 1.0000000000
36107  34.156  -42.604  0.523 1.0000000000
36108  33.304  -41.862  0.481 0.8999999762
35272  32.863  -43.542  -0.100 0.8999999762
36120  31.287  -42.731  -0.747 0.8999999762
36146  31.170  -42.913  -2.143 0.8999999762
113879  36.085  -42.255  -0.883 0.6000000238
115339  35.466  -42.629  -1.435 0.6000000238
36158  32.379  -42.421  -3.136 0.8000000119
127571  31.762  -42.863  -2.807 0.8000000119
111334  35.934  -43.674  5.761 0.8999999762
35211  34.361  -43.561  6.102 0.6999999881
35198  32.157  -43.567  6.483 0.6000000238
36082  37.377  -42.842  5.526 0.8999999762
35199  31.095  -43.342  6.439 0.6000000238
35229  37.946  -43.538  5.083 1.0000000000
127253  38.240  -42.815  5.062 0.8999999762
36088  39.070  -43.001  3.773 1.0000000000
116901  38.149  -41.985  2.459 1.0000000000
110822  37.436  -41.109  2.036 1.0000000000
36895  36.252  -40.993  1.702 1.0000000000
123364  35.584  -40.930  1.621 1.0000000000
36903  35.104  -41.569  1.115 1.0000000000
36912  32.205  -41.604  0.361 0.8999999762
36119  32.595  -42.545  0.031 0.8999999762
36121  30.882  -41.921  -0.443 0.8999999762
36929  30.194  -41.568  -0.968 0.8999999762
36944  35.457  -41.632  -1.136 0.6000000238
112354  34.902  -42.094  -1.846 0.6000000238
36945  34.232  -42.056  -2.413 0.6000000238
114445  33.725  -41.333  -2.206 0.6999999881
36956  32.198  -41.637  -2.961 0.6999999881
36160  30.906  -42.113  -2.158 0.8000000119
36958  30.367  -41.500  -2.112 0.8999999762
36943  36.976  -42.174  -0.801 0.6000000238
37803  31.858  -40.843  -2.808 0.6999999881
36957  31.199  -41.414  -2.596 0.8000000119
35197  33.069  -43.379  6.422 0.6999999881
35209  36.416  -42.935  5.766 0.8999999762
126028  35.588  -43.068  5.927 0.8000000119
36066  34.778  -42.860  6.191 0.6999999881
36064  37.043  -42.230  6.245 0.8000000119
36081  38.830  -42.176  4.636 1.0000000000
110848  37.869  -42.225  5.454 0.8000000119
36894  39.015  -42.121  3.587 1.0000000000
36887  38.619  -41.245  2.936 1.0000000000
37733  37.950  -40.376  2.377 1.0000000000
37734  36.567  -40.343  2.001 1.0000000000
111007  35.493  -40.391  1.894 1.0000000000
37735  34.731  -40.353  1.807 1.0000000000
37745  34.474  -40.777  1.327 1.0000000000
36904  33.682  -40.860  0.888 1.0000000000
36905  32.768  -40.870  0.700 0.8999999762
36913  31.160  -41.398  0.261 0.8999999762
115792  31.682  -42.206  -0.171 0.8999999762
36915  29.694  -40.985  -0.639 0.8999999762
114386  34.593  -41.472  -1.685 0.6000000238
36946  32.765  -41.136  -2.608 0.6999999881
36948  29.907  -41.290  -1.694 0.8999999762
37774  36.777  -40.634  -0.696 0.6000000238
36928  36.440  -41.401  -0.816 0.6000000238
37805  30.434  -40.922  -2.415 0.6999999881
36067  33.864  -43.123  6.362 0.6999999881
119866  32.566  -42.894  6.530 0.6000000238
36065  35.703  -42.252  6.268 0.8000000119
36046  34.056  -42.331  6.465 0.6999999881
123695  33.247  -42.642  6.499 0.6999999881
36883  38.136  -41.806  6.430 0.6999999881
36882  38.300  -41.444  5.415 0.6999999881
36881  38.998  -41.168  4.950 0.6999999881
37723  39.403  -40.060  4.078 0.8000000119
38612  38.898  -39.850  2.978 0.8000000119
37728  38.996  -40.593  3.280 0.8000000119
38618  36.926  -39.767  2.181 0.8999999762
122106  35.833  -39.806  2.141 1.0000000000
38619  34.914  -39.774  2.028 1.0000000000
37746  33.870  -40.304  1.421 1.0000000000
37747  33.118  -40.233  1.079 1.0000000000
38620  34.093  -39.379  1.663 1.0000000000
37736  34.223  -40.018  1.755 1.0000000000
125982  32.439  -40.198  0.785 1.0000000000
37748  31.893  -39.905  0.676 1.0000000000
36906  31.901  -40.716  0.620 0.8999999762
37757  31.046  -40.427  0.545 0.8999999762
127862  30.628  -41.041  0.240 0.8999999762
37758  30.045  -40.652  0.127 0.8999999762
37790  35.036  -40.763  -0.992 0.6000000238
37792  33.289  -40.604  -1.791 0.6999999881
36930  29.543  -41.040  -1.255 0.8999999762
123678  29.870  -41.052  -2.013 0.8999999762
37794  31.464  -40.186  -2.659 0.6999999881
37804  31.141  -40.644  -2.714 0.6999999881
37795  29.706  -40.524  -2.258 0.8999999762
38675  28.841  -40.095  -1.965 0.8999999762
36865  36.234  -41.597  6.857 0.6999999881
113570  34.799  -42.091  6.417 0.6000000238
36867  34.212  -41.412  6.533 0.6000000238
36047  32.593  -42.230  6.560 0.6000000238
37708  37.391  -41.505  6.566 0.6999999881
37709  35.501  -40.981  7.089 0.6000000238
110441  38.133  -41.157  6.446 0.6999999881
115998  39.252  -40.418  4.943 0.6999999881
123824  38.554  -38.990  2.691 0.8000000119
123110  37.980  -39.636  2.402 0.8000000119
117518  37.377  -39.103  2.186 0.8000000119
117082  36.248  -39.196  2.078 0.8000000119
118978  35.419  -39.302  2.031 1.0000000000
38631  33.428  -39.717  1.393 1.0000000000
38632  32.555  -39.625  0.879 1.0000000000
126589  33.299  -38.555  1.061 1.0000000000
38621  32.879  -39.211  0.994 1.0000000000
38633  31.617  -39.087  0.701 1.0000000000
38634  30.828  -39.068  0.703 1.0000000000
37749  30.413  -39.788  0.508 1.0000000000
37791  34.193  -40.735  -1.412 0.6000000238
37759  29.234  -40.380  -0.488 0.8999999762
37775  35.957  -40.687  -0.746 0.6000000238
38669  34.644  -40.121  -0.908 0.6000000238
37776  29.045  -40.604  -1.135 0.8999999762
38671  32.895  -39.879  -1.323 0.6999999881
38673  30.850  -39.425  -2.287 0.6999999881
37711  33.987  -40.596  6.651 0.5000000000
123640  36.784  -40.711  6.783 0.6000000238
127048  35.093  -40.228  7.385 0.5000000000
37725  37.779  -40.235  6.117 0.6999999881
38607  38.602  -39.622  5.441 0.6999999881
38606  39.316  -39.520  4.719 0.6999999881
39527  39.390  -38.742  4.233 0.6999999881
39528  39.198  -38.445  3.358 0.6999999881
39531  37.782  -38.470  2.220 0.8000000119
40419  37.614  -37.728  1.904 0.8000000119
39532  36.792  -38.496  1.846 0.8000000119
40420  36.342  -37.863  1.465 0.8000000119
40421  35.437  -37.923  1.284 0.8000000119
40422  34.577  -38.233  1.291 0.8999999762
39535  33.924  -38.696  1.381 1.0000000000
40435  34.042  -37.794  0.873 0.8999999762
40423  33.618  -38.223  1.015 1.0000000000
39537  32.301  -38.450  0.754 1.0000000000
39545  32.224  -39.004  0.759 1.0000000000
39548  29.914  -38.770  0.589 1.0000000000
38635  29.720  -39.276  0.486 0.8999999762
37750  29.430  -39.924  0.179 0.8999999762
123783  28.914  -39.775  -0.354 0.8999999762
38636  28.827  -39.401  0.193 0.8999999762
39567  27.808  -39.073  -0.386 0.8999999762
38654  35.522  -39.771  -0.649 0.6000000238
38670  33.851  -40.007  -1.071 0.6000000238
38672  31.967  -39.635  -1.825 0.6999999881
126349  29.157  -39.425  -2.201 0.8000000119
38676  28.279  -39.806  -1.431 0.8999999762
39563  36.259  -39.171  -0.692 0.6000000238
38657  32.590  -39.047  -1.011 0.6999999881
39585  28.466  -39.348  -1.749 0.8000000119
39586  27.939  -39.067  -0.974 0.8999999762
39584  29.939  -38.974  -2.318 0.6999999881
111213  28.128  -38.433  -1.564 0.8999999762
130115  35.817  -40.396  7.054 0.5000000000
38608  37.424  -39.253  5.899 0.6999999881
39523  38.964  -38.724  5.032 0.6999999881
39524  38.089  -38.571  5.582 0.6999999881
40408  39.088  -37.940  4.625 0.6999999881
40414  39.432  -37.832  3.890 0.6999999881
40415  39.169  -37.723  3.215 0.6999999881
39530  38.559  -38.099  2.634 0.6999999881
40432  36.995  -37.116  1.353 0.8000000119
40433  35.957  -37.381  0.984 0.8000000119
40434  34.962  -37.601  0.960 0.8000000119
40436  33.234  -37.887  0.813 0.8999999762
40424  32.929  -38.263  0.848 1.0000000000
40438  31.643  -38.095  0.783 1.0000000000
39546  31.610  -38.709  0.723 1.0000000000
41234  35.491  -36.939  0.700 0.8000000119
41235  34.539  -37.224  0.717 0.8000000119
40437  32.536  -37.963  0.785 0.8999999762
39547  30.830  -38.543  0.727 1.0000000000
41238  32.138  -37.455  0.757 0.8999999762
40440  29.931  -38.301  0.625 1.0000000000
120703  29.039  -38.460  0.477 1.0000000000
39550  28.200  -38.482  0.318 1.0000000000
125758  27.484  -38.413  -0.363 0.8999999762
40442  27.636  -38.007  0.147 0.8999999762
38655  34.600  -39.289  -0.724 0.6000000238
38656  33.607  -39.148  -0.834 0.6000000238
39587  27.458  -38.112  -0.888 0.8999999762
39582  31.650  -38.804  -1.346 0.6999999881
39583  30.773  -38.490  -1.747 0.6999999881
111805  29.134  -38.531  -2.077 0.6999999881
40475  29.803  -37.565  -2.033 0.6999999881
40477  27.727  -37.584  -1.633 0.8000000119
40478  27.072  -37.227  -1.037 0.8999999762
40476  28.689  -37.690  -2.078 0.6999999881
38592  36.904  -39.775  6.486 0.6000000238
38593  35.920  -39.709  6.909 0.5000000000
111077  38.759  -37.272  4.966 0.6999999881
109892  39.171  -37.144  4.331 0.6999999881
41229  39.346  -36.989  3.483 0.6999999881
41231  39.028  -36.510  2.585 0.6999999881
40418  38.733  -37.307  2.570 0.6999999881
41232  38.091  -36.840  1.830 0.6999999881
124055  37.540  -36.432  1.288 0.8000000119
125876  36.606  -36.520  0.807 0.8000000119
41249  35.938  -36.177  0.525 0.8000000119
41250  35.062  -36.542  0.514 0.8000000119
125459  36.214  -35.543  0.381 0.8000000119
42204  34.680  -36.096  0.252 0.8000000119
128512  33.423  -36.828  0.553 0.8000000119
41252  32.618  -36.798  0.571 0.8999999762
41239  31.049  -37.225  0.695 0.8999999762
40439  30.694  -38.023  0.749 1.0000000000
42218  34.226  -35.622  -0.289 0.8000000119
128455  33.954  -36.309  0.247 0.8000000119
124868  29.104  -37.988  0.529 1.0000000000
41240  29.795  -37.478  0.594 1.0000000000
39565  34.427  -38.237  -0.779 0.6000000238
41242  27.697  -37.385  0.176 1.0000000000
40460  32.396  -38.051  -0.944 0.6999999881
112511  31.529  -37.785  -1.232 0.6999999881
40461  27.077  -37.151  -0.428 0.8999999762
41257  27.165  -36.567  -0.300 1.0000000000
41278  30.495  -36.859  -1.977 0.6999999881
41279  29.411  -36.916  -2.190 0.8000000119
41281  27.494  -36.753  -1.835 0.8000000119
124027  39.229  -36.230  4.186 0.6999999881
120925  38.676  -35.808  4.775 0.6999999881
41228  39.383  -36.201  3.383 0.6999999881
124566  39.327  -35.733  2.765 0.6999999881
121244  39.184  -35.123  2.145 0.6999999881
42199  37.535  -35.776  0.990 0.6999999881
42198  38.326  -35.152  1.352 0.6999999881
42200  36.752  -35.647  0.604 0.8000000119
42203  35.505  -35.821  0.298 0.8000000119
43093  36.800  -34.921  0.431 0.8000000119
42217  35.112  -35.407  -0.242 0.8000000119
124710  32.267  -36.173  0.200 0.8999999762
41253  31.808  -36.653  0.529 0.8999999762
42205  33.120  -35.911  -0.069 0.8000000119
42206  31.652  -35.958  0.019 0.8999999762
119182  30.081  -36.457  0.353 0.8999999762
39566  33.407  -38.118  -0.820 0.6000000238
42220  31.130  -35.372  -0.465 0.8999999762
42207  30.247  -35.633  -0.133 0.8999999762
41255  29.016  -36.556  0.454 1.0000000000
40471  34.234  -37.119  -1.307 0.6000000238
42209  27.705  -35.790  -0.205 0.8999999762
42210  27.280  -35.463  -0.726 0.8999999762
41280  28.279  -36.963  -2.246 0.8000000119
41282  27.021  -36.359  -1.412 0.8999999762
42221  26.976  -35.792  -1.014 0.8000000119
42188  39.460  -35.560  3.723 0.6999999881
43087  37.495  -35.045  0.840 0.6999999881
43086  38.240  -34.591  1.070 0.6999999881
42219  32.076  -35.496  -0.396 0.8000000119
43103  33.590  -34.792  -0.624 0.8000000119
43968  32.174  -33.868  -0.935 0.8000000119
42208  29.311  -35.748  0.108 0.8999999762
40473  32.255  -37.166  -1.199 0.6000000238
43105  31.691  -34.616  -0.727 0.8000000119
117351  30.821  -34.502  -0.871 0.8999999762
43095  29.566  -35.059  -0.451 0.8999999762
43096  28.515  -35.183  -0.309 0.8999999762
40472  33.133  -37.100  -1.143 0.6000000238
122607  31.540  -36.774  -1.602 0.6999999881
43097  27.733  -35.012  -0.759 0.8999999762
41301  30.087  -36.279  -2.397 0.6999999881
42222  27.245  -34.878  -1.153 0.8000000119
42253  28.090  -35.396  -2.316 0.6999999881
42232  27.109  -35.524  -1.678 0.8000000119
119555  39.442  -34.275  3.800 0.6999999881
122389  39.375  -33.615  2.233 0.6999999881
43085  38.970  -34.456  1.693 0.6999999881
43102  34.558  -34.651  -0.599 0.8000000119
43966  33.995  -33.905  -0.910 0.8000000119
43967  33.076  -33.925  -0.925 0.8000000119
43106  30.359  -35.002  -0.621 0.8999999762
110463  29.935  -34.387  -0.878 0.8999999762
41277  32.611  -36.438  -1.698 0.6000000238
43107  28.964  -34.428  -0.808 0.8999999762
41300  31.082  -36.285  -2.323 0.6999999881
110308  30.758  -35.697  -2.897 0.6999999881
43971  28.155  -33.725  -0.950 0.8999999762
43140  28.905  -34.923  -2.952 0.6999999881
42254  27.430  -35.084  -2.064 0.8000000119
43108  26.858  -34.127  -1.091 0.8000000119
43160  28.434  -34.268  -3.177 0.6999999881
44009  26.705  -34.041  -2.020 0.8000000119
43122  26.897  -34.405  -1.529 0.8000000119
44007  27.546  -33.848  -2.944 0.8000000119
43939  39.406  -33.535  3.441 0.6999999881
126085  33.035  -35.982  -2.767 0.6000000238
43988  30.933  -33.050  -1.253 0.8000000119
44860  30.092  -32.912  -1.392 0.8999999762
43970  29.350  -33.543  -1.142 0.8999999762
41299  31.999  -36.045  -2.296 0.6000000238
110025  28.515  -32.975  -1.182 0.8999999762
116572  29.708  -35.532  -2.863 0.8000000119
43972  27.205  -33.498  -0.935 0.8999999762
43990  26.715  -33.676  -1.557 0.8000000119
43159  29.376  -34.195  -3.509 0.6999999881
44008  26.935  -33.251  -2.750 0.8000000119
117997  26.827  -32.396  -2.167 0.8000000119
42251  31.518  -35.753  -2.842 0.6999999881
44879  30.622  -32.422  -1.483 0.8000000119
42276  31.531  -35.043  -3.323 0.5000000000
123786  30.573  -35.091  -3.243 0.6000000238
124903  30.284  -34.236  -3.690 0.6000000238
43139  29.946  -34.790  -3.459 0.6999999881
45715  27.349  -32.196  -1.628 0.8000000119
44025  30.135  -33.805  -3.776 0.6000000238
44026  29.323  -33.579  -3.647 0.6000000238
44027  27.566  -32.922  -3.305 0.6999999881
44890  26.882  -32.549  -2.682 0.8000000119
44863  27.016  -32.845  -1.282 0.8000000119
44908  28.068  -32.168  -3.693 0.6000000238
45731  29.936  -32.051  -1.550 0.8000000119
45732  28.934  -31.467  -1.617 0.8000000119
45714  28.227  -32.227  -1.442 0.8999999762
43179  30.981  -34.037  -3.934 0.6000000238
45746  27.437  -31.333  -2.469 0.8000000119
45733  27.217  -31.598  -2.082 0.8000000119
46558  27.823  -31.415  -1.857 0.8000000119
45766  27.831  -31.394  -3.530 0.6000000238
109319  29.872  -31.268  -1.766 0.8000000119
46578  29.236  -30.500  -1.895 0.8000000119
44906  29.746  -33.146  -3.794 0.6000000238
46580  27.719  -30.834  -2.519 0.8000000119
44907  29.100  -32.317  -3.952 0.6000000238
46598  27.714  -30.651  -2.861 0.6999999881
46579  28.277  -30.580  -2.050 0.8000000119
45781  28.689  -30.683  -4.381 0.6000000238
46628  27.933  -29.637  -3.842 0.6000000238
47452  28.009  -29.464  -3.493 0.6999999881
44928  30.123  -32.567  -4.094 0.6000000238
45780  29.690  -31.525  -4.343 0.6000000238
46597  31.304  -30.404  -2.428 0.8000000119
121477  31.481  -33.784  -4.273 0.6000000238
46577  30.375  -30.638  -2.102 0.8000000119
117453  31.761  -33.195  -4.425 0.5000000000
47438  28.805  -29.104  -2.912 0.8000000119
47417  29.513  -29.755  -2.436 0.8000000119
44045  30.791  -33.362  -4.126 0.6000000238
47451  28.515  -28.855  -3.643 0.6000000238
44926  32.268  -32.375  -4.545 0.5000000000
44927  31.123  -32.283  -4.390 0.6000000238
112350  30.888  -31.080  -4.677 0.6000000238
46627  28.388  -29.759  -4.361 0.6000000238
46625  31.988  -30.738  -4.963 0.6000000238
122037  29.498  -30.170  -4.703 0.6000000238
125813  28.743  -29.125  -4.768 0.6000000238
127133  31.275  -29.672  -2.813 0.8000000119
47437  30.486  -29.766  -2.671 0.8000000119
47436  31.665  -29.160  -3.096 0.8000000119
110330  30.652  -29.100  -3.231 0.6999999881
45779  31.900  -31.629  -4.649 0.6000000238
118047  28.848  -28.628  -4.400 0.6000000238
48321  29.296  -28.609  -3.931 0.6000000238
48314  29.199  -28.756  -3.367 0.6999999881
46624  32.899  -30.731  -4.849 0.5000000000
110272  28.976  -28.605  -4.717 0.6000000238
46626  30.727  -30.048  -5.084 0.6000000238
47461  29.610  -29.182  -5.058 0.6000000238
46630  33.030  -29.904  -4.991 0.5000000000
48311  32.197  -28.665  -3.391 0.6999999881
48312  31.040  -28.577  -3.617 0.6000000238
48313  30.011  -28.646  -3.540 0.6000000238
48320  30.114  -28.514  -4.024 0.6000000238
49319  30.793  -28.370  -3.847 0.6000000238
47468  32.413  -29.333  -5.510 0.5000000000
47469  31.318  -28.986  -5.494 0.6000000238
48341  30.974  -28.212  -5.423 0.6000000238
47470  30.021  -28.787  -5.059 0.6000000238
48331  29.458  -28.498  -4.560 0.6000000238
50187  31.246  -27.225  -4.473 0.6000000238
48340  31.926  -28.490  -5.833 0.6000000238
47467  33.171  -29.194  -5.271 0.5000000000
48339  32.991  -28.480  -5.726 0.5000000000
113469  33.904  -27.971  -5.630 0.4000000060
49344  33.227  -27.617  -5.995 0.5000000000
49318  31.643  -28.153  -3.849 0.6000000238
49347  30.958  -27.412  -5.400 0.6000000238
49335  30.735  -27.516  -5.022 0.6000000238
50186  31.700  -26.911  -4.442 0.6000000238
49346  31.492  -27.727  -5.769 0.6000000238
49353  31.439  -26.819  -6.056 0.6000000238
49345  32.273  -27.729  -6.012 0.6000000238
118371  33.974  -27.416  -5.988 0.4000000060
50195  31.013  -26.906  -5.154 0.6000000238
50185  32.641  -26.728  -4.354 0.5000000000
49327  33.329  -27.374  -3.937 0.5000000000
50203  31.052  -26.771  -5.701 0.6000000238
50194  31.348  -26.498  -5.184 0.5000000000
49352  32.454  -26.927  -6.364 0.5000000000
49351  33.409  -26.957  -6.457 0.4000000060
50184  33.762  -26.637  -4.145 0.4000000060
114202  31.157  -25.764  -6.298 0.6000000238
51047  31.276  -25.371  -6.682 0.5000000000
50219  31.775  -25.386  -7.127 0.4000000060
117332  31.670  -26.037  -6.666 0.6000000238
51056  31.204  -24.813  -6.966 0.6000000238
51039  31.819  -25.325  -6.287 0.4000000060
50211  33.446  -26.199  -6.989 0.4000000060
51063  32.051  -25.046  -7.284 0.4000000060
51966  32.758  -24.996  -5.968 0.4000000060
50220  31.369  -24.889  -7.175 0.4000000060
51046  31.432  -24.884  -6.843 0.4000000060
50210  34.360  -25.972  -7.098 0.4000000060
51985  31.705  -24.752  -6.994 0.4000000060
51028  34.823  -25.466  -4.009 0.4000000060
51038  33.408  -25.341  -5.077 0.4000000060
51975  32.259  -24.815  -6.710 0.4000000060
51062  33.622  -24.860  -7.678 0.4000000060
51994  32.438  -24.852  -7.182 0.4000000060
51984  32.600  -24.693  -6.918 0.4000000060
51037  34.220  -25.082  -4.671 0.4000000060
51993  34.190  -24.455  -7.511 0.3000000119
51974  33.143  -24.615  -6.404 0.4000000060
51036  34.851  -24.805  -4.357 0.4000000060
51965  33.684  -24.750  -5.495 0.4000000060
114189  31.515  -45.327  -2.147 0.8000000119
33414  31.433  -45.447  -1.616 0.8999999762
32600  31.752  -46.328  -1.157 0.8999999762
34336  36.149  -44.428  0.961 0.8999999762
35259  35.696  -43.230  0.902 1.0000000000
33402  33.646  -45.407  -0.047 0.8999999762
34338  34.744  -44.696  0.362 0.8999999762
125527  34.645  -43.893  0.306 0.8999999762
121588  33.859  -43.972  0.087 0.8999999762
35260  34.857  -43.273  0.553 1.0000000000
123776  32.291  -44.818  -0.546 0.8999999762
118303  33.471  -42.993  0.194 0.8999999762
50193  32.190  -25.920  -5.051 0.4000000060
51030  33.056  -25.988  -4.666 0.4000000060
29389  37.562  -50.392  2.859 1.0000000000
28651  35.599  -51.234  0.444 0.8000000119
29355  33.680  -50.744  5.217 0.8999999762
30111  37.331  -49.263  4.115 1.0000000000
114388  36.773  -47.104  5.027 0.8999999762
30933  35.379  -48.530  0.603 0.8000000119
33378  37.905  -45.945  2.257 1.0000000000
32599  32.432  -46.201  -0.542 0.8999999762
31786  32.194  -47.145  -0.669 0.8000000119
32526  35.041  -46.494  5.722 0.8999999762
32528  33.534  -46.263  5.896 1.0000000000
34280  29.068  -44.339  5.936 0.4000000060
34328  36.654  -44.426  1.430 1.0000000000
33434  31.504  -46.248  -2.218 0.6999999881
35311  31.529  -43.494  -2.409 0.8000000119
34274  36.274  -44.396  5.645 0.8999999762
34367  31.259  -44.442  -1.618 0.8999999762
34264  33.696  -43.858  6.179 0.6999999881
34349  33.148  -44.546  -0.207 0.8999999762
36132  30.753  -42.310  -1.091 0.8999999762
36147  30.815  -42.515  -1.626 0.8999999762
36156  33.976  -42.806  -2.869 0.6999999881
126570  33.223  -41.986  -2.989 0.6999999881
36897  35.149  -40.890  1.556 1.0000000000
35261  34.140  -43.349  0.330 0.8999999762
36048  31.771  -42.622  6.561 0.5000000000
36914  30.385  -41.326  -0.158 0.8999999762
36886  39.273  -41.174  4.244 0.8999999762
37793  32.365  -40.386  -2.264 0.6999999881
37796  29.238  -40.711  -1.699 0.8999999762
38684  30.554  -40.245  -2.677 0.8000000119
36847  33.354  -41.852  6.539 0.6000000238
36866  35.107  -41.701  7.196 0.6000000238
37724  38.470  -40.627  5.477 0.6999999881
37722  39.427  -39.418  4.174 0.6999999881
38611  39.279  -39.267  3.593 0.6999999881
39534  34.738  -38.976  1.764 1.0000000000
109488  31.350  -39.527  0.660 1.0000000000
37777  28.580  -40.191  -1.400 0.8999999762
37710  34.618  -40.899  7.391 0.6000000238
37688  33.406  -40.968  6.594 0.5000000000
39533  35.595  -38.564  1.715 0.8999999762
120008  34.072  -39.979  7.554 0.5000000000
39557  28.143  -39.032  0.204 0.8999999762
39511  36.516  -38.924  6.509 0.6000000238
39512  35.606  -38.628  6.956 0.5000000000
40409  38.538  -37.840  5.307 0.6999999881
41237  32.926  -37.488  0.729 0.8999999762
41251  34.219  -36.794  0.530 0.8000000119
40410  37.601  -37.689  5.750 0.6999999881
42194  38.463  -35.934  1.788 0.6999999881
41254  30.995  -36.188  0.215 0.8999999762
41302  29.004  -36.264  -2.447 0.8000000119
41304  27.416  -35.948  -1.979 0.8000000119
42193  39.517  -34.984  3.209 0.6999999881
43101  35.535  -34.438  -0.480 0.8000000119
43958  27.454  -34.201  -0.839 0.8999999762
43079  39.517  -34.332  2.717 0.6999999881
43969  30.422  -33.703  -1.107 0.8999999762
118039  28.460  -33.653  -3.459 0.6999999881
44861  29.203  -32.535  -1.387 0.8999999762
117640  27.512  -31.041  -3.021 0.6999999881
45765  28.444  -31.444  -4.073 0.6000000238
46613  27.958  -30.507  -3.794 0.6000000238
47439  28.071  -29.409  -2.991 0.8000000119
47462  28.408  -29.021  -4.243 0.6000000238
116199  29.701  -29.065  -3.042 0.6999999881
48342  30.377  -28.327  -4.824 0.6000000238
46632  31.672  -29.782  -5.308 0.6000000238
51029  34.042  -25.826  -4.333 0.4000000060
118151  32.588  -25.529  -5.444 0.4000000060
51983  33.729  -24.297  -6.828 0.4000000060
33404  31.936  -45.474  -0.846 0.8999999762
118322  34.451  -60.211  4.424 0.4000000060
118310  33.507  -58.974  4.490 0.4000000060
114653  32.930  -59.595  4.202 0.4000000060
23170  35.441  -57.991  4.075 0.4000000060
23172  33.578  -58.272  4.457 0.4000000060
23173  32.667  -58.630  4.106 0.4000000060
23999  35.699  -57.066  3.896 0.3000000119
24000  34.755  -57.270  4.345 0.4000000060
24826  36.554  -56.186  2.877 0.4000000060
25628  36.708  -55.689  2.118 0.4000000060
120392  36.526  -54.924  1.369 0.4000000060
26441  35.966  -54.257  0.422 0.4000000060
24817  34.000  -56.591  4.325 0.5000000000
24002  32.868  -57.746  4.115 0.4000000060
24816  35.117  -56.468  4.168 0.4000000060
24001  33.772  -57.486  4.393 0.4000000060
24814  36.361  -55.400  3.199 0.5000000000
25620  36.629  -55.099  2.472 0.4000000060
26436  36.442  -54.133  1.249 0.4000000060
27218  36.108  -53.537  0.670 0.5000000000
27949  35.495  -52.840  0.190 0.5000000000
27224  35.194  -53.629  -0.007 0.6000000238
116899  34.625  -53.067  -0.170 0.5000000000
27950  33.778  -52.908  -0.343 0.6000000238
27951  32.889  -52.583  -0.472 0.4000000060
117784  33.136  -57.054  4.001 0.5000000000
24818  32.928  -56.341  3.958 0.5000000000
117582  32.032  -57.087  3.886 0.5000000000
24003  30.852  -57.082  3.616 0.5000000000
125928  35.318  -55.822  3.939 0.6000000238
118830  34.581  -55.838  4.158 0.6000000238
25608  35.757  -55.314  3.693 0.5000000000
26430  36.576  -54.560  2.980 0.5000000000
26435  36.727  -54.360  2.052 0.4000000060
116618  34.670  -52.246  -0.146 0.6000000238
28661  34.192  -51.509  -0.175 0.6000000238
124782  33.722  -50.979  -0.216 0.6000000238
118366  33.761  -52.166  -0.314 0.6000000238
28662  33.235  -51.644  -0.333 0.6000000238
28663  32.379  -51.756  -0.557 0.6000000238
25610  33.645  -55.764  4.050 0.5000000000
25611  32.721  -55.478  3.905 0.5000000000
117975  32.026  -56.122  3.864 0.5000000000
24819  31.300  -56.505  3.902 0.5000000000
25609  35.040  -55.226  3.991 0.6000000238
118890  34.198  -55.184  3.966 0.6000000238
26418  36.114  -54.612  3.536 0.6000000238
26419  35.486  -54.577  3.913 0.6000000238
27211  36.785  -53.802  2.569 0.5000000000
27201  36.024  -53.814  3.993 0.6000000238
27940  37.116  -53.034  2.004 0.6000000238
28660  34.990  -51.342  0.162 0.6000000238
118663  32.792  -50.850  -0.390 0.6000000238
29417  32.037  -50.314  -0.724 0.6999999881
117842  31.865  -55.460  3.944 0.5000000000
25612  31.196  -55.859  4.001 0.5000000000
26420  34.663  -54.612  4.134 0.6000000238
128999  33.444  -55.142  3.911 0.6000000238
26423  31.194  -55.036  4.196 0.5000000000
25613  30.294  -55.526  3.968 0.5000000000
26406  35.114  -53.938  4.276 0.6000000238
29416  32.865  -49.827  -0.453 0.6999999881
26408  33.336  -54.149  4.434 0.6000000238
26422  32.152  -54.839  4.034 0.6000000238
26407  34.216  -54.046  4.437 0.6000000238
27190  32.815  -53.568  4.682 0.6000000238
122776  31.673  -54.306  4.511 0.6000000238
26410  30.797  -54.238  4.590 0.6000000238
119109  29.812  -54.846  3.998 0.6000000238
27189  33.717  -53.441  4.671 0.6000000238
26425  29.059  -54.494  3.783 0.5000000000
27187  35.485  -53.224  4.386 0.6000000238
30166  31.892  -49.344  -0.709 0.6999999881
27191  31.374  -53.579  4.732 0.6000000238
27902  34.110  -52.717  4.789 0.6000000238
27903  33.170  -52.814  4.836 0.6000000238
127532  32.089  -53.741  4.681 0.6000000238
27192  30.536  -53.454  4.651 0.6000000238
26411  29.888  -54.125  4.426 0.6000000238
27188  34.617  -53.314  4.558 0.6000000238
27193  29.865  -53.305  4.447 0.6000000238
130127  35.725  -52.739  4.441 0.6000000238
27899  36.761  -52.531  3.832 0.6000000238
31787  31.699  -47.914  -0.856 0.6999999881
27901  35.080  -52.551  4.643 0.6000000238
28610  32.685  -52.132  4.986 0.6999999881
27904  31.130  -52.760  4.809 0.6999999881
119200  34.418  -52.077  4.864 0.6999999881
120375  33.619  -52.105  4.964 0.6999999881
122525  32.287  -51.409  5.092 0.6999999881
119533  31.747  -52.067  4.929 0.6999999881
27905  30.284  -52.677  4.605 0.6999999881
28612  29.875  -51.996  4.433 0.6000000238
27916  29.548  -52.697  4.228 0.5000000000
33420  31.347  -45.931  -1.934 0.8000000119
28608  34.122  -51.456  5.066 0.6999999881
28609  33.200  -51.438  5.150 0.6999999881
28611  31.509  -51.354  4.992 0.6999999881
29379  29.278  -51.440  4.065 0.5000000000
113049  30.854  -50.794  5.094 0.6999999881
110917  29.983  -51.237  4.716 0.6000000238
43986  32.619  -33.191  -1.281 0.6999999881
43094  35.991  -35.170  0.043 0.6999999881
43965  34.861  -33.764  -0.791 0.6999999881
43092  37.692  -34.373  0.671 0.6000000238
43984  34.357  -33.175  -1.142 0.6999999881
43985  33.495  -33.202  -1.237 0.6999999881
43987  31.766  -33.141  -1.287 0.6999999881
44878  31.334  -32.419  -1.517 0.6999999881
43950  38.597  -33.779  1.210 0.6000000238
43956  37.178  -34.093  0.044 0.6000000238
128132  36.050  -34.015  -0.490 0.6999999881
121027  35.041  -33.126  -1.000 0.6999999881
43946  39.138  -32.854  1.816 0.6000000238
44876  33.030  -32.477  -1.513 0.6999999881
44877  32.175  -32.476  -1.565 0.6999999881
46576  31.271  -31.092  -1.996 0.6999999881
43955  37.860  -33.514  0.515 0.6000000238
124134  37.908  -32.774  0.347 0.6000000238
44856  36.873  -32.175  -0.544 0.6000000238
44858  35.541  -32.672  -1.046 0.6999999881
44875  33.912  -32.476  -1.393 0.6999999881
45728  33.473  -31.673  -1.686 0.6999999881
115384  32.897  -31.208  -1.926 0.6999999881
46575  32.128  -30.979  -2.072 0.6999999881
43954  38.506  -32.870  0.942 0.6000000238
44849  38.314  -32.138  0.597 0.6000000238
45710  37.314  -31.448  -0.424 0.5000000000
45712  36.145  -32.058  -1.090 0.6000000238
45726  34.964  -31.071  -1.540 0.5000000000
46573  34.146  -31.017  -1.805 0.6999999881
47416  33.783  -30.305  -2.262 0.6999999881
46596  32.173  -30.048  -2.676 0.6999999881
51053  36.396  -25.325  -7.684 0.3000000119
128720  35.605  -25.141  -7.965 0.3000000119
51055  33.202  -25.358  -7.510 0.3000000119
22411  34.016  -59.590  4.576 0.4000000060
21653  32.684  -60.430  4.200 0.3000000119
20905  31.786  -60.779  3.925 0.4000000060
116315  35.343  -58.857  4.079 0.3000000119
22412  32.103  -59.254  3.715 0.4000000060
24008  36.511  -57.033  2.536 0.4000000060
23174  31.730  -58.611  3.589 0.4000000060
24836  36.663  -56.420  1.876 0.4000000060
25629  36.429  -55.784  1.128 0.4000000060
25634  35.778  -55.165  0.240 0.4000000060
26443  33.765  -54.392  -0.585 0.4000000060
24010  31.273  -57.866  3.573 0.4000000060
24011  30.379  -57.754  2.877 0.5000000000
120443  32.002  -51.107  -0.693 0.6000000238
24828  30.082  -56.833  3.022 0.5000000000
24821  29.749  -56.131  3.343 0.5000000000
24829  29.229  -56.677  2.742 0.5000000000
25614  29.366  -55.387  3.662 0.5000000000
25615  28.483  -55.222  3.375 0.4000000060
30957  31.336  -48.627  -1.021 0.6999999881
27202  29.149  -53.465  3.950 0.5000000000
119447  31.348  -47.169  -1.446 0.6999999881
27917  28.860  -52.589  3.683 0.5000000000
32617  31.145  -46.837  -2.142 0.8000000119
27930  28.238  -52.323  2.958 0.5000000000
29359  29.308  -50.675  4.309 0.6000000238
41224  38.697  -36.537  4.887 0.6000000238
45702  38.100  -31.439  0.134 0.5000000000
46556  36.810  -30.674  -0.818 0.5000000000
46557  35.921  -31.123  -1.316 0.5000000000
124280  35.294  -29.900  -1.630 0.5000000000
47415  34.902  -29.426  -1.996 0.5000000000
47433  34.249  -28.898  -2.576 0.5000000000
51991  36.748  -24.611  -8.301 0.3000000119
51992  35.793  -24.680  -8.198 0.3000000119
51061  34.798  -24.879  -8.019 0.3000000119
27186  36.189  -52.985  4.213 0.6000000238
29357  31.860  -50.730  5.238 0.8000000119
30948  32.120  -48.478  -0.552 0.6999999881
43100  36.413  -34.468  -0.208 0.6999999881
45730  30.753  -31.665  -1.726 0.6999999881
120797  33.247  -28.760  -2.980 0.6000000238
122829  34.241  -25.288  -7.705 0.3000000119
112708  31.339  -46.375  -1.761 0.8000000119
32628  31.423  -46.917  -2.456 0.6999999881
43964  35.676  -33.485  -0.702 0.6999999881
23171  34.387  -58.829  4.518 0.4000000060
24009  36.239  -57.589  3.273 0.3000000119
24815  35.929  -56.181  3.628 0.5000000000
111317  32.075  -57.993  3.916 0.5000000000
26442  34.830  -54.409  -0.178 0.3000000119
26444  33.000  -53.895  -0.595 0.4000000060
23182  30.985  -58.597  2.923 0.5000000000
28627  29.260  -52.096  3.988 0.6000000238
122762  31.714  -31.743  -1.779 0.6999999881
43963  36.488  -33.678  -0.438 0.6999999881
44850  37.235  -33.085  -0.202 0.6000000238
44857  36.325  -32.858  -0.687 0.6999999881
45713  35.308  -31.883  -1.354 0.6999999881
119788  37.649  -32.186  -0.069 0.6000000238
45727  34.424  -31.771  -1.494 0.6999999881
125860  33.438  -30.975  -1.968 0.6999999881
46574  32.933  -30.622  -2.292 0.6999999881
46544  37.796  -30.698  -0.261 0.5000000000
45711  36.597  -31.476  -0.821 0.5000000000
119052  34.673  -30.245  -1.794 0.5000000000
47434  33.593  -29.448  -2.605 0.6999999881
45701  38.677  -31.352  1.061 0.5000000000
124610  36.782  -29.932  -1.053 0.5000000000
46571  36.052  -30.126  -1.400 0.5000000000
48298  35.251  -28.574  -2.259 0.5000000000
31806  30.841  -47.482  -2.152 0.6000000238
33432  32.914  -46.009  -2.702 0.5000000000
122742  31.749  -47.104  -2.780 0.6000000238
32627  32.017  -46.494  -2.590 0.6000000238
109156  34.907  -45.453  -2.772 0.5000000000
33431  33.919  -45.610  -2.780 0.5000000000
33433  32.163  -45.634  -2.454 0.6000000238
130749  28.760  -48.820  4.797 0.5000000000
34376  35.309  -44.709  -2.626 0.5000000000
34377  34.314  -44.659  -2.749 0.5000000000
35307  35.477  -44.222  -2.305 0.5000000000
30891  28.415  -48.201  4.826 0.4000000060
30921  27.968  -48.582  3.126 0.4000000060
30906  27.781  -47.869  3.901 0.4000000060
115293  34.856  -44.113  -2.639 0.5000000000
35306  36.465  -44.379  -2.099 0.5000000000
31730  27.511  -46.906  4.004 0.4000000060
36144  36.379  -43.056  -1.070 0.5000000000
35294  35.643  -43.593  -1.766 0.5000000000
32546  27.266  -46.074  4.101 0.4000000060
36049  30.684  -42.561  6.530 0.4000000060
35200  30.079  -43.176  6.410 0.4000000060
122431  29.126  -43.006  6.248 0.4000000060
35212  28.697  -43.538  5.976 0.3000000119
130393  33.540  -39.375  6.810 0.4000000060
124519  32.020  -41.871  6.606 0.4000000060
36849  31.257  -41.848  6.628 0.4000000060
38595  33.983  -38.987  7.362 0.4000000060
121705  31.847  -41.168  6.668 0.4000000060
37690  31.706  -40.189  6.853 0.4000000060
36050  29.679  -42.460  6.503 0.4000000060
38573  33.412  -40.108  6.719 0.4000000060
37689  32.605  -40.581  6.712 0.4000000060
39513  34.686  -38.347  7.126 0.4000000060
39496  33.287  -38.667  6.889 0.4000000060
38574  32.745  -39.517  6.882 0.4000000060
125264  31.903  -39.286  7.091 0.4000000060
38575  31.141  -39.500  7.097 0.4000000060
36850  30.305  -41.833  6.651 0.4000000060
125064  30.081  -40.545  6.798 0.4000000060
36851  29.389  -41.791  6.633 0.4000000060
39525  37.032  -38.328  5.944 0.4000000060
40401  34.528  -37.410  7.028 0.4000000060
39514  33.916  -38.067  6.839 0.4000000060
40399  36.517  -37.102  6.429 0.4000000060
112014  36.255  -37.915  6.567 0.4000000060
40400  35.379  -37.691  6.987 0.4000000060
39515  33.093  -37.854  6.899 0.4000000060
39497  32.337  -38.490  7.184 0.4000000060
39498  31.458  -38.706  7.461 0.4000000060
38576  30.274  -39.686  6.974 0.4000000060
115495  38.085  -36.869  5.589 0.5000000000
41226  36.792  -36.438  6.428 0.5000000000
116202  35.138  -36.804  6.815 0.4000000060
40402  33.708  -37.268  6.812 0.4000000060
111583  31.701  -38.026  7.565 0.4000000060
41225  37.478  -35.911  6.218 0.5000000000
119344  36.042  -36.572  6.534 0.4000000060
114361  34.216  -36.570  7.056 0.4000000060
112742  33.261  -36.516  6.834 0.4000000060
41215  35.420  -36.058  6.376 0.4000000060
41216  34.587  -36.068  6.568 0.4000000060
125103  33.878  -35.953  6.781 0.4000000060
42162  36.237  -34.685  6.313 0.4000000060
43051  35.433  -34.290  6.135 0.4000000060
43052  34.823  -34.906  5.782 0.4000000060
129886  34.259  -34.460  5.676 0.4000000060
124175  37.818  -34.432  5.531 0.5000000000
43063  37.042  -34.383  5.924 0.4000000060
43065  34.856  -34.084  5.540 0.4000000060
43053  33.541  -34.373  5.747 0.3000000119
130489  39.447  -34.904  4.020 0.5000000000
42180  37.128  -35.050  6.323 0.5000000000
41214  36.395  -35.671  6.471 0.4000000060
120479  35.481  -35.157  6.290 0.4000000060
42163  34.882  -35.618  5.990 0.4000000060
42164  34.074  -35.267  6.067 0.4000000060
43062  38.132  -34.164  4.742 0.5000000000
43930  37.093  -33.805  4.917 0.5000000000
118152  36.140  -34.150  5.962 0.4000000060
43064  35.669  -33.758  5.370 0.4000000060
43066  34.081  -33.640  5.451 0.3000000119
43072  38.826  -33.618  4.281 0.5000000000
43931  36.433  -33.714  5.525 0.4000000060
43932  35.855  -33.380  4.880 0.4000000060
117498  35.054  -33.442  5.068 0.4000000060
43934  33.522  -32.945  5.277 0.3000000119
43915  33.103  -33.540  5.564 0.3000000119
43940  38.227  -32.797  4.346 0.5000000000
110515  38.956  -32.906  3.925 0.4000000060
44834  39.354  -32.744  3.032 0.5000000000
44837  35.934  -32.152  5.007 0.3000000119
43942  36.306  -32.907  5.379 0.4000000060
44824  35.281  -32.781  4.699 0.4000000060
43933  34.313  -32.878  4.950 0.3000000119
44826  32.686  -32.682  5.278 0.3000000119
43941  37.068  -32.929  4.672 0.3000000119
44835  38.605  -32.076  3.784 0.4000000060
44846  38.883  -32.090  1.470 0.4000000060
45684  35.754  -32.038  4.605 0.3000000119
44838  36.202  -32.168  5.300 0.3000000119
119488  33.413  -32.204  4.801 0.3000000119
44810  31.632  -32.490  5.155 0.3000000119
45665  32.817  -31.452  4.316 0.3000000119
115947  32.279  -31.966  4.666 0.3000000119
44827  31.419  -31.806  4.467 0.3000000119
44836  37.335  -32.105  4.344 0.3000000119
45681  38.651  -31.243  3.189 0.3000000119
45697  39.057  -31.249  2.097 0.4000000060
46543  38.489  -30.621  0.547 0.4000000060
46572  35.361  -30.475  -1.516 0.4000000060
131074  30.953  -32.154  4.681 0.3000000119
45683  36.453  -31.611  4.217 0.3000000119
45682  37.675  -31.351  3.958 0.3000000119
46539  38.904  -30.491  1.630 0.4000000060
47390  38.708  -29.694  1.100 0.3000000119
47401  37.405  -29.975  -0.521 0.4000000060
47412  37.194  -29.357  -0.997 0.4000000060
48296  36.869  -28.812  -1.362 0.4000000060
47414  35.650  -29.319  -1.690 0.4000000060
47399  38.550  -29.106  0.327 0.3000000119
48283  37.543  -28.638  -0.969 0.4000000060
48297  36.144  -28.632  -1.710 0.4000000060
49304  35.965  -27.834  -2.150 0.4000000060
49315  35.230  -27.665  -2.742 0.4000000060
48309  34.542  -28.128  -2.905 0.4000000060
48310  33.787  -28.321  -3.082 0.5000000000
120597  38.891  -28.894  1.116 0.3000000119
48271  38.815  -28.303  0.669 0.3000000119
48282  38.297  -28.467  -0.267 0.3000000119
121126  37.867  -27.837  -0.905 0.4000000060
117635  37.372  -27.140  -1.385 0.4000000060
49303  36.908  -28.001  -1.550 0.4000000060
117371  36.522  -27.100  -1.982 0.3000000119
49314  35.750  -27.000  -2.574 0.4000000060
128898  34.657  -27.507  -3.186 0.3000000119
49316  33.948  -27.761  -3.405 0.3000000119
49317  32.919  -28.104  -3.580 0.4000000060
49326  34.313  -27.088  -3.594 0.3000000119
48264  38.842  -28.207  1.685 0.3000000119
49288  38.611  -27.531  0.078 0.3000000119
49289  38.087  -27.119  -0.738 0.3000000119
50168  37.009  -26.387  -1.778 0.3000000119
50174  36.212  -26.309  -2.336 0.3000000119
50175  35.466  -26.240  -2.874 0.3000000119
50176  35.066  -26.936  -3.125 0.3000000119
113862  38.964  -27.554  1.076 0.3000000119
50155  38.564  -26.652  -0.111 0.3000000119
50167  37.893  -26.386  -1.034 0.3000000119
115566  37.427  -25.788  -1.518 0.3000000119
51016  36.685  -25.596  -2.120 0.3000000119
129233  36.250  -25.262  -2.520 0.3000000119
51021  35.345  -25.579  -3.233 0.3000000119
50183  34.687  -26.231  -3.531 0.3000000119
51948  35.944  -24.988  -2.996 0.3000000119
116371  35.442  -24.973  -3.858 0.3000000119
112563  38.174  -35.849  5.443 0.5000000000
31798  30.957  -48.020  -1.540 0.6000000238
30965  30.722  -48.166  -2.368 0.5000000000
31818  31.135  -47.504  -2.662 0.5000000000
31816  32.724  -46.886  -2.833 0.5000000000
31817  32.028  -47.728  -3.086 0.5000000000
33430  35.839  -45.445  -2.801 0.5000000000
108160  34.832  -47.061  -2.550 0.5000000000
108668  33.568  -46.347  -2.777 0.5000000000
29340  30.483  -49.883  5.395 0.6000000238
117689  29.281  -49.944  4.709 0.6000000238
29360  28.867  -50.014  3.821 0.5000000000
116592  28.321  -49.970  2.948 0.5000000000
111491  28.274  -48.728  4.177 0.5000000000
30907  27.486  -47.865  2.611 0.4000000060
31744  27.288  -47.162  3.002 0.4000000060
32561  26.980  -46.411  3.160 0.4000000060
35201  28.430  -42.958  6.090 0.3000000119
37692  29.261  -41.050  6.804 0.4000000060
40403  32.962  -37.200  6.885 0.4000000060
110230  30.620  -38.854  7.414 0.4000000060
39500  30.119  -38.105  7.452 0.4000000060
40389  32.282  -37.483  7.271 0.4000000060
40390  31.407  -37.360  7.609 0.4000000060
121136  31.035  -36.758  7.427 0.4000000060
42165  33.197  -35.578  6.625 0.4000000060
118477  33.161  -34.930  6.093 0.4000000060
43916  32.169  -33.386  5.655 0.3000000119
43917  31.224  -33.351  5.659 0.3000000119
109399  36.168  -44.812  -2.513 0.5000000000
108251  29.237  -40.021  6.928 0.4000000060
38577  29.700  -38.999  7.210 0.4000000060
41217  32.548  -36.795  6.922 0.4000000060
118187  31.791  -36.615  7.147 0.4000000060
33351  27.113  -45.240  4.197 0.4000000060
109723  33.172  -45.087  -2.646 0.5000000000
38594  34.786  -39.347  7.230 0.4000000060
42177  39.032  -35.336  4.342 0.5000000000
43061  38.919  -34.544  4.368 0.5000000000
46555  38.353  -29.927  -0.035 0.4000000060
32626  34.428  -46.281  -2.771 0.5000000000
32625  35.375  -46.265  -2.740 0.5000000000
115166  30.870  -41.008  6.703 0.4000000060
37691  30.826  -40.202  6.875 0.4000000060
127947  29.984  -41.257  6.719 0.4000000060
40411  37.285  -36.936  6.247 0.5000000000
130320  35.882  -37.213  6.720 0.4000000060
39499  30.992  -38.066  7.671 0.4000000060
42178  38.282  -35.038  4.964 0.5000000000
42179  37.930  -34.958  6.080 0.5000000000
43073  37.930  -33.449  4.604 0.5000000000
44843  39.147  -31.998  2.585 0.4000000060
47400  37.958  -29.265  -0.464 0.4000000060
46514  36.936  -30.853  3.876 0.3000000119
49259  38.957  -26.747  0.882 0.3000000119
127147  38.534  -25.950  -0.252 0.3000000119
51956  35.941  -24.325  -3.772 0.3000000119
26426  28.144  -54.466  3.290 0.4000000060
27203  27.884  -53.731  2.944 0.4000000060
27213  27.446  -53.592  1.973 0.4000000060
27212  27.847  -52.925  2.456 0.3000000119
27931  27.865  -52.076  1.903 0.3000000119
28670  31.579  -51.759  -1.123 0.5000000000
29380  28.646  -50.826  3.345 0.5000000000
28639  28.153  -51.397  2.455 0.3000000119
29423  31.436  -50.802  -1.278 0.5000000000
30181  30.718  -49.541  -1.948 0.5000000000
29432  30.826  -50.395  -1.958 0.5000000000
130815  31.087  -49.252  -1.319 0.5000000000
29442  30.859  -49.897  -2.500 0.3000000119
126601  30.688  -48.786  -1.799 0.5000000000
30193  30.768  -48.994  -2.469 0.4000000060
30977  31.112  -48.372  -2.968 0.4000000060
30191  32.303  -49.579  -3.254 0.3000000119
30192  31.211  -49.318  -3.004 0.3000000119
30976  32.062  -48.703  -3.213 0.3000000119
115845  33.961  -48.816  -2.959 0.3000000119
127966  33.020  -48.990  -3.223 0.3000000119
30975  33.085  -48.258  -3.138 0.4000000060
31774  27.100  -47.837  1.708 0.3000000119
30974  34.203  -47.882  -2.690 0.4000000060
128266  33.193  -47.525  -2.990 0.4000000060
125718  27.092  -47.335  2.163 0.3000000119
36051  28.689  -42.380  6.369 0.3000000119
36852  28.593  -41.667  6.654 0.3000000119
37693  28.447  -40.847  6.907 0.3000000119
39481  29.194  -38.185  7.142 0.3000000119
40391  30.585  -37.302  7.519 0.3000000119
40382  29.571  -37.194  7.275 0.3000000119
39482  28.339  -38.280  6.993 0.3000000119
41218  32.452  -36.026  6.815 0.3000000119
42138  31.597  -35.717  6.821 0.3000000119
41204  31.077  -36.245  6.999 0.3000000119
113082  30.299  -36.399  7.172 0.3000000119
113551  32.300  -35.052  6.471 0.3000000119
42139  30.723  -35.587  6.842 0.3000000119
43036  31.248  -34.868  6.555 0.3000000119
43037  30.320  -34.788  6.598 0.3000000119
42140  29.833  -35.547  6.848 0.3000000119
43054  32.668  -34.248  5.926 0.3000000119
43055  31.739  -34.145  6.117 0.3000000119
27228  32.131  -52.524  -0.801 0.5000000000
31815  33.836  -46.994  -2.756 0.4000000060
32575  26.753  -46.781  2.334 0.3000000119
29391  28.098  -50.490  2.287 0.3000000119
120419  27.954  -49.771  2.087 0.3000000119
30922  27.585  -48.484  2.042 0.3000000119
22419  30.603  -59.372  2.609 0.4000000060
124222  29.869  -59.461  2.162 0.4000000060
23183  30.137  -58.684  2.428 0.4000000060
22428  28.365  -59.484  1.318 0.4000000060
23189  28.323  -58.555  1.413 0.3000000119
23184  29.690  -58.098  2.219 0.4000000060
24017  28.998  -57.962  1.862 0.4000000060
24013  28.673  -57.287  2.154 0.4000000060
27225  33.930  -53.743  -0.309 0.3000000119
24012  29.530  -57.425  2.435 0.4000000060
24838  27.629  -57.133  1.852 0.3000000119
24831  27.274  -56.295  2.181 0.3000000119
24830  28.206  -56.587  2.580 0.4000000060
25623  27.089  -55.337  2.255 0.3000000119
111422  26.896  -55.883  1.488 0.3000000119
26431  27.056  -54.316  1.499 0.3000000119
26427  27.451  -54.435  2.614 0.3000000119
22427  29.232  -60.148  1.730 0.4000000060
22420  29.211  -58.914  1.896 0.4000000060
26437  26.708  -54.109  0.553 0.3000000119
21652  33.629  -60.256  4.474 0.4000000060
22418  31.413  -59.329  3.117 0.3000000119
24820  30.519  -56.349  3.720 0.5000000000
24827  36.244  -56.829  3.322 0.4000000060
25616  27.701  -55.071  3.024 0.3000000119
25621  28.833  -55.965  3.124 0.5000000000
25622  27.829  -55.814  2.916 0.3000000119
26409  32.502  -54.256  4.421 0.6000000238
26421  33.799  -54.668  4.098 0.6000000238
26424  30.370  -54.778  4.293 0.6000000238
27217  36.691  -53.608  1.565 0.4000000060
27226  33.080  -53.392  -0.499 0.4000000060
28628  28.700  -51.779  3.440 0.5000000000
29338  32.347  -50.004  5.445 0.8000000119
29358  29.878  -50.438  5.054 0.6000000238
30115  34.109  -50.001  5.152 0.8999999762
30118  28.778  -49.370  4.381 0.5000000000
30134  28.346  -49.340  3.539 0.5000000000
30144  28.023  -49.213  2.518 0.3000000119
30173  31.369  -49.928  -1.331 0.5000000000
31711  33.619  -47.175  5.770 0.8999999762
31713  31.882  -47.633  5.767 0.8000000119
31724  38.062  -46.769  3.993 1.0000000000
32530  30.183  -46.828  5.762 0.6999999881
33333  35.008  -45.201  5.809 0.8999999762
33403  32.788  -45.394  -0.384 0.8999999762
34265  32.908  -44.121  6.252 0.6000000238
35309  33.518  -43.385  -3.063 0.6000000238
36159  31.590  -42.231  -2.758 0.8000000119
36848  32.629  -41.460  6.608 0.4000000060
36947  30.399  -41.948  -1.641 0.8999999762
37760  28.615  -40.035  -0.918 0.8999999762
38643  28.327  -39.482  -0.401 0.8999999762
38658  28.068  -39.711  -0.991 0.8999999762
38674  29.753  -39.834  -2.477 0.8000000119
39536  32.823  -38.728  0.890 1.0000000000
39549  28.906  -38.898  0.419 0.8999999762
39558  27.649  -38.518  0.025 0.8999999762
39568  27.213  -37.750  -0.370 0.8999999762
40441  28.283  -37.967  0.412 1.0000000000
40452  27.257  -37.529  -0.148 0.8999999762
40474  30.715  -37.540  -1.635 0.6999999881
41236  33.693  -37.416  0.710 0.8000000119
41241  28.575  -37.346  0.481 1.0000000000
41256  28.035  -36.601  0.198 0.8999999762
41267  26.973  -36.658  -0.768 0.8999999762
41303  28.055  -36.223  -2.323 0.8000000119
42211  27.358  -34.557  -0.891 0.8999999762
42233  27.213  -35.063  -1.491 0.8000000119
42252  28.735  -35.655  -2.567 0.6999999881
42255  27.126  -34.758  -2.026 0.8000000119
43104  32.615  -34.755  -0.634 0.8000000119
43141  27.944  -34.619  -2.585 0.6999999881
43142  27.165  -34.360  -2.367 0.8000000119
43957  28.160  -34.539  -0.798 0.8999999762
43959  26.967  -33.926  -0.858 0.8000000119
43973  26.844  -33.479  -1.127 0.8000000119
43989  26.637  -33.204  -2.161 0.8000000119
44859  34.764  -32.528  -1.254 0.6999999881
44862  27.637  -32.889  -1.156 0.8999999762
44864  26.809  -32.955  -1.659 0.8000000119
44909  27.369  -31.951  -3.132 0.8000000119
45716  26.975  -32.258  -1.831 0.8000000119
45729  32.563  -31.767  -1.756 0.6999999881
46595  33.083  -29.965  -2.633 0.6999999881
46614  27.760  -30.125  -3.285 0.6999999881
46631  32.479  -30.101  -5.098 0.5000000000
46633  30.690  -29.327  -5.219 0.6000000238
47413  36.454  -29.365  -1.383 0.4000000060
47418  28.547  -29.804  -2.422 0.8000000119
47419  27.975  -30.069  -2.634 0.8000000119
47435  32.680  -29.284  -2.887 0.6000000238
47440  27.785  -30.014  -2.967 0.6999999881
48330  30.419  -28.288  -4.513 0.6000000238
49328  32.227  -27.527  -4.101 0.6000000238
49329  31.343  -27.744  -4.134 0.6000000238
49330  30.970  -27.946  -4.030 0.6000000238
50115  38.912  -26.188  1.015 0.3000000119
50202  31.111  -26.009  -5.892 0.6000000238
50212  32.560  -26.227  -6.916 0.5000000000
50218  32.578  -25.618  -7.292 0.4000000060
51020  35.946  -25.644  -2.673 0.3000000119
51040  31.283  -25.732  -5.901 0.5000000000
51995  31.571  -24.789  -7.114 0.4000000060
109476  36.368  -48.232  4.904 0.8999999762
109789  28.688  -32.974  -3.663 0.6000000238
110436  33.086  -46.696  -0.249 0.8999999762
110823  33.243  -24.624  -7.218 0.3000000119
111935  30.815  -34.554  -3.593 0.6000000238
113238  34.083  -48.772  5.469 0.8999999762
115912  33.374  -39.029  1.290 1.0000000000
116457  34.438  -58.038  4.436 0.4000000060
116694  36.428  -53.994  3.367 0.6000000238
117091  28.495  -35.937  0.137 1.0000000000
118186  31.195  -25.223  -6.826 0.6000000238
119001  32.132  -52.953  4.856 0.6999999881
120585  26.878  -33.741  -2.451 0.8000000119
120770  28.354  -53.146  3.313 0.4000000060
121175  31.311  -33.793  -1.002 0.8999999762
122777  32.978  -54.730  3.980 0.6000000238
125722  28.486  -53.859  3.527 0.5000000000
125752  30.775  -51.837  4.817 0.6999999881
125969  30.825  -27.628  -4.598 0.6000000238
126519  31.941  -39.370  0.696 1.0000000000
126520  37.621  -48.572  4.157 1.0000000000
126685  30.086  -38.204  -1.988 0.6999999881
126918  34.276  -29.664  -2.259 0.6999999881
127375  27.107  -31.812  -2.556 0.8000000119
128180  27.352  -38.036  -0.121 0.8999999762
129964  34.885  -58.427  4.349 0.4000000060
130024  34.330  -40.343  1.650 1.0000000000
130102  36.761  -37.541  5.964 0.5000000000
130327  32.910  -43.244  -3.161 0.8000000119
130715  36.588  -55.613  2.744 0.4000000060
131065  27.064  -31.825  -2.186 0.8000000119
