#!ascii label  , from subject Paciente_3 vox2ras=TkReg
1362
24035  43.077  -57.273  -0.346 0.6000000238
24050  43.612  -57.928  -0.797 0.5000000000
26450  43.415  -54.725  -0.224 0.6999999881
26451  42.463  -54.985  -0.361 0.6000000238
27236  42.743  -53.200  -0.343 0.6000000238
24856  43.461  -56.399  -0.356 0.6999999881
24857  42.606  -56.507  -0.288 0.6000000238
25644  42.204  -55.824  -0.391 0.5000000000
26452  41.856  -55.299  -0.827 0.5000000000
112895  42.037  -54.386  -0.913 0.6000000238
27237  42.281  -53.484  -0.754 0.6000000238
24034  43.950  -57.036  -0.641 0.5000000000
130085  42.029  -53.726  -1.335 0.6000000238
22454  43.845  -59.474  -1.864 0.5000000000
22467  44.209  -60.116  -2.277 0.5000000000
27956  44.012  -52.285  -0.369 0.6000000238
28668  43.496  -51.579  -0.421 0.6999999881
26457  44.553  -54.997  -0.522 0.6000000238
27244  44.332  -53.934  -0.383 0.6999999881
27235  43.671  -53.087  -0.259 0.6000000238
24855  44.219  -56.334  -0.557 0.6000000238
25642  43.928  -55.664  -0.378 0.6999999881
27958  42.461  -52.510  -0.798 0.6000000238
24049  44.479  -57.595  -1.114 0.5000000000
24867  44.746  -56.758  -0.902 0.5000000000
28675  42.418  -51.573  -1.059 0.6000000238
23215  44.198  -58.556  -1.402 0.5000000000
27964  42.309  -52.258  -1.569 0.6000000238
23214  45.019  -58.168  -1.688 0.5000000000
28680  42.413  -51.421  -2.097 0.6000000238
29436  42.501  -50.528  -2.419 0.6999999881
119772  42.642  -49.732  -2.989 0.6999999881
115741  42.636  -51.014  -3.088 0.6000000238
29447  42.875  -50.412  -3.633 0.6000000238
29455  43.423  -50.438  -4.768 0.6000000238
30197  43.184  -49.680  -4.273 0.6000000238
31847  42.121  -47.751  -6.338 0.5000000000
32660  41.225  -46.425  -6.494 0.6999999881
113369  41.575  -47.664  -6.400 0.6000000238
32661  40.550  -45.713  -6.458 0.8000000119
31848  40.981  -47.163  -6.337 0.6999999881
29420  43.899  -50.789  -0.465 0.6000000238
27963  44.605  -52.951  -0.579 0.6000000238
28669  42.739  -51.619  -0.648 0.6999999881
29421  43.052  -50.858  -0.481 0.6999999881
121301  45.295  -55.241  -0.940 0.6000000238
26456  45.263  -54.491  -0.908 0.6000000238
121452  42.810  -50.193  -0.644 0.8000000119
24865  46.175  -56.402  -1.642 0.5000000000
119039  45.739  -55.784  -1.234 0.5000000000
120625  42.532  -50.252  -0.954 0.8000000119
29422  42.633  -50.874  -0.803 0.6000000238
24047  45.859  -57.002  -1.556 0.5000000000
24866  45.487  -56.512  -1.182 0.5000000000
30172  42.585  -49.587  -0.857 0.8000000119
29429  42.436  -50.747  -1.371 0.6000000238
128831  45.277  -59.508  -2.487 0.5000000000
30177  42.469  -49.849  -1.673 0.8000000119
30186  42.526  -49.115  -2.381 0.8000000119
30983  42.841  -48.810  -3.621 0.6999999881
30970  42.661  -48.217  -2.395 0.6999999881
30982  43.267  -48.162  -4.460 0.6999999881
116259  43.004  -47.961  -3.560 0.6999999881
31832  43.356  -47.524  -4.860 0.6000000238
30206  43.452  -48.984  -4.856 0.6000000238
114121  43.054  -47.179  -5.369 0.6999999881
113271  43.370  -48.432  -5.194 0.6999999881
32659  42.046  -46.644  -6.324 0.6999999881
31846  42.571  -48.124  -6.160 0.6000000238
109817  41.779  -46.013  -6.738 0.8000000119
123454  41.731  -46.789  -6.357 0.8000000119
117615  42.513  -48.532  -6.590 0.6000000238
33467  41.342  -45.576  -6.748 0.8999999762
32662  40.198  -45.936  -6.079 0.6999999881
33477  40.736  -44.943  -6.719 0.8000000119
31849  40.520  -46.528  -6.121 0.6999999881
29428  44.250  -49.983  -0.529 0.6000000238
115818  43.400  -50.099  -0.438 0.6999999881
30170  43.797  -49.304  -0.351 0.6999999881
28674  44.432  -51.545  -0.626 0.6000000238
30955  43.286  -48.658  -0.369 0.6000000238
28672  46.132  -52.359  -1.797 0.4000000060
27962  45.405  -52.673  -1.136 0.6000000238
111438  44.773  -52.231  -0.761 0.6000000238
27242  46.094  -53.255  -1.638 0.6000000238
30171  43.005  -49.450  -0.472 0.8000000119
25657  46.413  -55.629  -1.866 0.4000000060
120251  45.873  -55.014  -1.440 0.5000000000
30956  42.718  -48.743  -0.682 0.8000000119
119049  42.452  -48.960  -1.430 0.8000000119
24057  46.431  -57.174  -2.002 0.4000000060
23226  45.611  -58.762  -2.271 0.5000000000
31824  43.039  -47.247  -3.095 0.8000000119
32645  43.220  -46.052  -4.118 0.8000000119
32636  43.116  -46.499  -3.389 0.6999999881
33449  43.213  -45.949  -5.016 0.8000000119
32635  43.240  -46.895  -4.122 0.6999999881
33457  42.783  -45.465  -5.637 0.8999999762
32651  42.738  -46.456  -5.737 0.8999999762
32644  43.273  -46.675  -4.896 0.6999999881
117472  42.143  -45.849  -6.543 0.8999999762
32658  42.512  -47.370  -5.930 0.6000000238
33466  41.724  -45.344  -6.800 0.8999999762
114542  39.818  -45.126  -6.015 0.8000000119
110117  39.703  -45.262  -5.056 0.8000000119
33468  40.085  -45.490  -6.203 0.8000000119
33458  39.907  -45.716  -5.724 0.8000000119
34415  40.314  -44.363  -6.768 0.8000000119
129527  44.412  -49.457  -0.517 0.6999999881
31795  44.272  -47.628  -0.122 0.6000000238
29427  44.975  -50.652  -0.932 0.6000000238
120885  45.032  -49.560  -0.879 0.5000000000
31796  43.442  -47.745  -0.154 0.6999999881
29426  45.915  -50.923  -1.750 0.4000000060
28673  45.424  -51.712  -1.234 0.5000000000
112232  42.969  -48.147  -0.408 0.6999999881
123316  42.723  -48.030  -0.651 0.6999999881
27251  47.234  -53.685  -2.789 0.5000000000
26455  45.981  -54.165  -1.531 0.6000000238
25656  47.152  -55.448  -2.638 0.4000000060
26462  47.178  -54.456  -2.765 0.4000000060
32616  42.538  -46.315  -1.469 0.8000000119
31811  42.599  -47.281  -1.701 0.8000000119
129448  47.472  -56.108  -2.708 0.4000000060
108577  42.817  -46.479  -2.486 0.8000000119
30961  42.528  -48.165  -1.200 0.8000000119
118237  46.446  -58.197  -2.459 0.3000000119
34388  43.073  -44.694  -3.567 0.8000000119
108695  43.041  -45.864  -3.097 0.8000000119
34396  43.100  -44.291  -4.319 0.8000000119
35332  42.597  -43.922  -5.765 0.8999999762
112367  42.628  -43.144  -6.166 0.8999999762
34414  42.231  -44.783  -6.352 0.8999999762
35344  42.046  -43.785  -6.634 0.8999999762
34426  41.583  -44.382  -6.821 0.8999999762
34404  39.738  -44.412  -5.613 0.8000000119
34397  39.716  -44.473  -4.570 0.8000000119
34427  41.264  -43.972  -7.003 0.8999999762
34428  40.883  -44.127  -7.023 0.8999999762
35345  39.938  -43.858  -6.606 0.8000000119
35352  40.530  -43.626  -7.046 0.8000000119
30953  44.810  -48.174  -0.425 0.6000000238
32610  44.520  -46.940  -0.082 0.6000000238
30960  45.325  -48.678  -0.888 0.6000000238
29435  46.534  -50.359  -2.227 0.4000000060
30176  45.811  -50.021  -1.540 0.4000000060
31783  43.152  -46.866  0.086 0.6999999881
123190  46.173  -51.619  -1.971 0.4000000060
31784  42.755  -46.588  -0.112 0.6999999881
27969  46.853  -52.948  -2.441 0.5000000000
112761  46.742  -51.975  -2.467 0.4000000060
109786  42.553  -46.884  -0.773 0.6999999881
112780  47.568  -53.147  -3.201 0.5000000000
117619  42.651  -44.857  -1.902 0.8000000119
35318  43.033  -43.899  -3.463 0.8000000119
108236  42.695  -45.681  -2.165 0.8000000119
35322  43.080  -43.506  -4.233 0.8000000119
114238  42.988  -43.910  -4.932 0.8999999762
117569  42.632  -42.372  -6.531 0.8999999762
35350  41.538  -43.481  -7.073 0.8999999762
36195  41.615  -42.729  -7.393 1.0000000000
36172  39.860  -42.799  -5.055 0.8000000119
35351  41.152  -43.335  -7.267 1.0000000000
35334  39.729  -43.477  -5.915 0.8000000119
116704  40.721  -42.851  -7.228 1.0000000000
35333  39.996  -43.090  -6.761 0.8000000119
31794  45.019  -47.376  -0.369 0.6000000238
32595  44.381  -46.148  0.187 0.6000000238
31802  45.537  -47.846  -0.838 0.6000000238
33400  43.780  -45.467  0.387 0.6999999881
30185  46.504  -49.445  -2.112 0.4000000060
130603  46.286  -48.875  -1.809 0.4000000060
112630  45.844  -49.157  -1.430 0.4000000060
28679  46.624  -51.164  -2.416 0.4000000060
32597  42.695  -46.015  0.008 0.6999999881
27968  47.388  -52.324  -3.080 0.5000000000
29434  47.135  -50.631  -2.858 0.4000000060
33413  42.705  -45.307  -0.307 0.8000000119
34360  42.615  -44.600  -0.977 0.8000000119
124955  42.996  -43.184  -3.478 0.8000000119
34372  42.845  -44.323  -2.650 0.8000000119
36972  42.894  -41.738  -4.864 0.8000000119
109544  43.021  -43.254  -5.136 0.8999999762
36189  42.089  -42.944  -7.022 0.8999999762
123210  42.640  -41.707  -6.770 0.8999999762
36988  42.165  -42.091  -7.438 1.0000000000
36196  41.608  -42.037  -7.714 1.0000000000
128165  41.285  -42.615  -7.470 1.0000000000
36182  39.780  -42.541  -6.060 0.8000000119
111478  39.842  -43.682  -4.757 0.8000000119
36197  40.926  -42.004  -7.503 1.0000000000
36190  40.154  -42.273  -6.900 0.8000000119
32615  45.691  -46.979  -0.750 0.6000000238
33412  45.225  -45.685  -0.043 0.6000000238
121549  43.182  -44.906  0.220 0.6999999881
35271  43.329  -44.098  0.181 0.6999999881
30969  46.702  -48.541  -2.277 0.4000000060
118662  46.076  -48.342  -1.472 0.5000000000
34347  42.838  -44.369  -0.266 0.8000000119
35283  43.011  -43.748  -0.243 0.8000000119
115126  47.040  -49.926  -2.642 0.4000000060
29446  47.553  -49.956  -3.340 0.4000000060
30184  47.172  -49.212  -2.813 0.4000000060
35302  42.837  -43.403  -2.577 0.8000000119
34366  42.673  -43.989  -1.706 0.8000000119
36164  43.028  -42.517  -4.163 0.8000000119
36981  42.872  -41.746  -5.899 0.8999999762
37824  42.784  -41.072  -5.354 0.8000000119
118166  42.487  -41.209  -7.409 1.0000000000
36993  41.996  -41.392  -8.043 1.0000000000
37842  40.573  -40.671  -7.338 1.0000000000
36982  39.916  -41.629  -6.084 0.8999999762
36165  39.883  -42.083  -4.398 0.8000000119
120161  40.164  -40.942  -6.476 1.0000000000
110488  40.022  -40.747  -5.529 1.0000000000
36973  39.937  -41.385  -4.901 1.0000000000
38714  40.545  -39.723  -7.256 1.0000000000
39640  40.542  -38.679  -7.020 1.0000000000
37835  40.232  -40.201  -6.298 1.0000000000
38709  40.240  -39.319  -6.084 1.0000000000
123870  40.732  -37.780  -7.310 1.0000000000
120837  45.541  -44.875  0.013 0.6999999881
34345  44.831  -44.308  0.267 0.6999999881
35269  44.973  -43.453  0.120 0.6999999881
32608  45.842  -46.018  -0.589 0.6000000238
130676  45.730  -45.415  -0.267 0.6000000238
34346  43.978  -44.613  0.415 0.6999999881
31801  46.176  -47.437  -1.351 0.6000000238
31810  46.550  -47.815  -1.937 0.5000000000
36129  43.535  -42.509  -0.401 0.8000000119
30968  47.349  -48.380  -3.009 0.4000000060
34359  42.783  -43.691  -0.839 0.8000000119
35290  42.810  -43.133  -1.633 0.8000000119
120763  42.756  -42.689  -2.228 0.8000000119
116136  42.785  -41.825  -3.240 0.8000000119
36154  42.842  -42.600  -2.996 0.8000000119
126114  42.927  -41.611  -4.003 0.8000000119
37834  42.835  -41.068  -6.388 0.8999999762
109733  43.027  -40.365  -5.767 0.8000000119
37841  42.881  -40.257  -7.044 0.8999999762
38708  43.086  -39.584  -6.121 1.0000000000
37846  42.292  -40.606  -8.123 1.0000000000
108196  42.600  -39.722  -8.138 1.0000000000
124455  42.855  -38.957  -8.358 1.0000000000
37847  41.592  -40.755  -8.311 1.0000000000
39644  42.803  -38.469  -9.024 1.0000000000
114025  41.831  -39.982  -8.654 1.0000000000
39645  41.487  -38.153  -9.003 1.0000000000
39646  40.789  -39.263  -8.091 1.0000000000
37826  39.849  -40.622  -4.445 1.0000000000
39639  40.914  -38.441  -8.223 1.0000000000
37825  39.951  -39.860  -5.096 1.0000000000
38701  39.798  -38.956  -5.170 1.0000000000
40522  40.301  -37.545  -6.142 1.0000000000
39632  40.209  -38.511  -5.831 1.0000000000
34358  45.556  -43.988  -0.114 0.6999999881
36117  44.320  -42.917  0.062 0.6999999881
33418  46.807  -45.217  -1.368 0.5000000000
34357  46.049  -44.409  -0.432 0.6999999881
36118  43.533  -43.360  -0.037 0.6999999881
117616  46.457  -45.812  -1.065 0.6000000238
32621  46.785  -47.009  -2.029 0.5000000000
33425  46.864  -46.065  -1.724 0.5000000000
36926  43.043  -41.785  -0.996 0.8000000119
36140  42.780  -42.295  -1.625 0.8000000119
36939  42.677  -41.478  -1.733 0.6999999881
36954  42.626  -41.263  -2.545 0.8000000119
108842  42.741  -40.963  -3.427 0.8000000119
124594  42.792  -40.490  -4.880 0.6999999881
36963  42.809  -41.026  -4.410 0.6999999881
129367  43.058  -38.979  -6.289 0.8999999762
39631  42.793  -38.904  -5.484 0.8000000119
40521  43.077  -37.273  -5.804 0.8000000119
41339  43.238  -36.442  -6.640 0.8000000119
108550  43.061  -39.147  -7.214 0.8999999762
39638  43.073  -38.288  -6.431 0.8000000119
40529  43.225  -37.324  -7.289 0.8000000119
41348  43.210  -36.448  -8.136 0.8999999762
116091  43.268  -35.493  -7.651 0.8000000119
109000  43.189  -38.182  -8.139 0.8999999762
108024  43.008  -37.675  -9.141 1.0000000000
38724  42.051  -38.545  -9.300 1.0000000000
38718  41.465  -39.126  -8.754 1.0000000000
40530  41.154  -37.362  -8.252 1.0000000000
39621  39.283  -38.488  -4.536 1.0000000000
108090  41.502  -36.404  -8.833 1.0000000000
40531  40.680  -36.816  -6.976 1.0000000000
39633  39.806  -37.993  -5.169 1.0000000000
41349  41.036  -36.344  -7.722 1.0000000000
41350  40.438  -35.704  -6.898 1.0000000000
40523  39.510  -36.919  -5.399 1.0000000000
35281  46.200  -43.631  -0.682 0.6999999881
35282  45.613  -43.296  -0.243 0.6999999881
36116  45.285  -42.576  -0.164 0.6999999881
36128  44.450  -42.038  -0.168 0.6999999881
35289  46.804  -43.696  -1.481 0.6000000238
36925  43.744  -41.587  -0.470 0.6999999881
33424  47.288  -45.378  -2.304 0.5000000000
37772  43.321  -41.089  -0.761 0.8000000119
117067  42.881  -40.923  -1.260 0.6999999881
109930  42.633  -40.627  -2.667 0.6999999881
109085  42.637  -40.737  -1.954 0.6999999881
108862  42.642  -40.121  -3.150 0.6999999881
37814  42.762  -40.285  -4.068 0.6999999881
126556  42.797  -39.704  -4.923 0.6999999881
40509  43.112  -37.038  -4.570 0.8000000119
125864  43.420  -35.679  -5.059 0.8000000119
41326  43.216  -36.376  -5.342 0.8000000119
42300  43.366  -35.598  -6.082 0.8000000119
42309  43.419  -34.513  -6.940 0.8000000119
128419  43.047  -36.502  -8.925 1.0000000000
42310  43.072  -34.291  -8.762 0.8000000119
123674  42.852  -35.515  -9.081 1.0000000000
107958  42.353  -37.331  -9.435 1.0000000000
107751  42.717  -36.577  -9.259 1.0000000000
40534  41.697  -37.293  -9.202 1.0000000000
42311  41.088  -35.426  -8.014 1.0000000000
40510  39.075  -37.586  -4.773 1.0000000000
42312  40.413  -34.664  -6.995 1.0000000000
42301  39.735  -35.128  -6.039 1.0000000000
41340  39.923  -36.235  -6.114 1.0000000000
36938  46.617  -41.904  -1.309 0.6999999881
36127  46.079  -42.128  -0.635 0.6999999881
37770  44.825  -40.700  -0.488 0.6000000238
38652  44.264  -40.103  -0.765 0.6000000238
37786  43.426  -40.417  -0.946 0.6999999881
38665  42.993  -39.398  -1.909 0.6999999881
37787  42.958  -40.168  -1.564 0.6999999881
38680  42.720  -39.398  -2.734 0.6999999881
38695  42.737  -39.388  -3.741 0.6999999881
39620  42.726  -38.918  -4.546 0.6999999881
115135  42.787  -38.077  -4.891 0.8000000119
42299  43.632  -34.871  -5.507 0.8000000119
43198  43.287  -33.233  -7.989 0.8000000119
107950  42.614  -34.017  -9.996 0.8000000119
43199  42.900  -33.037  -9.599 0.8000000119
108077  41.838  -34.187  -9.777 1.0000000000
107754  42.042  -33.789  -10.165 1.0000000000
44078  42.479  -32.399  -9.431 0.6999999881
107755  41.807  -33.378  -9.825 1.0000000000
44079  41.893  -32.604  -9.393 0.8999999762
127943  41.410  -34.251  -8.467 1.0000000000
43201  40.701  -33.878  -7.078 1.0000000000
125215  40.360  -33.851  -6.302 1.0000000000
39622  38.520  -38.241  -4.230 1.0000000000
43189  39.905  -34.361  -5.980 1.0000000000
41341  39.113  -35.795  -5.533 1.0000000000
41327  38.732  -36.581  -5.044 1.0000000000
40511  38.312  -37.402  -4.614 1.0000000000
118070  45.349  -41.492  -0.358 0.6999999881
131043  43.948  -38.950  -1.195 0.6000000238
39576  43.552  -38.712  -1.637 0.6999999881
39596  43.040  -38.054  -2.871 0.6999999881
39577  43.016  -38.727  -2.355 0.6999999881
39610  42.847  -38.476  -3.791 0.6999999881
41314  43.456  -36.716  -3.502 0.8000000119
41325  43.422  -36.141  -4.344 0.6999999881
44069  43.480  -32.382  -7.263 0.6999999881
44070  43.023  -32.387  -8.636 0.6999999881
44945  42.128  -32.086  -8.439 0.8000000119
44077  42.669  -32.109  -8.189 0.6999999881
43200  41.468  -33.193  -8.370 0.8999999762
44060  41.093  -33.277  -7.041 1.0000000000
43188  40.656  -33.540  -6.197 1.0000000000
115264  37.680  -38.056  -4.305 1.0000000000
118682  39.995  -34.246  -5.719 1.0000000000
42302  39.127  -34.975  -5.269 1.0000000000
37769  45.694  -40.614  -0.664 0.6000000238
38651  45.160  -39.961  -0.735 0.6000000238
39574  45.058  -38.594  -1.330 0.6000000238
118670  44.540  -39.237  -0.982 0.6000000238
39575  44.280  -38.557  -1.404 0.6000000238
40469  43.964  -38.014  -1.855 0.6000000238
40490  43.580  -37.592  -2.408 0.6000000238
40501  43.305  -37.333  -2.981 0.6000000238
42285  43.801  -35.325  -4.477 0.6999999881
43171  44.185  -34.373  -4.998 0.6999999881
43187  43.692  -33.524  -6.222 0.6999999881
44058  44.099  -32.390  -6.425 0.6999999881
44937  43.822  -31.565  -6.666 0.6999999881
129190  43.115  -32.033  -7.563 0.6999999881
47455  49.769  -29.700  -4.026 0.3000000119
44944  42.496  -31.694  -7.172 0.6999999881
44943  43.083  -31.582  -6.964 0.6999999881
48324  49.937  -28.843  -4.586 0.3000000119
44938  42.029  -31.876  -7.126 0.8000000119
39579  36.651  -38.338  -1.249 0.8999999762
44059  41.477  -32.588  -6.739 1.0000000000
39599  37.097  -38.110  -3.135 1.0000000000
39623  37.602  -38.356  -3.976 1.0000000000
42287  39.012  -34.962  -4.787 1.0000000000
43173  39.631  -34.593  -5.230 1.0000000000
41342  38.448  -35.670  -5.043 1.0000000000
41328  38.000  -36.481  -4.761 1.0000000000
118516  38.503  -35.397  -4.615 1.0000000000
37785  45.915  -39.952  -0.948 0.6000000238
38663  45.545  -39.298  -1.110 0.6000000238
40487  45.987  -37.954  -2.081 0.6000000238
40488  45.268  -37.514  -2.027 0.6000000238
41293  45.920  -36.277  -2.678 0.6000000238
41294  45.185  -36.745  -2.386 0.6999999881
42244  45.081  -35.943  -2.840 0.6999999881
40489  44.388  -37.298  -2.198 0.6000000238
41313  44.398  -36.061  -3.086 0.6999999881
43196  46.952  -33.005  -8.626 0.3000000119
43185  46.718  -33.400  -7.367 0.3000000119
42266  43.951  -35.838  -3.588 0.6999999881
44038  44.517  -33.206  -5.743 0.6999999881
46607  49.524  -30.581  -3.587 0.3000000119
46588  49.196  -29.789  -3.310 0.4000000060
47446  48.849  -29.003  -3.100 0.4000000060
39564  35.520  -38.471  -0.762 0.6999999881
50179  47.606  -25.721  -3.236 0.3000000119
111831  49.433  -28.953  -3.754 0.3000000119
45790  42.723  -30.893  -5.650 0.6999999881
39600  36.609  -37.755  -2.613 0.8999999762
50178  48.424  -26.584  -3.606 0.3000000119
48316  49.053  -28.220  -3.505 0.3000000119
44923  42.166  -31.721  -5.954 0.8000000119
40491  36.250  -38.102  -3.926 0.8999999762
49322  48.517  -27.552  -3.253 0.3000000119
48317  48.535  -28.321  -2.987 0.3000000119
44040  41.454  -33.096  -5.681 0.8000000119
43172  40.645  -34.310  -5.137 1.0000000000
111220  37.393  -37.436  -4.571 1.0000000000
42267  40.267  -35.082  -4.291 1.0000000000
42268  39.589  -35.434  -4.044 1.0000000000
42288  37.885  -35.783  -4.596 1.0000000000
42269  38.849  -35.474  -3.880 1.0000000000
42270  38.096  -35.412  -4.028 1.0000000000
42247  38.658  -35.345  -3.214 1.0000000000
42243  45.775  -35.676  -3.112 0.6999999881
42298  46.782  -34.752  -6.493 0.3000000119
42264  45.233  -35.316  -3.432 0.6999999881
43153  44.564  -35.069  -4.045 0.6999999881
43197  46.991  -32.595  -7.805 0.4000000060
44067  47.222  -32.463  -7.562 0.3000000119
43186  46.654  -32.774  -6.700 0.5000000000
44057  44.822  -31.855  -6.163 0.6999999881
44054  47.583  -32.715  -6.399 0.5000000000
44936  44.462  -30.959  -6.240 0.6999999881
44917  48.216  -33.020  -4.382 0.4000000060
118270  47.508  -32.459  -4.184 0.6000000238
120053  47.536  -32.015  -3.371 0.5000000000
45754  49.164  -31.498  -3.413 0.3000000119
45795  43.665  -30.822  -6.356 0.6999999881
49300  46.680  -27.259  -1.315 0.4000000060
46589  47.908  -30.678  -2.729 0.4000000060
126482  42.903  -31.018  -6.256 0.6999999881
39581  35.080  -37.549  -1.143 0.6999999881
49311  46.975  -26.747  -1.866 0.4000000060
46608  48.801  -30.635  -3.103 0.4000000060
47427  48.427  -29.817  -2.834 0.4000000060
49323  47.834  -26.896  -2.903 0.3000000119
50170  47.189  -26.289  -2.512 0.4000000060
108887  47.598  -29.925  -2.308 0.4000000060
44922  42.584  -31.216  -5.078 0.6999999881
44921  43.102  -30.843  -5.141 0.6999999881
39580  35.909  -37.514  -1.691 0.6999999881
49310  47.437  -27.271  -2.207 0.4000000060
48305  48.022  -28.917  -2.566 0.4000000060
44039  42.102  -32.394  -4.907 0.8000000119
49309  47.996  -27.872  -2.630 0.3000000119
40512  36.686  -38.142  -4.336 1.0000000000
44022  41.595  -33.744  -4.461 0.8999999762
43154  41.121  -34.888  -3.870 1.0000000000
126410  37.937  -35.199  -3.520 1.0000000000
42289  37.244  -35.568  -4.288 1.0000000000
43137  38.198  -34.886  -2.840 1.0000000000
42248  37.478  -34.986  -3.426 1.0000000000
41312  46.447  -35.914  -3.269 0.6000000238
42262  46.720  -35.605  -4.097 0.6000000238
42263  46.029  -35.154  -3.792 0.6000000238
43151  45.901  -34.306  -4.497 0.6999999881
42283  46.775  -35.285  -5.150 0.5000000000
42284  46.335  -34.671  -4.722 0.6000000238
43152  45.334  -34.610  -4.142 0.6999999881
43167  46.469  -34.028  -5.947 0.5000000000
43170  44.857  -33.985  -4.787 0.6999999881
43168  46.115  -33.420  -5.519 0.6000000238
44037  45.217  -32.898  -5.691 0.6999999881
44068  46.978  -32.500  -7.071 0.6000000238
44933  47.076  -32.385  -6.675 0.6000000238
44934  46.493  -32.484  -5.954 0.6000000238
44935  45.073  -31.588  -5.923 0.6999999881
44900  46.595  -32.052  -4.039 0.6000000238
45787  44.557  -30.876  -6.018 0.6000000238
48278  45.674  -28.418  -0.330 0.4000000060
45755  48.250  -31.420  -3.162 0.4000000060
45756  46.774  -31.924  -3.036 0.5000000000
45773  45.541  -31.673  -4.532 0.6000000238
45788  44.016  -30.542  -6.123 0.6999999881
49282  46.232  -26.976  -0.965 0.4000000060
45739  47.315  -31.442  -2.785 0.5000000000
45774  43.786  -30.712  -5.674 0.6999999881
49299  47.069  -27.688  -1.609 0.4000000060
48277  46.282  -27.872  -0.780 0.5000000000
46590  47.059  -30.760  -2.236 0.4000000060
40492  35.801  -37.421  -3.378 0.8999999762
40470  35.107  -37.032  -2.154 0.6999999881
47428  47.251  -29.215  -1.915 0.4000000060
44902  42.665  -32.151  -4.306 0.6999999881
44901  43.144  -31.623  -4.294 0.6999999881
48306  47.474  -28.268  -2.055 0.4000000060
43133  41.866  -34.273  -3.235 0.8999999762
124473  36.019  -38.064  -4.481 0.8999999762
119776  37.253  -36.530  -4.663 1.0000000000
41329  36.576  -37.533  -4.605 1.0000000000
42245  40.486  -35.414  -3.344 1.0000000000
126931  36.663  -36.579  -4.657 1.0000000000
42246  39.644  -35.469  -3.011 1.0000000000
42290  36.267  -35.966  -4.535 1.0000000000
43136  39.181  -35.078  -2.522 1.0000000000
44004  38.271  -33.506  -2.364 0.8999999762
119564  37.985  -34.273  -2.565 1.0000000000
43138  37.271  -34.505  -3.005 1.0000000000
42271  36.706  -35.080  -3.762 1.0000000000
44005  37.421  -33.692  -2.665 1.0000000000
44006  36.707  -33.921  -2.987 0.8999999762
44888  37.673  -32.670  -2.649 1.0000000000
43169  45.505  -33.672  -4.999 0.6999999881
44055  46.429  -32.477  -5.969 0.6999999881
44056  45.604  -32.048  -5.915 0.6999999881
117444  45.667  -32.147  -5.884 0.6999999881
44919  45.892  -31.872  -5.423 0.6000000238
44920  45.091  -31.511  -5.644 0.6000000238
122383  45.646  -26.717  -0.563 0.3000000119
114232  46.805  -32.089  -5.074 0.6000000238
120359  44.545  -31.346  -5.051 0.6000000238
49283  45.734  -27.541  -0.423 0.4000000060
49284  45.031  -27.952  0.105 0.4000000060
45757  45.965  -31.768  -3.257 0.6000000238
45740  46.454  -31.425  -2.476 0.4000000060
121054  43.801  -31.187  -4.899 0.6000000238
47394  45.496  -29.284  -0.322 0.5000000000
47429  46.914  -30.130  -1.593 0.4000000060
45760  43.690  -31.457  -4.079 0.6000000238
48293  46.265  -28.921  -0.783 0.5000000000
47408  46.695  -29.500  -1.176 0.4000000060
44886  43.589  -32.075  -3.103 0.6000000238
124619  46.303  -29.674  -0.808 0.4000000060
46565  46.238  -30.266  -1.037 0.4000000060
44002  42.532  -33.572  -2.665 0.8999999762
44021  42.353  -33.184  -3.798 0.8000000119
41315  35.661  -37.555  -4.174 0.8999999762
40514  35.938  -37.878  -4.376 0.8999999762
42291  35.461  -36.457  -4.522 0.8999999762
41330  36.064  -37.350  -4.578 0.8999999762
43135  40.578  -35.259  -2.439 1.0000000000
113031  38.747  -34.378  -2.300 1.0000000000
114413  36.284  -34.505  -3.466 0.8999999762
44889  36.629  -32.966  -2.993 1.0000000000
44023  35.881  -33.722  -3.346 0.8999999762
45761  37.087  -31.804  -3.147 1.0000000000
44903  35.984  -32.081  -3.408 0.8999999762
44036  45.818  -32.744  -5.724 0.6999999881
51004  45.385  -25.825  -0.631 0.3000000119
50151  44.957  -26.540  -0.066 0.3000000119
113247  44.128  -27.855  0.300 0.3000000119
45758  45.066  -31.614  -3.614 0.6000000238
48279  44.997  -28.820  0.061 0.5000000000
48268  44.425  -28.472  0.248 0.4000000060
45741  45.536  -31.375  -2.329 0.5000000000
46591  46.272  -30.807  -1.753 0.5000000000
45759  44.319  -31.495  -3.897 0.5000000000
46592  45.642  -30.842  -1.483 0.5000000000
109335  44.809  -31.504  -2.670 0.5000000000
46550  45.111  -30.131  -0.465 0.5000000000
45742  45.137  -31.121  -1.687 0.5000000000
47409  45.855  -29.850  -0.625 0.5000000000
44020  42.964  -32.592  -3.351 0.6999999881
46551  44.499  -30.684  -0.496 0.5000000000
128557  44.608  -31.172  -1.032 0.5000000000
44001  43.163  -32.900  -2.224 0.6000000238
43118  41.940  -34.392  -2.227 0.8999999762
43119  41.266  -34.832  -1.926 0.8999999762
43134  41.317  -35.095  -2.757 0.8999999762
43120  40.490  -34.811  -1.844 0.8999999762
44887  38.654  -32.407  -2.337 0.8999999762
44003  39.148  -33.491  -2.007 0.8999999762
43121  39.693  -34.522  -1.928 0.8999999762
118452  39.953  -35.170  -2.257 1.0000000000
42272  35.798  -35.313  -4.154 0.8999999762
128169  37.685  -31.287  -3.182 0.6999999881
43155  35.179  -34.585  -3.914 0.8999999762
44904  35.678  -32.895  -3.442 0.8999999762
50137  44.079  -26.548  0.148 0.3000000119
51006  43.504  -25.936  -0.033 0.3000000119
49273  43.680  -27.178  0.158 0.3000000119
49285  42.884  -27.100  -0.142 0.4000000060
48269  43.682  -28.487  0.257 0.4000000060
46542  43.640  -29.787  0.219 0.5000000000
111207  44.769  -31.343  -1.768 0.5000000000
123511  44.236  -31.706  -2.704 0.5000000000
46552  43.596  -30.607  -0.049 0.5000000000
46567  44.998  -30.864  -1.073 0.5000000000
45722  44.218  -31.663  -1.378 0.5000000000
45707  43.928  -31.295  -0.597 0.5000000000
44871  43.718  -32.293  -1.809 0.5000000000
44854  43.345  -32.118  -0.832 0.5000000000
116764  42.503  -32.768  -0.879 0.6000000238
43980  42.458  -33.488  -1.617 0.6000000238
44855  42.030  -32.645  -0.715 0.6999999881
126780  41.720  -34.012  -1.631 0.6999999881
44872  41.417  -32.779  -1.124 0.6999999881
43982  40.983  -33.837  -1.522 0.8000000119
43174  35.030  -35.648  -4.474 0.8999999762
44874  39.589  -32.554  -1.858 0.8999999762
43983  40.024  -33.562  -1.672 0.8999999762
45744  38.640  -31.447  -2.617 0.6999999881
44024  34.838  -33.428  -3.818 0.8999999762
45762  36.288  -31.186  -3.636 1.0000000000
50153  42.598  -26.236  -0.464 0.3000000119
51007  42.233  -25.275  -0.707 0.3000000119
48270  42.888  -28.466  0.048 0.4000000060
50154  42.344  -27.124  -0.584 0.3000000119
46553  42.742  -29.917  0.227 0.4000000060
49286  42.516  -27.781  -0.265 0.4000000060
48280  42.175  -28.524  -0.244 0.4000000060
47397  42.587  -29.090  0.077 0.4000000060
47398  41.991  -29.400  -0.064 0.4000000060
113527  42.622  -30.874  -0.191 0.4000000060
46554  41.959  -30.290  -0.076 0.4000000060
45709  42.477  -31.909  -0.542 0.5000000000
44873  40.510  -32.713  -1.521 0.6000000238
45743  39.282  -31.608  -2.190 0.6999999881
45745  37.997  -31.724  -2.816 0.6999999881
124207  35.073  -32.367  -3.915 0.8999999762
117071  36.448  -30.446  -3.938 0.8999999762
46612  35.661  -30.667  -4.204 0.8000000119
45763  35.372  -31.487  -4.011 0.8000000119
46611  36.011  -29.852  -4.415 0.6999999881
47458  35.432  -29.029  -4.696 0.8000000119
120351  41.989  -25.959  -1.045 0.3000000119
49287  41.855  -27.771  -0.797 0.3000000119
124016  41.402  -27.402  -1.380 0.4000000060
48281  41.610  -28.742  -0.694 0.4000000060
49301  41.251  -28.155  -1.313 0.4000000060
48294  41.153  -28.922  -1.259 0.5000000000
46568  40.974  -30.348  -1.222 0.5000000000
47411  40.792  -29.499  -1.576 0.5000000000
121472  41.276  -31.182  -0.935 0.5000000000
119368  40.544  -31.020  -1.520 0.5000000000
45724  40.936  -31.904  -1.281 0.5000000000
45725  40.085  -31.746  -1.723 0.6000000238
46594  38.258  -30.844  -3.155 0.6999999881
46609  37.956  -29.936  -3.646 0.6999999881
47450  36.937  -29.653  -3.989 0.6999999881
51933  42.614  -24.465  -0.526 0.3000000119
51934  41.863  -24.461  -1.013 0.3000000119
128979  41.398  -24.711  -1.580 0.4000000060
51012  41.596  -25.377  -1.349 0.3000000119
50166  41.113  -26.748  -1.732 0.4000000060
49302  40.896  -27.610  -1.850 0.4000000060
48295  40.684  -28.543  -1.954 0.4000000060
46569  40.303  -30.173  -1.881 0.6000000238
49312  40.390  -27.764  -2.515 0.3000000119
47430  40.185  -29.331  -2.309 0.5000000000
48307  40.041  -28.510  -2.735 0.4000000060
46570  39.791  -30.871  -2.075 0.6999999881
46593  39.644  -30.043  -2.572 0.6999999881
117340  39.082  -30.773  -2.668 0.6999999881
47432  38.885  -29.867  -3.255 0.6999999881
47447  38.976  -28.957  -3.314 0.6000000238
51013  41.158  -25.198  -1.916 0.3000000119
116750  40.602  -27.099  -2.258 0.3000000119
50172  40.610  -26.400  -2.364 0.3000000119
50173  40.176  -27.001  -2.954 0.3000000119
51026  40.080  -25.575  -3.301 0.3000000119
49313  39.869  -27.785  -3.181 0.3000000119
115732  39.651  -27.215  -3.502 0.4000000060
47431  39.519  -29.183  -2.902 0.5000000000
48308  39.425  -28.410  -3.268 0.5000000000
49324  39.254  -27.731  -3.638 0.5000000000
47448  38.288  -29.016  -3.541 0.6000000238
53981  41.312  -22.611  -1.937 0.4000000060
52987  41.133  -23.521  -2.044 0.3000000119
51945  41.004  -24.509  -2.206 0.3000000119
52988  40.607  -23.868  -2.755 0.3000000119
51019  40.656  -25.501  -2.521 0.3000000119
51953  40.426  -24.750  -2.974 0.3000000119
50180  40.217  -26.188  -2.958 0.3000000119
51954  39.935  -24.869  -3.662 0.3000000119
51027  39.581  -25.623  -3.998 0.3000000119
50181  39.721  -26.440  -3.598 0.4000000060
48318  38.720  -28.308  -3.649 0.6000000238
50182  39.119  -27.045  -4.000 0.4000000060
50190  39.082  -26.283  -4.288 0.4000000060
49325  38.514  -27.591  -4.070 0.5000000000
48319  37.827  -28.235  -4.000 0.6000000238
127570  35.757  -28.349  -4.834 0.6999999881
46621  35.016  -29.979  -4.532 0.8000000119
128428  40.926  -22.182  -2.456 0.4000000060
53982  40.704  -22.952  -2.583 0.3000000119
122154  40.151  -23.337  -3.383 0.3000000119
52994  39.797  -24.148  -3.951 0.3000000119
51961  39.468  -24.913  -4.372 0.4000000060
51034  39.012  -25.572  -4.644 0.4000000060
118318  38.508  -26.096  -4.807 0.4000000060
50191  38.338  -26.809  -4.592 0.4000000060
48326  37.740  -27.439  -4.558 0.5000000000
50198  37.914  -26.179  -5.262 0.4000000060
117603  36.314  -28.121  -4.723 0.6999999881
123530  37.071  -27.313  -5.011 0.4000000060
49340  36.794  -26.960  -5.550 0.4000000060
49334  36.369  -27.498  -5.210 0.6000000238
48336  35.903  -27.543  -5.596 0.5000000000
48328  35.794  -27.841  -5.201 0.6000000238
48329  35.251  -28.254  -5.079 0.6999999881
55849  41.430  -20.756  -2.418 0.3000000119
53987  40.372  -22.264  -3.149 0.3000000119
127193  39.927  -22.665  -3.850 0.3000000119
53988  39.642  -23.371  -4.249 0.3000000119
53002  39.350  -24.214  -4.755 0.4000000060
51962  38.906  -24.925  -5.114 0.3000000119
53003  38.764  -24.286  -5.581 0.3000000119
51035  38.361  -25.535  -5.302 0.3000000119
51971  38.219  -24.903  -5.885 0.3000000119
50192  37.518  -26.854  -5.138 0.4000000060
51045  37.694  -25.507  -5.949 0.3000000119
50199  37.241  -26.273  -5.819 0.3000000119
50200  36.573  -26.568  -6.217 0.3000000119
49341  36.212  -27.213  -5.845 0.3000000119
118556  35.802  -27.393  -5.910 0.5000000000
48337  35.380  -27.700  -5.586 0.5000000000
54946  40.419  -21.372  -3.444 0.3000000119
54947  40.020  -21.911  -3.953 0.3000000119
53996  39.437  -22.455  -4.576 0.3000000119
53012  39.147  -23.449  -5.096 0.3000000119
53013  38.646  -23.617  -6.000 0.3000000119
51981  38.290  -24.404  -6.528 0.3000000119
51972  37.908  -25.062  -6.876 0.3000000119
130243  37.108  -25.692  -6.775 0.3000000119
50201  35.971  -26.976  -6.352 0.4000000060
49342  35.329  -27.234  -6.105 0.5000000000
49343  34.657  -27.580  -5.813 0.5000000000
55863  40.370  -20.646  -3.771 0.3000000119
54953  40.088  -21.210  -4.045 0.3000000119
54954  39.598  -21.456  -4.525 0.3000000119
54003  38.976  -22.713  -5.518 0.3000000119
53019  38.364  -23.779  -6.929 0.3000000119
51982  38.038  -24.505  -7.446 0.3000000119
50208  36.199  -26.213  -6.950 0.4000000060
50209  35.320  -26.514  -6.688 0.4000000060
51054  35.314  -25.629  -7.491 0.4000000060
49350  34.416  -26.889  -6.408 0.5000000000
56833  41.209  -19.091  -3.352 0.3000000119
120021  40.746  -19.947  -3.528 0.3000000119
55876  39.365  -20.856  -5.150 0.3000000119
54960  39.143  -21.788  -5.186 0.3000000119
54961  38.865  -22.085  -6.014 0.3000000119
54004  38.642  -22.958  -6.424 0.3000000119
54009  38.350  -23.143  -7.165 0.3000000119
51990  37.588  -24.330  -8.167 0.3000000119
51052  37.455  -24.990  -7.666 0.3000000119
51053  36.396  -25.325  -7.684 0.4000000060
122432  40.234  -20.028  -4.071 0.3000000119
56849  39.953  -19.698  -4.735 0.3000000119
56864  39.751  -19.075  -5.418 0.3000000119
129488  39.646  -20.272  -4.945 0.3000000119
55886  39.115  -20.676  -6.006 0.3000000119
55896  38.569  -20.550  -6.870 0.3000000119
55887  38.715  -21.420  -6.434 0.3000000119
54967  38.493  -22.337  -6.853 0.3000000119
53020  38.076  -23.742  -7.729 0.3000000119
57785  40.224  -18.672  -4.738 0.3000000119
119366  39.515  -19.971  -5.542 0.3000000119
57804  39.563  -18.495  -5.940 0.3000000119
56877  39.352  -19.253  -6.161 0.3000000119
55895  39.148  -19.994  -6.298 0.3000000119
54972  38.281  -21.617  -7.355 0.3000000119
54010  38.084  -22.726  -7.845 0.3000000119
53028  37.624  -23.510  -8.471 0.3000000119
57786  39.873  -18.416  -5.375 0.3000000119
58746  39.481  -17.824  -6.172 0.3000000119
57817  39.084  -18.485  -6.871 0.3000000119
56878  38.886  -19.547  -6.883 0.3000000119
56888  38.303  -19.923  -7.614 0.3000000119
55907  38.159  -20.887  -7.963 0.3000000119
120719  38.670  -19.144  -7.538 0.4000000060
58747  39.171  -17.564  -6.778 0.3000000119
58759  38.789  -17.625  -7.545 0.4000000060
36995  40.839  -41.300  -7.670 1.0000000000
38719  41.081  -40.088  -8.221 1.0000000000
36989  40.334  -41.474  -7.066 0.8999999762
46610  37.260  -30.748  -3.515 0.6999999881
47457  36.252  -28.927  -4.533 0.8000000119
47456  36.983  -28.627  -4.280 0.6999999881
117962  43.302  -53.803  -0.183 0.6000000238
24048  45.263  -57.274  -1.343 0.5000000000
24058  45.793  -57.739  -1.852 0.5000000000
26463  46.522  -54.766  -2.107 0.5000000000
24875  46.974  -56.396  -2.271 0.4000000060
31803  42.571  -47.575  -0.862 0.6999999881
33450  43.146  -45.188  -4.516 0.8999999762
31782  43.839  -46.962  0.129 0.6999999881
33419  42.537  -45.476  -1.222 0.8000000119
24056  47.159  -57.411  -2.604 0.4000000060
33426  42.910  -45.127  -2.830 0.8000000119
130303  42.925  -46.273  0.199 0.6999999881
28678  47.248  -51.459  -2.997 0.4000000060
114866  42.978  -42.467  -5.473 0.8000000119
109976  39.866  -42.082  -5.297 0.8000000119
32609  45.130  -46.538  -0.241 0.6000000238
28690  47.720  -50.899  -3.481 0.4000000060
36130  42.999  -42.773  -1.003 0.8000000119
36994  41.364  -41.417  -8.011 1.0000000000
31809  47.023  -47.733  -2.567 0.5000000000
33411  46.218  -45.161  -0.586 0.6999999881
38717  42.271  -39.191  -8.910 1.0000000000
107753  41.762  -35.279  -9.181 1.0000000000
107752  42.244  -34.947  -9.489 1.0000000000
122984  42.036  -36.368  -9.393 1.0000000000
44071  41.620  -32.406  -8.006 0.8000000119
40468  44.707  -37.994  -1.716 0.6000000238
41296  43.786  -36.942  -2.743 0.6999999881
44898  48.999  -33.278  -4.122 0.4000000060
114132  37.241  -38.094  -2.071 1.0000000000
39613  36.743  -38.310  -4.008 1.0000000000
44035  48.025  -33.153  -5.242 0.4000000060
44899  48.547  -32.368  -3.634 0.5000000000
111113  46.692  -28.077  -1.143 0.4000000060
48292  46.910  -28.610  -1.430 0.4000000060
47396  44.372  -30.010  -0.010 0.5000000000
123985  43.091  -32.808  -1.354 0.5000000000
45723  41.720  -32.009  -0.710 0.5000000000
47410  41.399  -29.687  -0.724 0.5000000000
47449  37.580  -29.074  -3.828 0.6999999881
48327  37.009  -27.834  -4.578 0.6000000238
30205  43.596  -49.776  -5.278 0.5000000000
114329  43.292  -49.208  -5.665 0.5000000000
31838  42.983  -47.920  -5.573 0.5000000000
27991  43.141  -52.053  -5.505 0.5000000000
29454  43.290  -50.525  -5.824 0.5000000000
27992  42.916  -52.528  -4.334 0.5000000000
28699  43.339  -51.198  -5.191 0.5000000000
114630  42.657  -52.204  -3.523 0.5000000000
113464  42.220  -52.795  -2.134 0.4000000060
28691  42.648  -51.617  -3.282 0.5000000000
27253  42.044  -53.557  -2.225 0.4000000060
27970  42.426  -52.206  -2.578 0.5000000000
36942  37.992  -42.003  -0.903 0.6999999881
36143  37.531  -42.978  -1.081 0.6999999881
36940  39.436  -41.332  -2.083 0.8000000119
111312  39.843  -42.051  -3.406 0.8000000119
112254  39.697  -41.944  -2.609 0.8000000119
36964  39.842  -41.296  -3.887 0.8999999762
36927  37.441  -41.122  -0.818 0.6999999881
36955  39.723  -41.222  -2.929 0.8999999762
37802  39.359  -40.363  -2.407 0.8999999762
37815  39.651  -40.506  -3.455 0.8999999762
37773  37.338  -40.151  -0.736 0.6000000238
37789  38.156  -40.409  -1.095 0.8000000119
38681  39.286  -39.751  -3.232 0.8999999762
121093  39.497  -39.902  -4.062 0.8999999762
109929  39.480  -39.246  -4.379 0.8999999762
120049  47.218  -40.306  -2.756 0.5000000000
109983  46.881  -40.327  -1.898 0.5000000000
37784  46.376  -40.454  -1.157 0.5000000000
111034  46.746  -41.116  -1.551 0.5000000000
36923  46.222  -41.263  -0.852 0.5000000000
36139  46.550  -42.799  -1.178 0.6000000238
38653  36.518  -39.954  -0.597 0.6000000238
38667  37.927  -39.523  -1.163 0.8999999762
38682  38.913  -39.425  -2.484 0.8999999762
38666  38.711  -39.851  -1.665 0.8999999762
128634  39.244  -39.359  -3.751 0.8999999762
39594  46.636  -38.673  -2.298 0.5000000000
112353  46.536  -37.705  -2.707 0.5000000000
39609  46.892  -38.324  -3.208 0.5000000000
39573  45.895  -38.668  -1.604 0.5000000000
38693  47.038  -39.048  -3.884 0.5000000000
38679  46.944  -39.612  -2.414 0.5000000000
39578  37.571  -38.709  -1.474 0.8999999762
38668  37.071  -39.307  -0.839 0.6999999881
38683  38.362  -38.991  -1.855 0.8999999762
39597  38.465  -38.720  -2.755 0.8999999762
125547  38.925  -39.078  -3.251 0.8999999762
39611  39.010  -38.810  -3.892 0.8999999762
40500  46.908  -37.406  -3.481 0.5000000000
119547  45.969  -37.139  -2.404 0.5000000000
39608  47.079  -38.115  -4.101 0.5000000000
39598  37.872  -38.342  -2.357 0.8999999762
39612  38.429  -38.564  -3.549 0.8999999762
121935  46.537  -36.777  -2.965 0.5000000000
41324  47.195  -36.129  -4.582 0.5000000000
40508  47.263  -37.099  -4.453 0.5000000000
40493  34.387  -36.651  -2.421 0.6000000238
40494  33.617  -36.437  -1.989 0.6000000238
120033  34.953  -36.884  -3.344 0.8000000119
41298  34.018  -36.492  -3.284 0.6999999881
126085  33.035  -35.982  -2.767 0.6999999881
42250  32.235  -35.601  -3.090 0.6999999881
42276  31.531  -35.043  -3.323 0.6999999881
41297  35.432  -37.384  -4.012 0.8000000119
41317  33.689  -36.241  -3.745 0.6999999881
42249  32.922  -35.683  -3.544 0.6999999881
42275  32.424  -35.266  -3.627 0.6999999881
42274  33.096  -35.407  -4.101 0.6999999881
43177  32.498  -34.417  -4.312 0.6999999881
41332  34.945  -36.934  -4.135 0.8000000119
42293  33.838  -35.492  -4.346 0.8000000119
43176  33.161  -34.569  -4.411 0.6999999881
109993  33.728  -34.508  -4.429 0.8000000119
42292  34.738  -36.407  -4.396 0.8000000119
44041  33.911  -33.536  -4.338 0.8000000119
117061  32.990  -33.074  -4.547 0.6000000238
43175  34.371  -35.225  -4.442 0.8000000119
43156  34.324  -34.278  -4.169 0.8000000119
118966  33.783  -31.965  -4.555 0.6000000238
119928  33.408  -31.846  -4.580 0.6000000238
45777  33.233  -31.353  -4.674 0.6000000238
44905  34.219  -32.610  -4.333 0.8000000119
45776  33.798  -31.213  -4.623 0.6000000238
46623  33.429  -30.497  -4.750 0.6000000238
45764  34.466  -31.745  -4.382 0.6999999881
45775  34.700  -30.895  -4.436 0.6000000238
47459  34.481  -29.039  -4.802 0.6999999881
47460  33.616  -29.545  -4.864 0.6000000238
46622  34.086  -30.217  -4.665 0.6000000238
48338  34.603  -28.168  -5.344 0.6000000238
26465  41.687  -54.962  -1.756 0.4000000060
26458  41.877  -54.218  -1.733 0.5000000000
27245  42.145  -53.044  -1.376 0.5000000000
28700  42.988  -51.773  -4.329 0.5000000000
41338  47.222  -35.963  -5.688 0.3000000119
41316  34.773  -36.953  -3.949 0.8000000119
114905  43.148  -52.874  -5.355 0.5000000000
27981  42.419  -52.920  -3.173 0.5000000000
36941  38.855  -41.696  -1.374 0.8000000119
37801  47.185  -40.998  -2.381 0.5000000000
42273  34.168  -36.444  -4.190 0.8000000119
44043  32.740  -33.790  -4.502 0.6999999881
44042  33.288  -33.680  -4.493 0.6999999881
31822  47.559  -47.583  -3.178 0.4000000060
32634  47.686  -46.766  -3.193 0.4000000060
32620  47.287  -46.367  -2.511 0.4000000060
34371  47.522  -44.521  -2.601 0.5000000000
33438  48.158  -45.320  -3.706 0.4000000060
32633  48.178  -46.311  -3.757 0.4000000060
35288  47.318  -43.800  -2.226 0.5000000000
35301  47.075  -43.057  -1.981 0.5000000000
115372  47.740  -43.838  -2.952 0.5000000000
34387  47.915  -44.535  -3.322 0.4000000060
113441  47.688  -45.132  -3.016 0.4000000060
34395  48.604  -44.888  -4.627 0.4000000060
33439  47.704  -45.888  -3.084 0.4000000060
33448  48.740  -45.763  -4.439 0.4000000060
36153  46.913  -42.390  -1.827 0.5000000000
34386  48.343  -44.533  -3.925 0.4000000060
35316  48.366  -44.113  -4.569 0.4000000060
110271  48.039  -44.064  -7.890 0.4000000060
34402  48.680  -44.409  -5.810 0.4000000060
114598  48.413  -44.608  -8.261 0.4000000060
34413  48.497  -44.510  -7.312 0.4000000060
36152  47.357  -42.466  -2.608 0.5000000000
35300  47.480  -43.242  -2.612 0.5000000000
108406  47.817  -43.097  -3.379 0.4000000060
38721  48.877  -40.252  -10.088 0.3000000119
35317  48.177  -43.889  -3.684 0.4000000060
35330  48.196  -43.615  -5.365 0.4000000060
37844  49.057  -40.883  -9.676 0.3000000119
36991  48.494  -41.519  -9.684 0.3000000119
119830  47.696  -41.992  -9.403 0.3000000119
36200  47.836  -42.756  -8.887 0.3000000119
35342  47.807  -43.292  -7.434 0.4000000060
121023  48.108  -43.854  -6.677 0.4000000060
120985  48.126  -42.015  -9.530 0.3000000119
35343  47.935  -43.470  -8.438 0.4000000060
36952  47.442  -41.604  -2.945 0.4000000060
36163  47.676  -42.217  -3.570 0.4000000060
130214  47.927  -42.723  -4.118 0.4000000060
126700  49.444  -39.537  -10.192 0.3000000119
108413  48.861  -39.672  -10.015 0.3000000119
37850  47.565  -41.086  -10.009 0.3000000119
36992  47.223  -41.651  -8.780 0.3000000119
36180  47.888  -43.072  -6.136 0.4000000060
36996  47.710  -41.395  -9.922 0.3000000119
36201  47.471  -42.039  -9.114 0.3000000119
36194  47.519  -42.536  -8.260 0.3000000119
38716  47.653  -39.956  -8.708 0.3000000119
112122  47.657  -39.329  -7.452 0.3000000119
117827  47.547  -40.393  -6.371 0.4000000060
36971  47.621  -41.528  -5.129 0.4000000060
36962  47.592  -41.395  -3.984 0.4000000060
39651  48.254  -39.478  -9.362 0.3000000119
37840  47.375  -40.375  -7.623 0.3000000119
115403  47.203  -41.031  -6.944 0.4000000060
36980  47.500  -41.662  -6.292 0.4000000060
36171  47.735  -42.162  -4.551 0.4000000060
38723  47.669  -40.625  -9.662 0.3000000119
121461  47.039  -41.148  -8.105 0.3000000119
36987  47.249  -41.765  -7.563 0.4000000060
36181  47.709  -42.295  -5.636 0.4000000060
37845  47.190  -40.950  -9.201 0.3000000119
36188  47.557  -42.469  -6.881 0.4000000060
121934  47.239  -38.712  -4.617 0.4000000060
38700  47.355  -39.344  -4.675 0.4000000060
38694  47.176  -39.733  -3.264 0.4000000060
126819  47.365  -40.296  -3.440 0.4000000060
122314  47.605  -38.895  -6.470 0.3000000119
38707  47.468  -38.976  -5.478 0.4000000060
37823  47.566  -40.745  -4.681 0.4000000060
37800  47.444  -40.865  -3.209 0.4000000060
108849  47.653  -39.663  -6.400 0.4000000060
109957  47.638  -40.000  -5.323 0.4000000060
44044  32.119  -33.800  -4.428 0.6000000238
43178  31.772  -34.207  -4.195 0.6000000238
44925  32.982  -32.261  -4.581 0.5000000000
115853  32.515  -33.101  -4.522 0.5000000000
45778  32.669  -31.535  -4.682 0.5000000000
46624  32.899  -30.731  -4.849 0.5000000000
46630  33.030  -29.904  -4.991 0.5000000000
47466  33.777  -28.680  -5.211 0.5000000000
107759  37.588  -21.942  -9.239 0.3000000119
107762  37.273  -21.296  -9.601 0.3000000119
122463  36.942  -21.841  -9.603 0.3000000119
107768  37.936  -20.243  -8.590 0.3000000119
108015  37.860  -21.170  -8.979 0.3000000119
109121  37.506  -20.557  -9.519 0.3000000119
107760  36.476  -21.322  -9.935 0.3000000119
107765  35.890  -21.212  -10.024 0.3000000119
107767  35.506  -20.581  -10.056 0.3000000119
56897  38.174  -19.343  -8.324 0.3000000119
108071  37.683  -19.662  -9.336 0.3000000119
107766  36.987  -20.037  -10.215 0.3000000119
107763  36.907  -20.811  -10.026 0.3000000119
108140  36.264  -19.869  -10.524 0.3000000119
108045  36.179  -20.632  -10.340 0.3000000119
107928  35.378  -20.468  -9.729 0.3000000119
122970  35.594  -20.507  -8.903 0.3000000119
57827  38.509  -18.476  -7.991 0.3000000119
57836  37.866  -18.675  -9.024 0.3000000119
57837  37.308  -19.041  -10.019 0.3000000119
56913  36.603  -19.224  -10.502 0.3000000119
57855  36.179  -18.543  -10.727 0.3000000119
56914  35.782  -19.267  -10.650 0.3000000119
55932  35.560  -19.930  -10.365 0.3000000119
107770  35.077  -19.639  -9.692 0.3000000119
58766  38.199  -17.615  -8.699 0.3000000119
59651  37.674  -17.072  -9.607 0.3000000119
58775  37.474  -18.014  -9.958 0.3000000119
57848  36.877  -18.529  -10.437 0.3000000119
57856  35.366  -18.603  -10.530 0.3000000119
57849  34.872  -18.739  -10.196 0.3000000119
59650  38.222  -16.701  -8.851 0.3000000119
59659  37.084  -17.293  -10.343 0.3000000119
58783  35.365  -17.941  -10.320 0.3000000119
119119  37.856  -16.272  -9.445 0.3000000119
116193  37.124  -16.574  -10.192 0.3000000119
60552  36.556  -15.941  -10.776 0.3000000119
59663  36.383  -17.006  -10.795 0.3000000119
60546  37.279  -15.816  -9.956 0.3000000119
109179  36.932  -15.268  -10.410 0.3000000119
33456  49.118  -45.280  -5.498 0.4000000060
30981  47.876  -48.193  -3.621 0.4000000060
31821  48.132  -47.324  -3.822 0.4000000060
32643  48.788  -46.707  -4.380 0.4000000060
34401  49.046  -45.106  -6.834 0.4000000060
38715  49.774  -40.152  -8.858 0.3000000119
36990  49.491  -41.497  -8.752 0.3000000119
36193  48.992  -42.330  -9.033 0.3000000119
35355  48.213  -43.594  -8.898 0.3000000119
34425  48.292  -44.223  -8.638 0.3000000119
38720  49.802  -39.564  -9.809 0.3000000119
39656  49.489  -38.841  -10.360 0.3000000119
39619  47.331  -38.040  -5.032 0.4000000060
39630  47.544  -38.133  -6.086 0.4000000060
39637  47.670  -38.343  -7.235 0.3000000119
43158  31.466  -34.475  -3.818 0.6000000238
59639  38.700  -16.789  -8.019 0.3000000119
60521  38.648  -15.878  -8.520 0.3000000119
60534  37.998  -15.638  -9.348 0.3000000119
111949  38.472  -15.048  -8.988 0.3000000119
39648  51.029  -38.951  -10.672 0.3000000119
127086  47.291  -47.092  -2.709 0.4000000060
34364  47.070  -44.496  -1.829 0.5000000000
35321  48.152  -43.368  -4.287 0.4000000060
38722  48.173  -40.693  -9.988 0.3000000119
109880  47.398  -39.969  -4.149 0.4000000060
108087  34.677  -19.259  -10.104 0.3000000119
58781  36.649  -17.849  -10.627 0.3000000119
58782  36.090  -18.006  -10.771 0.3000000119
60545  37.545  -15.073  -9.690 0.3000000119
30196  47.724  -49.026  -3.483 0.3000000119
32652  40.050  -46.285  -5.599 0.6000000238
33451  39.693  -46.003  -5.038 0.6999999881
32646  39.957  -46.656  -4.981 0.6999999881
30980  48.396  -48.078  -4.043 0.3000000119
24874  47.663  -56.718  -2.930 0.3000000119
25662  47.938  -55.936  -3.304 0.3000000119
34390  39.245  -45.236  -3.211 0.6999999881
29445  47.995  -50.396  -3.995 0.3000000119
33441  39.561  -45.583  -4.112 0.6999999881
32637  39.670  -46.295  -4.106 0.6999999881
30195  48.060  -49.636  -4.082 0.3000000119
30989  48.807  -48.459  -4.512 0.3000000119
31837  49.960  -47.488  -5.781 0.3000000119
31830  49.423  -48.007  -4.997 0.3000000119
31831  48.846  -47.612  -4.394 0.3000000119
32650  49.760  -46.622  -6.062 0.3000000119
32642  49.402  -47.078  -5.044 0.3000000119
26469  47.778  -54.966  -3.340 0.3000000119
27980  47.976  -52.624  -3.774 0.4000000060
34373  39.395  -44.633  -2.963 0.6999999881
116297  47.852  -51.779  -3.668 0.3000000119
34389  39.529  -44.877  -3.941 0.6999999881
29453  48.480  -50.359  -4.771 0.3000000119
30988  49.371  -48.935  -5.124 0.3000000119
32649  50.269  -47.103  -6.909 0.3000000119
27261  47.883  -53.984  -3.379 0.4000000060
35304  38.871  -44.296  -2.140 0.6999999881
27979  48.478  -52.163  -4.508 0.3000000119
28689  48.248  -51.168  -4.219 0.3000000119
108549  39.767  -43.937  -3.623 0.6999999881
30204  49.201  -49.920  -5.342 0.3000000119
33455  49.435  -45.854  -6.434 0.3000000119
33447  49.389  -46.142  -5.194 0.3000000119
32657  49.745  -46.399  -7.388 0.3000000119
33465  49.167  -45.765  -7.848 0.3000000119
35303  39.616  -43.900  -2.584 0.6999999881
28698  48.893  -51.403  -4.949 0.3000000119
36155  39.770  -42.927  -2.815 0.6999999881
111375  49.499  -51.206  -5.888 0.3000000119
29460  49.186  -50.865  -5.474 0.3000000119
35323  39.882  -42.917  -3.977 0.6999999881
33475  49.073  -45.599  -8.642 0.3000000119
28703  49.401  -51.573  -5.642 0.3000000119
40528  47.529  -37.355  -7.003 0.3000000119
31839  40.602  -47.386  -5.861 0.5000000000
31833  40.152  -47.535  -4.882 0.6999999881
30996  40.333  -47.797  -5.272 0.6000000238
30990  40.071  -48.403  -4.829 0.6000000238
33427  38.544  -45.325  -2.691 0.6999999881
34374  38.588  -44.940  -2.609 0.6999999881
26468  48.506  -54.620  -3.971 0.3000000119
116700  48.630  -53.784  -4.138 0.4000000060
35291  39.218  -43.360  -1.887 0.6999999881
27260  48.515  -53.005  -4.401 0.4000000060
125975  48.128  -53.303  -3.747 0.4000000060
36142  38.575  -42.710  -1.320 0.6999999881
111937  49.026  -52.726  -4.893 0.3000000119
27989  49.599  -52.871  -5.307 0.3000000119
27271  49.970  -53.500  -5.354 0.3000000119
27998  49.853  -52.290  -5.698 0.3000000119
27272  49.311  -53.458  -4.873 0.3000000119
30210  43.175  -49.915  -6.201 0.5000000000
31001  42.256  -48.537  -6.747 0.5000000000
30217  42.735  -49.558  -7.017 0.5000000000
27263  39.273  -53.190  -3.624 0.4000000060
26472  38.026  -54.617  -3.273 0.5000000000
31000  42.788  -49.080  -6.953 0.4000000060
119201  43.027  -49.374  -6.496 0.5000000000
31002  41.860  -48.544  -6.781 0.5000000000
26486  36.551  -55.102  -3.953 0.4000000060
25676  36.113  -55.624  -4.506 0.4000000060
26471  38.736  -54.049  -3.403 0.5000000000
31003  41.194  -47.909  -6.237 0.4000000060
26487  35.656  -54.977  -4.131 0.4000000060
24891  35.738  -56.270  -4.919 0.4000000060
26473  37.045  -54.638  -3.229 0.4000000060
130718  38.277  -54.062  -2.973 0.5000000000
27265  37.656  -53.918  -2.669 0.4000000060
28693  38.937  -51.596  -3.079 0.5000000000
28692  39.487  -51.187  -4.012 0.4000000060
30995  40.675  -48.229  -5.643 0.5000000000
30212  39.909  -49.042  -4.998 0.4000000060
30207  39.641  -49.439  -4.594 0.4000000060
130378  40.259  -48.533  -5.182 0.4000000060
25677  35.237  -55.649  -4.461 0.4000000060
27268  33.109  -53.717  -3.369 0.4000000060
27266  36.570  -53.892  -2.884 0.4000000060
28694  33.763  -52.045  -3.687 0.4000000060
27254  38.022  -52.975  -2.287 0.5000000000
27255  37.044  -53.142  -2.422 0.4000000060
124269  34.300  -51.403  -3.441 0.4000000060
27971  38.256  -52.007  -2.307 0.5000000000
30189  34.655  -49.529  -2.795 0.4000000060
122509  34.263  -50.485  -3.300 0.4000000060
28681  38.404  -50.972  -2.535 0.5000000000
115845  33.961  -48.816  -2.959 0.4000000060
29448  39.047  -50.552  -3.409 0.5000000000
30198  39.234  -49.542  -3.779 0.6000000238
117162  39.649  -48.948  -4.410 0.5000000000
25665  33.576  -55.289  -3.676 0.4000000060
26475  35.177  -54.268  -3.790 0.4000000060
27985  34.304  -52.751  -3.626 0.4000000060
27972  37.321  -52.281  -2.199 0.5000000000
27973  36.498  -52.484  -2.438 0.4000000060
27974  34.776  -52.076  -3.343 0.4000000060
28682  37.525  -51.369  -2.072 0.5000000000
28683  35.233  -51.291  -2.741 0.4000000060
30199  38.877  -49.124  -3.157 0.5000000000
30973  34.954  -48.689  -2.461 0.4000000060
112331  39.301  -48.876  -3.744 0.6000000238
30984  39.836  -48.250  -4.017 0.6000000238
26476  34.024  -54.276  -3.595 0.4000000060
27256  36.107  -53.054  -2.835 0.4000000060
27267  34.737  -53.492  -3.643 0.4000000060
27984  35.205  -52.868  -3.299 0.4000000060
121871  35.672  -52.258  -2.736 0.4000000060
29437  37.798  -50.419  -1.992 0.5000000000
29438  35.930  -50.864  -2.095 0.4000000060
29439  35.370  -50.241  -2.340 0.4000000060
29449  38.643  -49.863  -2.644 0.5000000000
30180  35.481  -49.408  -2.140 0.4000000060
31825  39.864  -47.165  -4.039 0.6000000238
31826  39.346  -47.643  -3.259 0.6000000238
30971  38.953  -48.429  -3.038 0.6000000238
26488  34.671  -55.072  -3.936 0.4000000060
120665  36.386  -51.649  -2.213 0.5000000000
113173  36.789  -50.769  -1.886 0.5000000000
29431  36.148  -50.207  -1.833 0.5000000000
116765  37.816  -49.548  -1.992 0.5000000000
29430  37.002  -49.934  -1.683 0.5000000000
129490  35.792  -49.849  -1.915 0.4000000060
30187  38.313  -49.027  -2.552 0.6000000238
30964  35.835  -48.670  -1.983 0.5000000000
31814  35.341  -47.873  -2.268 0.4000000060
30972  37.997  -48.303  -2.335 0.6000000238
30188  37.674  -48.891  -2.030 0.5000000000
30963  36.563  -48.717  -1.774 0.5000000000
31812  38.514  -47.547  -2.602 0.6000000238
31804  37.380  -47.512  -2.236 0.6000000238
30962  37.176  -48.409  -1.884 0.5000000000
33442  39.231  -45.754  -3.187 0.6000000238
35293  36.953  -43.745  -1.627 0.5000000000
34375  37.079  -44.901  -2.550 0.6000000238
124305  37.849  -45.035  -2.554 0.6000000238
33429  36.739  -45.410  -2.708 0.5000000000
32624  36.386  -46.275  -2.668 0.5000000000
32623  38.021  -46.692  -2.479 0.6000000238
125479  37.134  -46.705  -2.454 0.5000000000
31805  36.370  -47.903  -2.031 0.5000000000
120173  35.806  -47.080  -2.391 0.5000000000
36144  36.379  -43.056  -1.070 0.5000000000
35292  38.167  -43.678  -1.570 0.6000000238
109872  37.368  -45.997  -2.620 0.6000000238
31813  36.591  -47.091  -2.329 0.5000000000
33428  37.625  -45.340  -2.621 0.6000000238
30218  42.089  -49.211  -7.024 0.4000000060
32622  38.368  -45.890  -2.655 0.6000000238
30216  42.962  -49.866  -6.939 0.5000000000
111016  42.233  -50.815  -6.814 0.5000000000
27983  38.822  -52.586  -2.872 0.5000000000
26474  36.079  -54.438  -3.589 0.4000000060
28684  33.279  -51.250  -3.678 0.4000000060
116769  35.637  -53.652  -3.388 0.4000000060
115006  33.308  -52.837  -3.627 0.3000000119
30190  33.559  -49.608  -3.281 0.3000000119
28695  32.448  -52.156  -3.606 0.3000000119
29440  32.782  -50.400  -3.483 0.3000000119
23227  44.733  -59.278  -2.114 0.5000000000
25643  42.988  -55.665  -0.240 0.6999999881
25650  44.907  -55.905  -0.731 0.5000000000
27243  45.311  -53.567  -0.978 0.6000000238
27252  46.677  -53.879  -2.189 0.5000000000
27264  38.532  -53.490  -2.875 0.5000000000
27957  43.086  -52.360  -0.347 0.6999999881
27990  49.188  -52.194  -5.205 0.3000000119
29456  39.524  -50.217  -4.389 0.4000000060
29467  42.433  -49.963  -6.776 0.5000000000
30178  37.104  -49.146  -1.677 0.5000000000
30179  36.273  -49.429  -1.759 0.5000000000
30222  42.422  -48.999  -7.118 0.5000000000
30954  44.011  -48.438  -0.202 0.6000000238
30994  42.929  -48.698  -6.117 0.5000000000
31797  42.861  -47.425  -0.332 0.6999999881
31823  43.182  -47.515  -4.083 0.6999999881
31840  40.226  -46.986  -5.472 0.6000000238
32596  43.465  -46.248  0.294 0.6999999881
32611  42.534  -46.102  -0.577 0.6999999881
32614  46.336  -46.570  -1.222 0.6000000238
33399  44.655  -45.179  0.311 0.6999999881
33401  43.007  -45.708  0.286 0.6999999881
33440  43.114  -45.380  -3.631 0.8000000119
33476  41.311  -44.742  -6.837 0.8999999762
34365  46.554  -44.425  -1.036 0.6999999881
34403  42.896  -44.585  -5.271 0.8999999762
34412  48.732  -45.144  -8.106 0.4000000060
34416  39.876  -44.508  -6.362 0.8000000119
35270  44.140  -43.766  0.288 0.6999999881
35305  37.694  -44.498  -2.149 0.6000000238
35331  47.940  -42.870  -4.980 0.4000000060
36141  39.387  -42.311  -1.932 0.8000000119
36199  48.291  -42.809  -9.096 0.3000000119
36924  44.471  -41.317  -0.352 0.6999999881
36953  46.999  -41.759  -2.110 0.5000000000
36997  47.380  -41.452  -9.606 0.3000000119
37771  43.979  -40.841  -0.529 0.6000000238
37788  38.915  -40.758  -1.542 0.8000000119
37813  47.489  -40.649  -3.878 0.4000000060
37833  47.553  -40.895  -5.758 0.4000000060
37848  41.060  -40.878  -8.046 1.0000000000
37849  48.140  -40.962  -10.209 0.3000000119
38662  46.396  -39.553  -1.550 0.6000000238
38664  43.617  -39.544  -1.221 0.6999999881
39595  43.366  -38.170  -2.162 0.6999999881
39643  47.796  -38.735  -8.436 0.3000000119
39649  50.123  -39.161  -10.452 0.3000000119
39652  41.952  -37.897  -9.361 1.0000000000
40467  45.372  -38.124  -1.714 0.6000000238
40502  43.058  -37.618  -3.741 0.6999999881
40503  35.884  -37.889  -4.295 0.8999999762
40513  36.006  -37.983  -4.431 0.8999999762
41295  44.436  -36.537  -2.668 0.6999999881
41311  46.965  -36.440  -3.713 0.5000000000
41331  35.591  -37.273  -4.311 0.8999999762
42265  44.626  -35.618  -3.329 0.6999999881
42286  39.514  -34.630  -5.035 1.0000000000
43157  32.165  -34.747  -3.888 0.6999999881
43981  41.870  -33.309  -1.079 0.6999999881
44918  47.311  -32.549  -5.435 0.5000000000
44924  33.466  -32.660  -4.509 0.6000000238
45708  43.190  -31.399  -0.392 0.5000000000
45789  43.318  -30.609  -5.838 0.6999999881
46566  45.485  -30.582  -0.971 0.5000000000
47388  44.211  -29.189  0.226 0.4000000060
47389  43.281  -29.164  0.228 0.4000000060
47395  44.870  -29.497  -0.067 0.5000000000
49272  44.533  -27.200  0.183 0.3000000119
49274  43.278  -27.807  0.082 0.4000000060
50152  43.296  -26.588  -0.036 0.3000000119
50165  41.875  -26.764  -1.125 0.3000000119
52993  40.199  -24.186  -3.347 0.3000000119
55875  39.869  -20.592  -4.446 0.3000000119
56848  40.515  -19.314  -4.063 0.3000000119
56915  34.986  -19.279  -10.350 0.3000000119
107761  36.147  -21.950  -9.602 0.3000000119
107984  34.993  -19.840  -10.092 0.3000000119
108061  42.217  -33.070  -10.115 0.6999999881
110406  40.151  -45.052  -6.435 0.8000000119
110979  39.210  -46.687  -2.991 0.6000000238
111338  48.611  -49.347  -4.678 0.3000000119
111948  47.034  -39.064  -2.962 0.5000000000
111986  42.970  -51.070  -4.081 0.5000000000
112605  48.256  -48.788  -4.045 0.3000000119
113123  42.662  -42.018  -2.373 0.8000000119
115528  45.993  -42.875  -0.528 0.6999999881
115696  37.774  -38.314  -3.339 0.8999999762
116145  42.714  -40.068  -2.320 0.6999999881
116215  43.964  -36.404  -3.079 0.6999999881
116934  39.052  -21.345  -5.736 0.3000000119
117673  42.756  -38.774  -3.060 0.6999999881
117744  43.187  -37.174  -8.658 1.0000000000
118060  41.091  -25.890  -1.869 0.4000000060
120478  41.547  -26.145  -1.447 0.3000000119
120957  42.545  -54.066  -0.309 0.6000000238
121517  41.933  -31.149  -0.467 0.5000000000
121769  43.144  -43.241  -0.527 0.8000000119
122373  42.522  -38.013  -9.298 1.0000000000
124698  44.573  -48.949  -0.480 0.6999999881
124909  41.515  -30.549  -0.630 0.5000000000
126726  33.929  -53.373  -3.633 0.4000000060
126903  45.241  -27.209  -0.099 0.3000000119
127723  38.323  -41.172  -1.059 0.8000000119
128040  40.305  -34.230  -1.690 0.8999999762
128479  42.492  -31.377  -6.289 0.8000000119
128645  48.382  -55.380  -3.861 0.3000000119
129706  47.116  -32.565  -7.784 0.4000000060
129985  47.376  -36.553  -5.009 0.5000000000
130685  39.740  -44.074  -6.172 0.8000000119
