#!ascii label  , from subject Paciente_3 vox2ras=TkReg
603
20157  34.170  -62.560  -5.076 0.6000000238
16741  33.868  -66.738  1.133 0.6999999881
16753  33.970  -66.674  0.232 0.6999999881
17588  33.459  -66.047  -2.677 0.8999999762
17594  34.006  -65.304  -3.373 0.8000000119
125308  33.526  -65.090  -4.112 0.8000000119
115895  34.132  -61.999  -4.618 0.6000000238
21009  34.425  -61.749  -4.852 0.6999999881
21008  34.924  -61.295  -4.887 0.6999999881
16727  34.428  -66.187  1.468 0.6999999881
16728  33.937  -66.693  2.149 0.6999999881
110645  35.021  -65.447  0.271 0.6999999881
112934  34.960  -65.258  -0.538 0.6000000238
17572  34.411  -65.962  -0.930 0.6999999881
124225  34.793  -64.599  -2.028 0.8000000119
18440  34.573  -64.571  -2.977 0.8000000119
18447  34.102  -64.506  -3.884 0.8000000119
19284  33.910  -63.582  -4.306 0.6000000238
21005  34.333  -61.178  -4.361 0.6000000238
21731  34.623  -60.400  -4.724 0.6999999881
21730  35.209  -60.458  -4.977 0.6999999881
109172  34.817  -65.402  1.653 0.5000000000
16711  34.192  -66.079  2.839 0.6000000238
18410  35.133  -64.570  1.296 0.4000000060
127304  34.973  -65.142  0.872 0.6000000238
108906  35.156  -64.598  0.302 0.5000000000
19272  34.964  -63.903  -1.490 0.6000000238
17580  34.643  -65.316  -1.502 0.8000000119
19276  34.844  -63.634  -2.451 0.6999999881
20151  34.646  -62.919  -3.019 0.6999999881
21726  34.181  -60.236  -4.317 0.5000000000
22492  34.148  -59.648  -4.552 0.6000000238
23249  34.278  -59.049  -4.635 0.6000000238
22491  34.662  -59.754  -4.862 0.6000000238
22490  35.303  -59.657  -5.150 0.5000000000
110708  35.112  -63.780  2.764 0.5000000000
17524  34.253  -65.332  3.358 0.6000000238
110148  33.686  -65.965  3.530 0.6000000238
18389  35.001  -64.604  2.223 0.5000000000
116409  34.985  -63.265  -0.835 0.5000000000
113574  34.951  -62.994  -1.693 0.6000000238
20986  34.865  -62.096  -1.907 0.6000000238
20987  34.493  -60.869  -3.128 0.6000000238
22487  33.991  -59.692  -3.827 0.5000000000
124923  33.857  -59.500  -4.087 0.6000000238
23245  34.128  -58.275  -4.386 0.6000000238
115680  34.978  -59.153  -4.835 0.5000000000
24082  35.369  -57.878  -4.946 0.5000000000
23252  36.180  -58.564  -5.199 0.5000000000
23247  35.439  -58.865  -4.964 0.5000000000
18380  34.696  -64.574  3.117 0.5000000000
17511  33.585  -65.199  3.982 0.5000000000
19241  35.343  -63.830  1.809 0.5000000000
113502  35.340  -63.103  0.534 0.4000000060
20938  35.167  -61.700  0.088 0.3000000119
20129  35.026  -62.564  -0.152 0.4000000060
20956  34.945  -61.677  -0.635 0.3000000119
21685  35.025  -61.010  -0.352 0.3000000119
20136  34.933  -62.342  -1.079 0.5000000000
20972  34.901  -61.620  -1.345 0.5000000000
21697  34.800  -60.159  -2.546 0.5000000000
21710  34.433  -59.938  -3.298 0.5000000000
119166  33.867  -58.926  -3.838 0.6000000238
119323  33.928  -58.931  -4.265 0.6000000238
23248  34.657  -58.474  -4.723 0.5000000000
110711  35.775  -57.080  -5.083 0.5000000000
19215  34.525  -63.597  3.648 0.5000000000
20090  35.129  -62.899  3.199 0.5000000000
20105  35.656  -62.170  1.777 0.5000000000
20937  35.708  -61.564  0.862 0.4000000060
20118  35.500  -62.379  0.707 0.5000000000
127178  35.411  -61.081  0.199 0.4000000060
21677  35.375  -60.443  -0.125 0.3000000119
22459  35.155  -59.511  -1.292 0.3000000119
22460  34.940  -59.431  -2.148 0.4000000060
22470  34.639  -59.453  -2.849 0.5000000000
22478  34.162  -59.149  -3.331 0.4000000060
24892  34.245  -56.773  -4.436 0.5000000000
24074  34.428  -57.608  -4.623 0.5000000000
24901  36.517  -56.914  -5.050 0.5000000000
20076  34.633  -62.531  3.913 0.5000000000
20089  35.461  -62.346  2.736 0.5000000000
20923  35.838  -61.201  1.796 0.4000000060
21676  35.909  -60.643  0.832 0.4000000060
121379  35.942  -59.044  -0.536 0.3000000119
119714  35.368  -58.806  -1.052 0.3000000119
23220  35.046  -58.519  -1.839 0.4000000060
23221  34.717  -57.736  -2.573 0.4000000060
117897  34.650  -58.746  -2.730 0.4000000060
23229  34.359  -58.118  -3.421 0.5000000000
113598  34.175  -57.221  -3.775 0.5000000000
118514  33.955  -58.154  -3.995 0.6000000238
124063  34.874  -56.267  -4.629 0.4000000060
24902  35.024  -56.943  -4.823 0.5000000000
20075  35.208  -62.043  3.469 0.4000000060
21668  36.034  -60.391  1.977 0.4000000060
116939  35.811  -60.849  2.614 0.4000000060
121183  36.325  -59.172  0.388 0.4000000060
22435  35.880  -59.840  0.141 0.4000000060
23196  35.629  -58.029  -0.827 0.4000000060
23205  35.248  -57.783  -1.336 0.4000000060
23206  34.909  -57.488  -1.875 0.4000000060
24052  34.397  -56.685  -2.285 0.4000000060
24061  34.377  -56.986  -3.137 0.5000000000
118568  33.839  -56.393  -3.456 0.5000000000
24884  33.363  -55.970  -3.519 0.6000000238
24893  33.687  -56.475  -3.961 0.5000000000
25665  33.576  -55.289  -3.676 0.4000000060
25678  34.167  -55.941  -4.169 0.4000000060
130675  35.557  -60.220  3.729 0.4000000060
23188  36.575  -58.759  1.491 0.4000000060
21661  35.918  -60.258  2.985 0.4000000060
22434  36.322  -59.781  1.188 0.4000000060
24039  34.747  -56.822  -1.510 0.4000000060
117115  34.051  -56.011  -1.761 0.4000000060
125674  33.884  -56.299  -2.872 0.4000000060
24877  33.339  -55.883  -2.975 0.5000000000
25666  32.942  -55.427  -3.347 0.4000000060
25679  33.389  -55.913  -3.739 0.6000000238
22409  35.857  -59.566  3.503 0.4000000060
22425  36.324  -59.602  2.424 0.4000000060
120006  36.595  -57.850  1.087 0.4000000060
23195  36.317  -58.207  0.071 0.4000000060
24027  35.671  -57.257  -0.529 0.4000000060
123672  35.017  -56.578  -0.695 0.4000000060
24847  34.099  -55.405  -1.045 0.5000000000
24859  34.451  -56.180  -1.117 0.4000000060
24860  33.703  -55.458  -1.432 0.3000000119
24861  33.214  -55.489  -1.931 0.3000000119
24869  33.632  -55.903  -2.387 0.4000000060
25667  32.494  -54.861  -2.907 0.4000000060
24026  36.314  -57.236  0.368 0.4000000060
24845  35.639  -56.443  -0.219 0.4000000060
24846  34.649  -55.809  -0.620 0.3000000119
25636  33.959  -54.896  -0.799 0.3000000119
25646  33.554  -54.917  -1.095 0.3000000119
25647  33.039  -54.940  -1.423 0.3000000119
25652  32.459  -54.973  -2.206 0.3000000119
27269  32.409  -54.005  -2.944 0.4000000060
27986  32.310  -53.124  -3.269 0.4000000060
23180  36.567  -57.854  2.196 0.3000000119
24016  36.571  -57.169  1.471 0.3000000119
24837  36.349  -56.511  0.790 0.3000000119
120442  36.004  -55.923  0.261 0.3000000119
118473  35.290  -55.723  -0.179 0.3000000119
26443  33.765  -54.392  -0.585 0.3000000119
26453  33.133  -54.370  -0.832 0.4000000060
26444  33.000  -53.895  -0.595 0.4000000060
119071  32.646  -54.434  -1.328 0.3000000119
27246  31.931  -53.598  -2.111 0.3000000119
27257  31.776  -53.353  -2.598 0.4000000060
27975  31.529  -52.635  -3.080 0.4000000060
28695  32.448  -52.156  -3.606 0.4000000060
27227  32.586  -53.324  -0.662 0.4000000060
27238  32.511  -53.827  -0.899 0.4000000060
27239  32.027  -53.072  -1.133 0.3000000119
27258  31.522  -53.175  -2.121 0.4000000060
111082  30.895  -52.162  -2.242 0.4000000060
28686  30.976  -51.466  -2.835 0.4000000060
112972  31.074  -52.224  -2.798 0.4000000060
28685  31.449  -51.963  -3.236 0.4000000060
27959  31.572  -52.482  -1.355 0.4000000060
120232  31.079  -52.162  -1.700 0.5000000000
28676  30.869  -51.385  -1.951 0.4000000060
110386  30.815  -50.717  -2.512 0.4000000060
117736  31.966  -51.258  -3.447 0.3000000119
29441  31.367  -50.402  -3.110 0.3000000119
20154  33.927  -62.816  -4.687 0.6999999881
17587  34.359  -65.351  -2.412 0.8000000119
128352  34.061  -62.208  -4.318 0.6000000238
19283  34.457  -63.655  -3.439 0.6999999881
20152  34.219  -62.625  -3.833 0.6999999881
19267  35.123  -63.594  0.012 0.4000000060
20143  34.827  -62.704  -2.397 0.6999999881
20999  34.201  -61.590  -3.904 0.6999999881
115300  34.915  -60.993  -1.103 0.4000000060
24075  34.036  -57.312  -4.119 0.5000000000
24038  35.143  -57.071  -0.989 0.3000000119
24870  33.017  -55.531  -2.501 0.4000000060
23181  36.290  -58.633  3.115 0.4000000060
121024  32.253  -54.100  -1.719 0.3000000119
27247  31.940  -53.405  -1.625 0.3000000119
27965  31.310  -52.771  -1.808 0.3000000119
13748  31.960  -70.496  -3.034 0.6000000238
12968  31.976  -70.979  -2.953 0.6000000238
111279  32.710  -71.634  -4.774 0.6000000238
13785  32.914  -70.319  -4.161 0.6000000238
12231  32.991  -72.331  -1.470 0.5000000000
12958  32.419  -71.388  -2.164 0.6000000238
14493  31.591  -69.428  -1.814 0.6999999881
13749  31.730  -69.923  -2.406 0.6999999881
14516  31.915  -69.234  -3.132 0.6000000238
13771  32.193  -69.969  -3.374 0.6000000238
14531  32.305  -68.807  -3.651 0.6000000238
14546  32.679  -69.077  -3.875 0.6000000238
124447  33.088  -69.261  -4.125 0.6000000238
116065  33.627  -68.728  -4.371 0.6000000238
15252  34.503  -68.517  -4.814 0.6999999881
12947  32.772  -71.492  -0.938 0.6000000238
14492  31.785  -69.479  -1.195 0.6999999881
13738  31.745  -69.987  -1.678 0.6999999881
12959  32.225  -70.658  -1.428 0.6999999881
15224  31.875  -68.450  -2.601 0.6999999881
15237  31.880  -68.529  -3.116 0.6999999881
16009  31.996  -68.212  -3.870 0.5000000000
109194  32.837  -68.370  -4.182 0.6000000238
16014  33.767  -67.635  -4.670 0.6000000238
16013  34.693  -67.493  -4.924 0.6999999881
16791  34.927  -66.495  -5.131 0.6999999881
16012  35.606  -67.362  -5.266 0.6999999881
129149  35.752  -66.516  -5.439 0.6999999881
16023  41.268  -67.393  -8.119 0.4000000060
113404  39.271  -66.294  -8.054 0.5000000000
17613  38.251  -65.881  -7.528 0.6000000238
16804  37.596  -66.353  -7.053 0.6000000238
118427  36.317  -66.102  -5.825 0.6999999881
12198  31.947  -72.640  1.529 0.5000000000
12934  32.225  -71.768  0.943 0.5000000000
111875  32.114  -69.539  -0.292 0.6000000238
12197  32.697  -72.725  0.742 0.5000000000
14480  31.883  -69.154  -0.766 0.6999999881
127512  32.421  -71.000  0.372 0.5000000000
12948  32.522  -70.785  -0.450 0.6000000238
128435  31.671  -69.172  -1.380 0.6999999881
124173  31.635  -68.903  -1.891 0.6999999881
15994  32.100  -67.812  -2.734 0.6999999881
16003  31.897  -68.010  -3.686 0.6999999881
128186  32.598  -67.333  -4.585 0.6000000238
16015  32.915  -66.815  -5.270 0.6000000238
16798  34.177  -66.026  -5.861 0.6999999881
16797  35.335  -65.846  -5.642 0.6999999881
110811  37.385  -65.380  -7.166 0.6000000238
16805  36.785  -65.633  -6.531 0.6000000238
111426  31.279  -70.164  1.980 0.5000000000
11489  30.354  -73.276  2.481 0.4000000060
13709  31.778  -70.025  0.867 0.5000000000
12915  30.916  -71.785  2.249 0.5000000000
113951  31.771  -70.892  0.941 0.5000000000
15960  32.245  -68.484  0.347 0.6000000238
14471  32.110  -69.239  0.200 0.6000000238
15984  32.861  -68.030  -1.055 0.6999999881
15973  32.303  -68.476  -0.588 0.6000000238
117003  32.276  -68.380  -1.411 0.6999999881
15213  31.973  -68.382  -1.986 0.6999999881
16002  31.919  -67.326  -3.881 0.6999999881
128298  32.295  -66.807  -4.821 0.6999999881
16800  32.545  -66.180  -5.877 0.6999999881
16799  33.183  -66.335  -5.825 0.6999999881
17608  34.248  -65.251  -5.911 0.8000000119
16806  35.881  -65.401  -5.926 0.6999999881
18461  38.019  -65.005  -7.617 0.5000000000
17614  36.251  -64.928  -6.190 0.6000000238
129965  29.746  -71.895  2.749 0.4000000060
14459  31.711  -69.440  1.251 0.6000000238
15188  32.035  -68.994  0.763 0.6000000238
15972  32.707  -67.846  -0.043 0.6000000238
16765  33.458  -67.251  -0.514 0.6000000238
16771  33.613  -66.713  -2.014 0.6999999881
15985  32.557  -67.842  -2.119 0.6999999881
16777  32.349  -67.162  -2.976 0.6999999881
120018  32.019  -67.212  -3.409 0.6999999881
17595  32.249  -65.889  -4.148 0.8000000119
16785  32.005  -66.567  -4.030 0.8000000119
17603  31.923  -65.468  -5.276 0.6000000238
17609  33.187  -65.771  -6.087 0.6000000238
18465  35.451  -64.203  -5.794 0.8000000119
17615  35.334  -64.880  -5.899 0.6999999881
18469  38.826  -64.717  -7.974 0.5000000000
117102  38.044  -64.179  -7.580 0.6000000238
18463  36.672  -64.398  -6.303 0.6999999881
19304  38.910  -63.874  -7.958 0.6000000238
14448  30.745  -69.823  2.876 0.5000000000
14449  29.867  -69.993  3.464 0.4000000060
13671  29.334  -70.669  3.501 0.4000000060
15189  31.504  -69.001  1.812 0.5000000000
127369  31.289  -69.489  2.141 0.5000000000
15959  32.591  -67.815  0.964 0.6000000238
16754  33.229  -67.230  0.543 0.6000000238
16764  34.150  -66.561  -0.511 0.6000000238
17581  34.055  -66.010  -1.778 0.6999999881
16784  32.633  -66.442  -3.305 0.8000000119
109072  33.008  -65.672  -3.706 0.8000000119
18452  32.595  -64.546  -5.062 0.6000000238
18455  33.012  -64.355  -5.490 0.6000000238
18459  33.120  -64.835  -6.022 0.6999999881
18458  34.530  -64.529  -5.830 0.6999999881
20166  36.616  -63.368  -5.703 0.6999999881
18462  37.264  -64.515  -7.083 0.6000000238
109453  37.289  -62.981  -6.479 0.6000000238
117608  37.394  -62.093  -6.565 0.6000000238
19296  38.149  -63.372  -7.656 0.6000000238
20164  37.685  -62.335  -7.192 0.6000000238
15937  32.355  -67.616  2.857 0.5000000000
15178  31.448  -68.561  2.655 0.5000000000
14437  30.249  -69.227  3.621 0.5000000000
13653  29.034  -69.880  4.050 0.5000000000
122402  31.932  -68.151  2.370 0.5000000000
18451  33.318  -64.416  -4.626 0.6999999881
19286  33.476  -63.794  -4.912 0.6000000238
19289  33.766  -63.787  -5.339 0.6000000238
111504  34.348  -63.470  -5.442 0.6000000238
20160  35.977  -62.813  -5.369 0.6999999881
119158  35.042  -63.180  -5.492 0.6000000238
20171  39.037  -63.016  -8.035 0.5000000000
21020  37.807  -61.583  -7.131 0.4000000060
113999  33.575  -66.674  3.060 0.5000000000
15925  31.936  -67.280  3.616 0.5000000000
15926  31.128  -67.599  3.882 0.5000000000
15172  28.943  -68.313  4.192 0.5000000000
116518  28.006  -68.257  3.847 0.5000000000
20161  35.036  -62.469  -5.304 0.6000000238
21014  35.795  -61.990  -5.095 0.4000000060
21013  36.690  -61.980  -5.368 0.5000000000
21012  36.961  -61.166  -5.855 0.4000000060
21739  37.864  -60.740  -7.070 0.4000000060
21021  37.383  -61.308  -6.531 0.5000000000
126750  33.123  -66.437  3.652 0.6000000238
16704  32.256  -66.435  4.075 0.5000000000
16714  30.652  -67.199  4.278 0.5000000000
15920  30.012  -67.123  4.411 0.5000000000
15929  28.595  -67.352  3.893 0.5000000000
15930  27.656  -67.438  3.297 0.5000000000
15939  27.028  -67.522  2.748 0.4000000060
15190  26.071  -68.003  1.937 0.5000000000
15951  25.561  -68.137  1.135 0.4000000060
15200  25.213  -68.403  0.160 0.4000000060
14481  25.023  -69.233  -0.382 0.4000000060
21734  35.650  -61.190  -4.933 0.6000000238
21729  35.803  -60.281  -5.641 0.4000000060
129168  36.458  -60.528  -6.002 0.4000000060
21733  37.133  -60.411  -6.459 0.4000000060
16703  32.981  -65.767  4.097 0.5000000000
114746  31.274  -66.030  4.538 0.4000000060
16706  29.612  -66.264  4.377 0.4000000060
16716  28.810  -66.391  3.921 0.5000000000
17525  28.313  -65.564  3.794 0.4000000060
122605  27.118  -66.787  2.705 0.5000000000
16730  27.103  -65.859  2.709 0.4000000060
16731  26.502  -66.214  2.090 0.5000000000
125094  26.405  -67.187  2.126 0.5000000000
16743  26.110  -66.561  1.324 0.3000000119
15962  25.499  -67.501  0.408 0.3000000119
15975  25.442  -67.618  -0.651 0.3000000119
22498  35.934  -59.370  -5.611 0.4000000060
17513  32.069  -65.374  4.568 0.5000000000
109827  31.039  -65.254  4.675 0.5000000000
17514  30.214  -65.537  4.646 0.4000000060
18369  33.318  -64.487  4.357 0.4000000060
18370  32.407  -64.402  4.613 0.4000000060
18371  31.370  -64.487  4.729 0.4000000060
19207  30.699  -63.561  4.689 0.4000000060
20077  33.917  -62.980  4.274 0.4000000060
19205  32.305  -63.551  4.676 0.4000000060
111044  31.648  -63.845  4.744 0.4000000060
20060  34.027  -62.122  4.391 0.4000000060
19206  31.482  -63.127  4.683 0.4000000060
20064  30.719  -62.665  4.544 0.4000000060
19218  29.002  -63.202  4.169 0.4000000060
20062  32.276  -62.757  4.622 0.4000000060
20903  34.690  -61.565  4.104 0.3000000119
20063  31.518  -62.341  4.551 0.4000000060
118639  30.877  -62.037  4.282 0.4000000060
20079  30.119  -62.147  3.898 0.4000000060
21651  35.043  -60.669  4.051 0.4000000060
20092  29.528  -62.034  3.013 0.4000000060
20091  30.050  -61.690  2.917 0.4000000060
22410  35.034  -59.719  4.285 0.3000000119
118322  34.451  -60.211  4.424 0.4000000060
20904  32.457  -61.194  4.358 0.4000000060
20078  31.498  -61.533  4.264 0.4000000060
20906  31.085  -61.091  3.713 0.4000000060
112720  31.929  -60.002  3.486 0.3000000119
118117  33.801  -63.364  -5.097 0.6000000238
16742  33.225  -67.277  1.561 0.5000000000
21016  34.559  -62.161  -5.140 0.6000000238
22497  36.459  -59.816  -6.147 0.4000000060
13770  32.459  -70.777  -3.886 0.6000000238
17607  34.992  -65.461  -5.791 0.6999999881
16809  39.978  -66.879  -8.345 0.5000000000
17618  39.799  -65.386  -8.280 0.5000000000
16803  38.531  -66.884  -7.512 0.5000000000
17619  38.789  -65.443  -7.906 0.4000000060
12182  31.167  -72.563  2.174 0.5000000000
16788  32.096  -66.673  -4.460 0.6999999881
118434  36.795  -64.974  -6.796 0.6000000238
15199  32.045  -68.887  -0.250 0.6000000238
16801  32.097  -65.775  -5.699 0.6999999881
18464  36.002  -64.464  -5.884 0.6999999881
12898  29.553  -71.294  2.960 0.4000000060
17598  31.938  -65.105  -4.907 0.6000000238
19292  35.701  -63.606  -5.609 0.6999999881
19299  36.250  -63.992  -5.788 0.6999999881
19303  39.913  -63.600  -8.180 0.5000000000
18468  39.794  -64.437  -8.210 0.5000000000
19297  37.403  -63.673  -7.016 0.6000000238
124926  33.299  -64.010  -5.157 0.6999999881
19294  33.959  -64.139  -5.667 0.6999999881
19293  34.856  -63.857  -5.703 0.6999999881
20165  37.059  -62.601  -5.755 0.6000000238
115437  37.654  -62.983  -7.279 0.6000000238
122502  38.302  -61.932  -7.524 0.6000000238
15938  31.617  -67.949  3.178 0.5000000000
15170  30.857  -68.419  3.562 0.5000000000
118759  29.376  -69.093  4.089 0.4000000060
20162  34.446  -62.798  -5.271 0.6000000238
14472  25.109  -69.344  0.553 0.3000000119
111151  36.366  -61.129  -5.299 0.5000000000
22496  37.277  -59.447  -6.427 0.4000000060
16717  27.900  -66.405  3.344 0.5000000000
15950  25.846  -67.358  1.294 0.4000000060
20889  33.974  -61.431  4.441 0.4000000060
20891  32.316  -61.974  4.509 0.4000000060
10929  41.600  -75.420  -7.505 0.3000000119
127224  41.107  -75.007  -6.253 0.3000000119
12289  36.862  -71.811  -7.316 0.4000000060
13003  37.234  -71.388  -5.961 0.4000000060
12271  36.535  -71.914  -5.222 0.4000000060
120309  35.862  -72.529  -4.836 0.4000000060
13024  37.481  -70.821  -8.115 0.4000000060
13025  36.804  -71.073  -8.101 0.4000000060
112480  35.925  -71.201  -8.131 0.4000000060
13794  36.720  -70.568  -8.129 0.5000000000
13801  35.251  -71.048  -8.053 0.5000000000
13796  34.882  -70.565  -7.436 0.5000000000
13011  37.946  -70.760  -6.567 0.4000000060
13012  37.343  -71.336  -6.985 0.5000000000
12296  36.811  -71.432  -7.869 0.5000000000
13797  34.143  -71.274  -6.930 0.5000000000
13781  38.302  -70.242  -5.839 0.5000000000
13782  37.595  -70.772  -5.454 0.5000000000
121609  37.027  -71.238  -5.078 0.4000000060
12992  36.720  -71.552  -4.336 0.4000000060
11599  35.758  -73.237  -4.104 0.4000000060
12258  36.220  -72.753  -3.318 0.4000000060
10883  36.201  -74.676  -3.064 0.3000000119
10207  37.271  -75.897  -3.996 0.4000000060
13793  39.791  -69.944  -8.545 0.4000000060
14558  39.060  -69.793  -9.067 0.4000000060
15263  38.329  -69.443  -8.392 0.4000000060
13790  39.601  -70.097  -8.105 0.4000000060
124485  38.769  -70.368  -8.505 0.4000000060
114886  39.028  -70.135  -9.112 0.4000000060
14560  37.522  -69.900  -8.201 0.4000000060
14555  36.561  -69.656  -7.538 0.5000000000
13791  39.119  -70.003  -6.792 0.4000000060
123521  38.637  -70.382  -7.436 0.4000000060
13018  37.366  -71.140  -7.773 0.4000000060
14554  37.466  -69.083  -7.680 0.5000000000
14556  35.538  -69.785  -7.120 0.5000000000
123551  34.917  -69.920  -6.671 0.6000000238
14552  34.761  -69.885  -5.704 0.6000000238
13792  33.595  -71.159  -6.092 0.6000000238
16017  36.355  -67.124  -5.780 0.6000000238
15255  36.126  -68.165  -5.849 0.6000000238
13783  34.081  -70.453  -5.332 0.5000000000
12978  36.449  -71.967  -3.586 0.4000000060
14545  33.578  -69.949  -4.475 0.5000000000
11590  36.105  -73.765  -3.108 0.4000000060
11574  36.507  -74.130  -2.304 0.4000000060
10873  37.044  -74.835  -2.550 0.4000000060
15258  38.974  -68.876  -8.428 0.4000000060
16020  38.765  -67.874  -7.837 0.5000000000
15259  38.142  -68.517  -7.772 0.5000000000
16022  37.404  -68.309  -7.182 0.5000000000
14550  36.152  -69.026  -6.490 0.5000000000
16016  36.851  -67.836  -6.493 0.5000000000
122223  35.668  -68.882  -5.756 0.6000000238
16796  36.990  -66.733  -6.396 0.6000000238
10253  41.641  -75.577  -7.699 0.3000000119
11589  39.883  -74.156  -2.942 0.3000000119
14548  40.291  -68.869  -7.522 0.4000000060
15257  40.472  -68.589  -8.022 0.4000000060
110878  40.211  -68.315  -8.212 0.4000000060
15262  39.566  -69.257  -8.557 0.4000000060
16026  39.596  -68.234  -8.221 0.4000000060
16810  39.389  -67.292  -8.084 0.4000000060
16021  37.737  -67.499  -7.161 0.5000000000
14543  35.073  -69.175  -5.351 0.6000000238
14544  34.344  -69.526  -4.894 0.5000000000
13800  37.611  -70.509  -8.263 0.4000000060
119341  34.412  -70.541  -6.352 0.5000000000
10870  39.143  -74.473  -2.533 0.3000000119
130895  39.342  -69.911  -9.012 0.4000000060
15260  36.819  -68.703  -6.981 0.5000000000
128065  36.519  -68.431  -6.405 0.6000000238
26466  32.240  -54.153  -2.416 0.3000000119
10922  41.072  -75.497  -6.860 0.3000000119
12213  33.151  -72.447  -0.332 0.6000000238
12272  36.200  -72.288  -4.210 0.4000000060
12897  30.325  -71.469  2.568 0.5000000000
12914  31.556  -71.763  1.682 0.5000000000
12933  32.831  -71.629  0.134 0.6000000238
12980  32.200  -70.614  -3.505 0.6000000238
12993  32.429  -71.232  -4.162 0.6000000238
13017  37.971  -70.770  -7.671 0.4000000060
13023  37.950  -70.629  -8.196 0.4000000060
13654  28.419  -70.556  3.783 0.5000000000
13670  30.327  -70.706  2.756 0.5000000000
13689  30.994  -70.948  1.780 0.5000000000
13726  32.114  -70.037  -0.868 0.6999999881
13727  24.778  -70.005  -0.823 0.4000000060
13759  31.926  -69.925  -3.010 0.6000000238
13795  35.775  -70.478  -7.900 0.5000000000
13798  39.466  -70.086  -8.842 0.4000000060
13799  38.251  -70.352  -8.594 0.4000000060
14501  31.685  -69.185  -2.539 0.6999999881
14532  32.171  -69.273  -3.403 0.6000000238
14551  35.427  -69.467  -6.089 0.6000000238
14553  40.122  -69.509  -8.203 0.4000000060
14557  39.713  -69.777  -8.612 0.4000000060
14559  38.401  -70.158  -8.930 0.4000000060
15171  29.926  -68.468  4.146 0.4000000060
15173  26.726  -69.202  3.340 0.5000000000
15179  30.970  -69.066  2.770 0.5000000000
15191  25.356  -68.828  1.024 0.3000000119
15205  31.898  -68.823  -1.199 0.6999999881
15246  32.284  -68.202  -4.086 0.6000000238
15247  31.998  -68.637  -3.459 0.5000000000
15251  35.339  -68.318  -5.241 0.6999999881
15261  40.617  -68.095  -8.063 0.4000000060
15927  30.371  -67.795  4.222 0.5000000000
15928  29.527  -67.697  4.288 0.5000000000
15948  32.565  -67.814  1.977 0.5000000000
15949  32.053  -68.484  1.437 0.6000000238
15961  25.803  -66.857  0.636 0.3000000119
15995  31.936  -67.896  -3.281 0.6999999881
16705  30.525  -66.524  4.473 0.4000000060
16712  32.778  -66.997  3.329 0.5000000000
16713  31.321  -66.879  4.209 0.5000000000
16715  29.339  -66.988  4.195 0.5000000000
16729  33.122  -67.232  2.526 0.5000000000
16740  34.369  -66.302  0.738 0.6999999881
16752  34.748  -66.140  -0.016 0.6999999881
16756  25.730  -66.864  -0.252 0.3000000119
16776  33.010  -67.018  -2.522 0.6999999881
16792  33.853  -66.719  -5.228 0.6000000238
16793  32.458  -66.468  -5.428 0.6999999881
16794  32.131  -66.119  -5.167 0.6000000238
17512  32.912  -65.058  4.405 0.5000000000
17523  34.649  -65.374  2.588 0.6000000238
17526  27.554  -65.321  3.306 0.4000000060
17536  34.489  -66.010  2.167 0.5000000000
17552  34.742  -65.770  0.834 0.6000000238
17573  33.938  -66.742  -1.267 0.6999999881
17599  32.080  -65.875  -4.694 0.6999999881
17602  32.046  -64.928  -5.572 0.6000000238
17610  32.387  -65.521  -5.999 0.6999999881
18381  34.055  -64.510  3.810 0.5000000000
18431  35.020  -64.216  -0.642 0.5000000000
18448  32.528  -65.113  -4.536 0.6999999881
19204  32.986  -63.882  4.567 0.4000000060
19208  29.645  -63.846  4.549 0.4000000060
19216  33.688  -63.792  4.250 0.4000000060
19217  29.891  -62.961  4.341 0.4000000060
19226  35.428  -63.024  2.289 0.5000000000
19298  37.027  -63.799  -6.161 0.6999999881
20061  33.142  -62.452  4.524 0.4000000060
20106  35.489  -63.062  1.329 0.5000000000
20144  34.602  -61.955  -2.915 0.6000000238
20890  33.220  -61.676  4.481 0.4000000060
20902  35.290  -61.332  3.624 0.4000000060
20905  31.786  -60.779  3.925 0.4000000060
20912  35.617  -61.551  2.811 0.4000000060
20973  34.841  -61.123  -2.080 0.6000000238
21015  35.066  -61.859  -5.140 0.6000000238
21022  37.241  -61.845  -5.973 0.6000000238
21639  34.258  -60.840  4.401 0.4000000060
21640  33.384  -60.959  4.445 0.4000000060
21654  31.110  -60.592  3.254 0.3000000119
21696  34.972  -60.249  -1.637 0.4000000060
21719  34.148  -60.542  -3.848 0.5000000000
22446  35.443  -59.726  -0.641 0.3000000119
24066  33.818  -56.603  -3.839 0.5000000000
24878  32.814  -55.427  -2.972 0.4000000060
25635  34.642  -55.099  -0.422 0.3000000119
26477  32.871  -54.699  -3.341 0.5000000000
27228  32.131  -52.524  -0.801 0.4000000060
27976  31.188  -52.782  -2.436 0.4000000060
108123  33.341  -67.402  -1.628 0.6999999881
109502  35.304  -63.809  0.888 0.4000000060
111507  26.336  -65.710  1.322 0.3000000119
112765  33.068  -63.235  4.564 0.4000000060
113381  32.317  -70.251  0.137 0.5000000000
114462  31.917  -70.553  -2.321 0.6999999881
115063  35.094  -60.319  -0.787 0.3000000119
115115  34.601  -60.980  -4.607 0.6999999881
115482  32.056  -67.528  -4.241 0.6999999881
115705  26.605  -67.919  2.535 0.5000000000
115974  40.146  -69.003  -8.286 0.4000000060
116574  34.090  -63.161  -5.244 0.6000000238
117151  30.632  -61.557  3.791 0.4000000060
119696  32.519  -69.858  -3.669 0.6000000238
120054  36.335  -57.693  -5.081 0.5000000000
121118  35.590  -60.818  3.370 0.4000000060
123765  33.090  -67.713  -4.502 0.6000000238
124125  32.595  -70.936  -4.248 0.6000000238
126765  32.678  -71.797  -4.919 0.6000000238
128654  38.489  -70.324  -6.647 0.4000000060
128744  29.634  -69.547  3.851 0.5000000000
129003  31.741  -68.587  2.079 0.5000000000
129035  37.134  -64.100  -6.572 0.6000000238
129077  32.222  -66.647  -3.590 0.6999999881
130457  34.911  -64.667  -1.254 0.6000000238
