#!ascii label  , from subject Paciente_3 vox2ras=TkReg
776
12243  36.433  -73.160  -2.397 0.3000000119
19301  41.936  -63.862  -8.551 0.6000000238
22501  40.602  -59.718  -8.004 0.6999999881
112107  40.020  -58.813  -7.644 0.6999999881
12967  36.516  -72.046  -2.672 0.4000000060
15254  39.898  -68.910  -6.788 0.4000000060
124061  36.866  -71.639  -1.955 0.5000000000
18466  42.314  -64.748  -8.523 0.6999999881
20169  41.047  -62.083  -8.315 0.6999999881
114425  41.421  -62.867  -8.366 0.5000000000
22507  41.470  -60.213  -8.344 0.6000000238
21736  40.622  -60.647  -8.189 0.6000000238
23255  41.195  -58.821  -8.128 0.6999999881
24084  40.265  -57.261  -7.044 0.6999999881
12977  36.913  -71.307  -3.524 0.5000000000
14541  39.318  -69.210  -6.361 0.4000000060
112640  37.033  -71.139  -2.668 0.6000000238
16018  41.234  -67.463  -7.800 0.4000000060
16802  41.929  -66.924  -7.999 0.5000000000
13758  37.344  -70.579  -3.468 0.6000000238
16807  41.790  -66.677  -8.286 0.6000000238
17612  42.237  -66.088  -8.084 0.6000000238
13747  37.270  -70.371  -2.576 0.6000000238
18460  42.610  -64.384  -8.163 0.6000000238
121190  41.672  -61.486  -8.294 0.6000000238
21741  41.953  -60.570  -8.360 0.6000000238
23254  42.111  -58.781  -8.416 0.6999999881
22500  41.772  -59.493  -8.462 0.6999999881
116516  41.741  -58.101  -8.086 0.6999999881
24091  41.257  -57.552  -7.537 0.6999999881
24905  40.592  -56.440  -6.569 0.6999999881
24910  42.171  -56.670  -7.304 0.6999999881
24911  41.351  -56.910  -7.169 0.6999999881
25692  40.870  -55.617  -6.330 0.6999999881
25691  42.025  -55.254  -6.734 0.6999999881
12991  37.342  -70.823  -4.421 0.5000000000
13781  38.302  -70.242  -5.839 0.5000000000
116732  40.821  -67.519  -7.034 0.4000000060
14530  37.796  -70.105  -4.204 0.5000000000
16795  41.512  -66.933  -7.417 0.5000000000
125617  42.573  -65.618  -7.977 0.6000000238
15236  37.793  -68.999  -3.151 0.6000000238
14515  37.656  -69.820  -3.360 0.5000000000
15235  38.232  -68.260  -3.745 0.5000000000
19300  42.516  -63.596  -8.311 0.6999999881
121493  42.145  -62.092  -8.224 0.6000000238
20168  42.224  -62.889  -8.442 0.6999999881
22505  42.165  -59.941  -8.425 0.6000000238
21023  42.070  -61.242  -8.084 0.6000000238
23253  42.541  -58.763  -8.160 0.6000000238
24089  42.736  -57.515  -7.672 0.6000000238
24090  42.209  -57.385  -7.714 0.6999999881
24909  42.715  -56.829  -7.434 0.6000000238
24904  41.613  -56.146  -6.879 0.6999999881
26494  40.994  -54.772  -6.249 0.6999999881
25695  42.548  -56.063  -7.146 0.6999999881
15253  40.181  -68.190  -6.688 0.4000000060
13769  37.846  -70.329  -4.954 0.5000000000
15250  38.963  -68.854  -5.439 0.4000000060
16789  40.733  -66.786  -6.541 0.5000000000
17605  42.137  -66.202  -7.655 0.6000000238
111952  38.509  -69.203  -4.953 0.4000000060
17604  42.762  -65.024  -8.009 0.6000000238
14514  38.121  -69.256  -4.142 0.4000000060
15244  39.130  -68.065  -5.168 0.4000000060
121969  38.688  -67.933  -4.412 0.4000000060
16007  39.026  -67.352  -4.622 0.4000000060
19295  42.800  -63.440  -8.082 0.6999999881
20167  42.505  -62.742  -8.219 0.6000000238
118857  42.799  -58.096  -7.895 0.6000000238
22499  42.482  -59.542  -8.091 0.6000000238
26495  40.383  -54.286  -5.420 0.6999999881
26499  41.845  -54.483  -6.534 0.6999999881
26498  42.737  -54.344  -7.036 0.6000000238
122854  39.708  -67.906  -5.839 0.4000000060
16010  40.173  -67.412  -6.154 0.4000000060
110222  42.359  -65.277  -7.576 0.6999999881
16011  39.496  -67.321  -5.395 0.4000000060
18456  42.458  -64.265  -7.696 0.8000000119
16008  38.545  -67.393  -3.923 0.5000000000
20158  42.543  -62.484  -7.917 0.6999999881
116130  42.165  -61.044  -7.967 0.6000000238
22493  42.886  -58.755  -7.783 0.5000000000
21735  42.311  -60.218  -7.857 0.6000000238
130043  40.182  -53.668  -4.995 0.6999999881
25689  43.188  -55.314  -7.007 0.6000000238
24908  42.872  -56.910  -7.382 0.6000000238
111385  41.173  -54.057  -6.170 0.8000000119
27282  40.723  -53.563  -5.574 0.8000000119
25694  42.946  -56.167  -7.189 0.6000000238
25690  42.949  -55.244  -7.108 0.6000000238
17601  40.592  -65.883  -6.047 0.5000000000
17606  41.393  -66.325  -6.926 0.6000000238
16790  39.987  -66.650  -5.661 0.5000000000
123474  39.291  -65.298  -4.620 0.6999999881
16786  39.344  -66.648  -4.855 0.4000000060
19290  42.213  -63.178  -7.474 0.6999999881
21010  42.057  -61.624  -7.707 0.6999999881
22494  42.661  -59.392  -7.513 0.6000000238
127592  42.062  -60.836  -7.648 0.6000000238
24083  43.108  -57.585  -6.957 0.6000000238
27275  40.410  -53.027  -4.968 0.6000000238
24903  43.075  -56.344  -7.133 0.6000000238
27290  41.494  -53.423  -6.335 0.6999999881
28000  40.893  -52.836  -5.856 0.6999999881
26497  43.270  -54.422  -7.115 0.6999999881
27288  43.192  -53.733  -7.151 0.6999999881
116951  42.028  -53.941  -6.563 0.6999999881
18454  40.251  -64.149  -5.648 0.5000000000
112803  40.785  -64.903  -6.151 0.6000000238
18457  41.714  -64.667  -6.837 0.6000000238
18449  39.680  -64.155  -5.029 0.6999999881
17596  39.942  -64.986  -5.271 0.6000000238
19291  41.640  -63.755  -6.765 0.6999999881
110626  38.867  -64.112  -3.829 0.6999999881
18445  38.781  -65.086  -3.893 0.6999999881
20159  41.711  -62.197  -7.043 0.6999999881
21011  41.760  -61.181  -6.976 0.6999999881
22488  42.443  -59.294  -6.675 0.5000000000
21732  41.887  -60.089  -7.064 0.6000000238
28701  39.915  -51.803  -4.415 0.5000000000
24078  43.111  -56.726  -6.735 0.6000000238
116329  42.958  -58.598  -6.962 0.6000000238
27993  40.589  -52.092  -5.130 0.6000000238
24897  43.165  -55.885  -6.580 0.6000000238
123424  41.009  -52.121  -6.205 0.6000000238
29461  40.560  -50.349  -5.784 0.5000000000
26496  43.502  -54.504  -6.871 0.6999999881
27287  43.482  -53.663  -6.993 0.6999999881
119423  43.139  -53.028  -7.057 0.6999999881
28005  42.603  -52.429  -6.924 0.6999999881
28714  41.663  -51.632  -6.665 0.5000000000
28713  42.552  -51.603  -6.897 0.6000000238
18453  41.014  -64.163  -6.213 0.6000000238
19288  39.788  -63.404  -5.204 0.6999999881
19287  40.732  -63.317  -5.915 0.6000000238
109587  39.250  -62.802  -4.618 0.6999999881
113910  41.418  -62.955  -6.656 0.6999999881
21727  41.327  -60.643  -6.112 0.6999999881
21006  41.177  -61.539  -6.210 0.6999999881
28692  39.487  -51.187  -4.012 0.4000000060
117701  42.677  -57.918  -6.075 0.5000000000
29462  39.976  -49.819  -5.111 0.4000000060
26493  43.516  -54.622  -6.278 0.6000000238
109447  41.247  -50.840  -6.334 0.5000000000
28705  40.799  -51.315  -5.962 0.5000000000
129006  42.196  -52.033  -6.895 0.5000000000
29468  41.439  -49.878  -6.334 0.4000000060
110416  43.372  -53.131  -6.378 0.6000000238
120727  43.229  -52.872  -6.830 0.6999999881
28004  42.813  -52.166  -6.704 0.6000000238
28712  42.851  -51.201  -6.930 0.5000000000
20156  39.974  -62.417  -5.342 0.6999999881
20149  38.832  -62.309  -3.955 0.6999999881
20153  39.318  -61.913  -4.621 0.6999999881
24072  42.340  -57.287  -5.303 0.6000000238
23246  42.307  -58.746  -5.911 0.5000000000
24079  42.864  -57.177  -6.187 0.6000000238
25671  43.351  -54.981  -5.741 0.6000000238
24898  42.788  -56.457  -5.669 0.6000000238
30211  40.500  -49.235  -5.556 0.4000000060
27281  43.530  -54.014  -6.358 0.6000000238
30219  41.312  -48.790  -6.234 0.4000000060
27999  43.056  -52.246  -6.476 0.6000000238
28711  42.896  -51.493  -6.686 0.5000000000
21003  39.964  -61.510  -5.082 0.6999999881
113741  40.467  -61.758  -5.662 0.6000000238
21725  39.478  -60.592  -4.109 0.6999999881
21724  40.107  -60.646  -4.813 0.6000000238
21728  40.825  -60.395  -5.374 0.6000000238
20998  39.046  -61.396  -3.885 0.6999999881
22489  41.455  -59.621  -5.682 0.5000000000
24889  42.138  -56.695  -4.549 0.6000000238
23242  41.892  -58.048  -5.156 0.6000000238
25672  42.817  -55.069  -4.722 0.5000000000
26481  43.261  -54.438  -5.471 0.6000000238
129461  43.216  -52.577  -6.085 0.6000000238
28704  43.042  -51.321  -6.215 0.5000000000
22486  39.986  -59.863  -4.247 0.6999999881
127251  40.680  -59.131  -4.496 0.6999999881
22484  41.452  -58.736  -5.102 0.6000000238
24073  41.539  -57.433  -4.356 0.5000000000
25663  42.100  -55.522  -3.774 0.6000000238
26482  42.757  -54.190  -4.431 0.6000000238
27273  43.211  -53.665  -5.370 0.6000000238
15992  37.814  -67.417  -2.330 0.5000000000
16775  38.089  -66.817  -2.711 0.5000000000
16769  37.871  -66.608  -1.830 0.5000000000
17593  38.424  -65.304  -3.131 0.6999999881
17586  38.237  -65.040  -2.272 0.6999999881
117537  38.227  -66.004  -2.702 0.5000000000
125107  38.067  -65.787  -1.826 0.5000000000
18446  38.484  -64.530  -3.120 0.6999999881
19281  38.813  -63.201  -3.894 0.6999999881
11554  36.844  -73.557  -1.692 0.3000000119
24085  40.647  -58.085  -7.618 0.6999999881
21742  41.367  -60.859  -8.379 0.6000000238
25685  40.155  -55.129  -5.734 0.6999999881
16782  39.062  -65.983  -4.262 0.6000000238
24088  42.942  -57.502  -7.529 0.6000000238
27289  42.546  -53.327  -6.949 0.6999999881
28006  41.779  -52.561  -6.648 0.6999999881
28706  40.100  -50.929  -5.023 0.5000000000
128506  42.794  -51.027  -7.014 0.5000000000
114905  43.148  -52.874  -5.355 0.6000000238
22485  40.662  -59.962  -4.849 0.6000000238
24888  42.481  -55.920  -4.687 0.6000000238
109342  38.122  -63.819  -0.910 0.6000000238
20116  40.668  -62.164  0.891 0.6000000238
20935  41.508  -61.593  0.683 0.4000000060
114475  38.777  -62.927  -0.437 0.5000000000
19271  38.291  -63.556  -1.653 0.6000000238
16808  41.319  -66.449  -8.486 0.5000000000
20934  42.332  -61.257  0.631 0.4000000060
17616  41.992  -65.730  -8.514 0.5000000000
127826  40.649  -64.909  -8.526 0.5000000000
19265  38.990  -63.055  0.337 0.5000000000
20951  44.241  -60.886  -0.688 0.4000000060
18467  41.619  -64.875  -8.775 0.5000000000
19303  39.913  -63.600  -8.180 0.5000000000
20936  40.929  -61.495  0.085 0.6000000238
19302  40.865  -63.435  -8.349 0.5000000000
20134  38.889  -62.565  -1.078 0.5000000000
19275  38.475  -63.190  -2.437 0.6000000238
20950  45.199  -60.698  -0.637 0.4000000060
125126  46.030  -60.825  -1.106 0.4000000060
20953  41.702  -61.076  -0.282 0.4000000060
20163  38.273  -62.611  -7.661 0.5000000000
20126  40.211  -61.924  -0.068 0.5000000000
20170  40.214  -62.698  -8.213 0.5000000000
116498  38.736  -61.163  -7.539 0.5000000000
20135  38.577  -62.809  -1.730 0.6000000238
20142  38.662  -62.384  -2.468 0.6000000238
19282  38.547  -63.629  -3.148 0.6000000238
130482  39.314  -62.062  -1.204 0.5000000000
20955  39.921  -61.708  -0.915 0.5000000000
20141  38.896  -62.088  -1.753 0.6000000238
116132  38.845  -61.606  -2.428 0.6000000238
20150  38.633  -62.765  -3.202 0.6000000238
124986  38.923  -61.286  -3.088 0.6000000238
20952  43.521  -60.942  -0.497 0.4000000060
20968  44.742  -60.856  -1.629 0.4000000060
22502  39.373  -59.557  -7.563 0.5000000000
21738  38.619  -60.174  -7.423 0.5000000000
22504  37.855  -59.836  -7.026 0.4000000060
21737  39.617  -60.422  -7.776 0.6000000238
21739  37.864  -60.740  -7.070 0.4000000060
20954  40.747  -61.272  -0.652 0.6000000238
122132  39.343  -61.336  -1.640 0.6000000238
21695  39.687  -60.564  -1.776 0.6000000238
21709  39.445  -60.234  -2.607 0.6000000238
20966  46.318  -61.344  -2.310 0.4000000060
23250  38.988  -58.807  -7.277 0.5000000000
22495  38.123  -58.925  -6.812 0.4000000060
23251  37.445  -58.600  -6.208 0.4000000060
123749  42.290  -60.656  -0.847 0.6000000238
20970  43.142  -60.677  -1.008 0.4000000060
126248  41.373  -60.692  -1.000 0.6000000238
20971  40.307  -61.007  -1.198 0.5000000000
21694  40.667  -60.420  -1.366 0.5000000000
21718  39.222  -60.716  -3.319 0.6000000238
20980  47.180  -61.721  -2.893 0.4000000060
20969  43.942  -60.795  -1.277 0.4000000060
118185  39.265  -57.262  -6.782 0.6000000238
113467  38.158  -57.502  -6.281 0.5000000000
24087  37.596  -57.820  -5.970 0.5000000000
24081  37.000  -58.289  -5.421 0.5000000000
21691  43.529  -60.519  -1.608 0.4000000060
21692  42.650  -60.330  -1.428 0.5000000000
21693  41.779  -60.214  -1.359 0.5000000000
109364  40.826  -59.967  -1.538 0.5000000000
21708  39.960  -59.848  -1.919 0.6000000238
130265  39.701  -59.623  -2.819 0.6000000238
22477  39.604  -60.013  -3.489 0.6000000238
21717  46.201  -61.149  -3.214 0.4000000060
20981  45.894  -61.357  -2.714 0.4000000060
20996  46.798  -61.521  -3.329 0.4000000060
20995  47.250  -61.515  -3.626 0.4000000060
25693  39.923  -55.927  -6.003 0.6000000238
21704  45.557  -60.988  -2.682 0.4000000060
20982  45.424  -61.024  -2.357 0.4000000060
24907  38.639  -56.940  -6.257 0.6000000238
128293  37.857  -56.813  -5.099 0.5000000000
24080  37.201  -57.546  -5.146 0.4000000060
21706  43.897  -60.383  -2.009 0.4000000060
130451  42.526  -60.145  -1.543 0.5000000000
22458  40.488  -59.316  -1.682 0.5000000000
22476  40.041  -59.204  -3.521 0.6000000238
22474  46.462  -60.273  -3.581 0.4000000060
25686  39.468  -55.618  -5.256 0.6000000238
24899  39.083  -56.298  -5.754 0.6000000238
24900  38.338  -56.650  -5.364 0.5000000000
24890  36.684  -56.246  -4.785 0.5000000000
22466  45.058  -60.251  -2.602 0.4000000060
22468  43.563  -60.078  -2.110 0.4000000060
22455  43.117  -59.697  -1.696 0.5000000000
22445  41.971  -58.878  -0.814 0.5000000000
23228  40.415  -58.536  -2.023 0.5000000000
21716  46.943  -60.954  -3.901 0.4000000060
26484  38.718  -54.811  -3.860 0.5000000000
26485  37.485  -55.213  -3.709 0.5000000000
22456  42.315  -59.824  -1.548 0.5000000000
22457  41.325  -59.437  -1.299 0.4000000060
23219  40.779  -58.022  -1.319 0.4000000060
23236  40.333  -58.473  -2.994 0.4000000060
23235  40.837  -58.035  -3.483 0.6000000238
23243  41.106  -58.225  -4.338 0.4000000060
22473  47.475  -60.574  -4.158 0.4000000060
22475  45.720  -60.580  -3.047 0.4000000060
125165  39.661  -54.814  -5.008 0.6000000238
22465  45.764  -59.657  -2.886 0.4000000060
27283  39.757  -54.121  -4.697 0.5000000000
25673  39.066  -55.309  -4.524 0.5000000000
127790  38.118  -55.126  -3.685 0.5000000000
23217  42.649  -59.107  -1.160 0.5000000000
23203  42.619  -58.236  -0.579 0.5000000000
23204  41.870  -58.135  -0.490 0.6000000238
24051  41.003  -57.135  -1.606 0.4000000060
24060  40.716  -57.752  -2.483 0.4000000060
24065  41.117  -57.426  -3.443 0.4000000060
24868  41.350  -56.515  -0.976 0.5000000000
27276  39.786  -53.421  -4.441 0.5000000000
26483  39.269  -54.018  -4.067 0.6000000238
27982  39.456  -52.168  -3.665 0.4000000060
24059  41.099  -56.875  -2.696 0.5000000000
24883  41.494  -56.749  -3.681 0.5000000000
24858  41.842  -56.591  -0.473 0.5000000000
24037  41.419  -57.487  -0.706 0.5000000000
24876  41.179  -56.273  -1.924 0.5000000000
123981  46.526  -59.128  -3.115 0.4000000060
27274  42.808  -53.345  -4.296 0.5000000000
24882  41.951  -56.191  -3.909 0.4000000060
25664  41.445  -56.016  -3.010 0.5000000000
25651  41.475  -55.748  -1.345 0.5000000000
25645  41.712  -56.000  -0.725 0.5000000000
27262  42.229  -53.847  -3.388 0.4000000060
26470  42.201  -54.711  -3.611 0.5000000000
25658  41.734  -55.190  -2.830 0.5000000000
25659  41.393  -55.590  -2.163 0.5000000000
26465  41.687  -54.962  -1.756 0.5000000000
26464  41.897  -54.419  -2.597 0.4000000060
23256  39.440  -57.974  -7.218 0.6000000238
24906  39.586  -56.670  -6.408 0.6000000238
115564  41.281  -67.063  -8.373 0.5000000000
27994  39.880  -52.614  -4.374 0.5000000000
23244  40.517  -58.566  -3.786 0.6000000238
21019  39.185  -62.061  -7.950 0.5000000000
21018  39.830  -61.252  -8.049 0.5000000000
22503  38.558  -59.447  -7.258 0.4000000060
22496  37.277  -59.447  -6.427 0.4000000060
127419  38.625  -58.251  -6.981 0.6000000238
116832  38.105  -58.110  -6.524 0.4000000060
20983  44.463  -60.676  -1.837 0.4000000060
124850  37.888  -57.182  -5.585 0.5000000000
112108  36.677  -59.025  -5.901 0.5000000000
25687  38.703  -56.061  -4.905 0.5000000000
123430  37.341  -56.870  -4.994 0.5000000000
25674  38.174  -55.644  -4.118 0.5000000000
23218  41.377  -58.462  -0.895 0.5000000000
25675  37.066  -55.811  -4.212 0.5000000000
23216  43.340  -58.840  -1.201 0.5000000000
129473  39.336  -54.627  -4.384 0.6000000238
9501  41.194  -76.437  -3.488 0.3000000119
108241  42.029  -75.887  -4.336 0.3000000119
10190  41.574  -75.676  -3.615 0.3000000119
10203  42.827  -75.144  -5.527 0.3000000119
9509  42.254  -75.927  -5.260 0.3000000119
10238  43.174  -75.464  -7.374 0.3000000119
111191  43.137  -75.396  -6.473 0.3000000119
11595  44.108  -72.797  -4.615 0.3000000119
10894  43.107  -74.027  -4.760 0.3000000119
124486  43.698  -73.935  -6.782 0.3000000119
10920  43.440  -74.756  -7.070 0.3000000119
10893  43.631  -73.224  -4.984 0.3000000119
12279  45.205  -72.008  -5.663 0.3000000119
12280  44.538  -72.485  -6.305 0.3000000119
11609  44.147  -73.183  -6.653 0.4000000060
11624  44.076  -73.131  -6.920 0.4000000060
12295  43.677  -72.656  -7.069 0.4000000060
121679  42.963  -73.659  -7.534 0.3000000119
117025  44.946  -70.913  -6.022 0.3000000119
12293  44.678  -71.752  -6.666 0.4000000060
13016  44.377  -71.913  -6.849 0.4000000060
12294  44.224  -72.442  -6.902 0.4000000060
13786  46.120  -70.811  -4.898 0.3000000119
12288  43.313  -72.725  -7.087 0.4000000060
109142  45.860  -70.325  -3.950 0.4000000060
14539  45.832  -70.398  -4.486 0.4000000060
11619  42.729  -73.072  -6.827 0.4000000060
11610  42.483  -72.839  -5.652 0.3000000119
13779  45.010  -70.560  -5.381 0.4000000060
13788  44.761  -71.106  -6.155 0.3000000119
117374  44.424  -71.537  -6.677 0.4000000060
14540  45.309  -70.332  -4.490 0.4000000060
13002  43.117  -71.963  -5.334 0.5000000000
13010  43.788  -71.740  -6.183 0.4000000060
116041  37.180  -70.995  -1.812 0.5000000000
15243  45.189  -69.639  -3.361 0.4000000060
12281  43.193  -72.346  -6.503 0.4000000060
12230  37.267  -73.133  -1.100 0.3000000119
12212  37.901  -72.644  -0.514 0.4000000060
12257  41.040  -73.335  -2.822 0.3000000119
16024  40.793  -67.580  -8.276 0.4000000060
127542  40.706  -66.936  -8.440 0.4000000060
16001  38.133  -67.448  -3.166 0.4000000060
13766  44.706  -70.355  -4.526 0.4000000060
13780  44.452  -70.749  -5.390 0.3000000119
13001  43.822  -71.220  -5.323 0.5000000000
15223  37.551  -68.842  -2.239 0.4000000060
14500  37.438  -69.598  -2.465 0.4000000060
14527  44.958  -70.067  -3.721 0.4000000060
120645  37.270  -72.415  -0.939 0.4000000060
12269  42.602  -72.541  -4.677 0.4000000060
117047  37.365  -71.022  -0.860 0.5000000000
12270  41.953  -73.023  -4.528 0.5000000000
12945  38.280  -71.769  -0.074 0.4000000060
11532  37.819  -73.397  -0.949 0.4000000060
12256  41.561  -73.115  -3.478 0.3000000119
12229  38.550  -73.230  -0.695 0.4000000060
121051  40.374  -66.276  -8.427 0.4000000060
129365  38.676  -66.297  -3.879 0.4000000060
14528  44.396  -69.956  -3.670 0.4000000060
13767  44.028  -70.536  -4.438 0.4000000060
15993  37.571  -68.110  -1.847 0.4000000060
13737  37.246  -70.170  -1.533 0.5000000000
13756  43.852  -70.004  -3.530 0.4000000060
12990  43.378  -71.309  -4.447 0.4000000060
14491  37.295  -69.492  -0.904 0.5000000000
14512  44.107  -69.198  -3.342 0.4000000060
14513  43.639  -69.378  -2.959 0.4000000060
13768  43.474  -70.719  -3.809 0.4000000060
12975  42.920  -71.323  -3.630 0.5000000000
126060  42.447  -71.923  -3.490 0.5000000000
121034  37.401  -68.793  -1.344 0.4000000060
13725  37.423  -70.264  -0.333 0.5000000000
12976  41.854  -72.264  -2.974 0.5000000000
119832  37.786  -71.075  -0.086 0.4000000060
110589  41.385  -72.871  -2.698 0.4000000060
12227  40.428  -72.553  -0.708 0.4000000060
12228  39.517  -73.031  -0.607 0.4000000060
12211  38.839  -72.485  -0.177 0.4000000060
15983  37.645  -67.415  -1.481 0.4000000060
16770  37.616  -66.906  -0.560 0.3000000119
13757  43.122  -70.499  -3.009 0.4000000060
12965  42.415  -71.428  -2.886 0.4000000060
15204  37.383  -68.880  -0.540 0.4000000060
22497  36.459  -59.816  -6.147 0.4000000060
15211  42.736  -68.232  -1.736 0.4000000060
13745  43.038  -69.772  -2.213 0.4000000060
12966  41.787  -71.660  -2.191 0.5000000000
12240  41.369  -72.444  -2.133 0.5000000000
15198  37.576  -68.577  0.235 0.5000000000
13707  38.267  -70.109  0.467 0.4000000060
14489  42.596  -69.112  -1.775 0.4000000060
117012  40.836  -72.697  -1.541 0.4000000060
12932  38.481  -70.923  0.323 0.4000000060
12210  39.754  -72.333  -0.088 0.4000000060
127898  39.085  -70.981  0.446 0.4000000060
130516  37.813  -66.044  -1.045 0.4000000060
15971  37.467  -68.060  -0.751 0.3000000119
13734  42.475  -69.989  -1.650 0.4000000060
13735  41.851  -70.477  -1.357 0.4000000060
128035  37.522  -67.692  0.135 0.3000000119
14490  41.959  -69.621  -1.229 0.4000000060
13722  41.421  -70.212  -0.602 0.4000000060
122656  41.682  -71.178  -1.597 0.4000000060
12955  41.168  -71.918  -1.363 0.5000000000
15212  41.979  -68.614  -1.340 0.4000000060
14477  41.380  -69.257  -0.648 0.4000000060
13723  40.596  -70.804  -0.115 0.4000000060
13724  39.677  -70.958  0.359 0.4000000060
13706  39.146  -70.332  0.599 0.4000000060
18435  38.107  -64.359  -1.473 0.4000000060
10263  40.224  -75.959  -8.437 0.3000000119
126758  45.400  -72.152  -4.731 0.3000000119
12278  45.867  -71.778  -4.843 0.3000000119
14538  46.290  -70.520  -4.536 0.4000000060
15233  44.880  -69.041  -3.088 0.4000000060
14511  44.609  -69.350  -3.353 0.4000000060
121473  44.473  -68.707  -2.506 0.4000000060
15221  43.330  -68.190  -1.968 0.4000000060
17564  37.619  -66.249  0.362 0.3000000119
15982  42.228  -67.725  -1.256 0.4000000060
17571  37.740  -65.585  -0.345 0.4000000060
16751  37.601  -67.094  0.455 0.4000000060
15958  37.849  -67.741  0.889 0.4000000060
15969  41.785  -67.568  -0.314 0.4000000060
15203  40.736  -68.939  0.018 0.4000000060
14478  40.878  -69.866  0.122 0.4000000060
13705  40.157  -70.187  0.551 0.4000000060
14469  38.724  -69.463  0.717 0.3000000119
15197  38.251  -68.644  0.810 0.4000000060
15970  40.941  -68.170  0.275 0.4000000060
18430  38.008  -64.586  -0.391 0.4000000060
123269  42.072  -76.783  -4.912 0.3000000119
10204  42.394  -75.010  -4.536 0.3000000119
10267  40.526  -76.220  -9.203 0.3000000119
10262  40.884  -75.915  -8.348 0.3000000119
10221  43.375  -74.484  -6.093 0.3000000119
12268  44.714  -72.375  -5.209 0.3000000119
10908  43.737  -73.621  -5.839 0.4000000060
11625  43.419  -73.397  -7.218 0.4000000060
12286  44.587  -72.246  -6.561 0.3000000119
12285  45.028  -71.648  -5.998 0.3000000119
12287  43.828  -72.092  -6.922 0.4000000060
13006  46.367  -71.053  -4.722 0.3000000119
15231  45.853  -69.941  -3.076 0.4000000060
12255  42.774  -71.949  -4.224 0.4000000060
109506  42.188  -72.479  -3.880 0.5000000000
12241  40.881  -73.062  -2.180 0.3000000119
14498  43.869  -68.822  -2.920 0.4000000060
12956  40.682  -71.734  -0.494 0.4000000060
19240  39.333  -63.392  1.371 0.4000000060
19256  38.624  -63.675  0.827 0.4000000060
110637  40.862  -62.806  1.835 0.4000000060
20103  41.458  -62.183  1.433 0.3000000119
20117  39.741  -62.571  0.631 0.5000000000
19266  38.328  -63.603  -0.096 0.4000000060
17558  46.501  -65.313  1.163 0.3000000119
17559  45.674  -65.289  1.282 0.3000000119
20115  46.762  -62.550  0.735 0.3000000119
130520  45.677  -61.505  1.067 0.3000000119
111126  46.334  -60.612  0.138 0.3000000119
111131  43.955  -60.988  0.163 0.3000000119
18422  46.599  -64.816  0.910 0.3000000119
19254  47.029  -63.799  0.673 0.3000000119
20114  47.612  -62.658  0.498 0.3000000119
17547  46.651  -65.484  1.522 0.3000000119
17546  47.215  -65.322  1.521 0.3000000119
124289  47.246  -60.820  -0.019 0.3000000119
20949  46.947  -60.831  -0.832 0.3000000119
18421  47.596  -64.791  0.544 0.3000000119
20113  48.594  -62.763  0.047 0.3000000119
20929  47.893  -61.458  0.045 0.3000000119
18400  48.306  -64.823  0.802 0.3000000119
18420  48.343  -64.820  0.093 0.3000000119
20124  50.214  -62.790  -0.189 0.3000000119
19232  49.431  -63.733  0.795 0.3000000119
19264  50.066  -63.160  0.237 0.3000000119
18388  47.814  -65.125  1.577 0.3000000119
20947  48.879  -61.454  -0.569 0.3000000119
20964  48.841  -60.859  -1.515 0.3000000119
130342  48.007  -61.847  -3.752 0.3000000119
19224  49.532  -63.614  1.164 0.3000000119
20125  49.477  -62.814  -0.230 0.3000000119
109601  49.554  -61.163  -2.594 0.3000000119
20097  50.434  -62.841  0.807 0.3000000119
20123  50.688  -62.550  -0.184 0.3000000119
20945  50.905  -62.053  -1.038 0.3000000119
20962  51.420  -61.554  -1.954 0.3000000119
21001  47.867  -61.394  -4.025 0.3000000119
20979  48.242  -61.097  -2.963 0.3000000119
21000  48.812  -61.089  -4.148 0.3000000119
22483  48.075  -60.737  -4.533 0.3000000119
23234  47.327  -59.500  -3.777 0.3000000119
22472  48.229  -59.957  -4.478 0.3000000119
23233  48.277  -58.845  -3.561 0.3000000119
23225  47.282  -58.427  -3.114 0.3000000119
20922  42.026  -61.644  1.253 0.3000000119
20104  40.136  -62.882  1.446 0.4000000060
20931  45.495  -60.730  0.490 0.3000000119
20965  47.692  -60.847  -1.779 0.3000000119
19239  40.242  -63.668  2.094 0.5000000000
17557  47.060  -65.234  0.969 0.3000000119
20098  46.144  -61.885  0.928 0.3000000119
20919  45.150  -61.159  1.051 0.3000000119
121898  44.208  -61.132  0.974 0.3000000119
19253  48.037  -64.187  0.084 0.3000000119
18401  47.728  -65.063  0.810 0.3000000119
20948  47.964  -60.786  -0.673 0.3000000119
119283  49.244  -63.666  -0.084 0.3000000119
20096  50.784  -62.401  0.456 0.3000000119
20944  51.350  -61.891  -0.684 0.3000000119
20946  50.040  -61.713  -1.174 0.3000000119
20909  50.040  -62.464  1.230 0.3000000119
20963  50.733  -61.495  -2.290 0.3000000119
15187  38.632  -67.948  1.282 0.3000000119
15196  39.159  -68.719  1.043 0.4000000060
16749  40.740  -66.908  1.354 0.4000000060
15945  39.851  -67.134  1.683 0.4000000060
16750  37.833  -66.829  1.125 0.3000000119
17550  40.569  -65.326  2.172 0.4000000060
17562  41.266  -66.029  1.459 0.3000000119
16739  38.426  -66.611  1.702 0.4000000060
124870  39.606  -65.561  2.215 0.4000000060
18406  41.805  -64.074  1.976 0.3000000119
120555  38.701  -65.752  1.922 0.3000000119
111217  40.884  -64.365  2.316 0.4000000060
17551  38.335  -65.039  1.443 0.3000000119
118824  39.085  -64.883  2.024 0.4000000060
19238  41.206  -63.477  2.153 0.4000000060
109884  37.978  -65.949  1.300 0.3000000119
18425  38.222  -64.343  0.705 0.3000000119
17563  37.914  -65.279  0.552 0.3000000119
18407  39.950  -64.661  2.331 0.4000000060
16738  39.265  -66.456  1.978 0.4000000060
14537  46.766  -70.371  -4.101 0.3000000119
15195  40.108  -68.699  0.882 0.3000000119
12963  48.299  -71.421  -2.359 0.3000000119
13755  47.979  -71.351  -2.819 0.3000000119
109914  47.200  -70.413  -3.625 0.3000000119
14525  46.260  -70.196  -3.503 0.3000000119
15186  39.522  -67.955  1.372 0.3000000119
13718  48.276  -70.710  -0.889 0.3000000119
126768  46.991  -70.527  -2.023 0.3000000119
129642  47.627  -70.708  -1.519 0.3000000119
14497  45.983  -69.921  -2.847 0.3000000119
15219  45.174  -69.048  -2.799 0.3000000119
15957  40.408  -67.751  1.140 0.3000000119
108262  47.952  -70.805  0.597 0.3000000119
13719  47.527  -70.855  -0.856 0.3000000119
13701  47.279  -71.042  -0.037 0.3000000119
14486  46.300  -70.091  -2.320 0.3000000119
13732  46.798  -70.592  -1.585 0.3000000119
15209  45.545  -69.373  -2.506 0.3000000119
12942  46.317  -71.266  0.087 0.3000000119
13720  46.626  -70.934  -0.736 0.3000000119
14487  45.796  -69.804  -1.904 0.3000000119
13733  46.106  -70.456  -1.346 0.3000000119
127844  44.959  -68.846  -2.342 0.3000000119
15991  43.755  -68.125  -1.718 0.3000000119
15981  43.011  -67.622  -1.536 0.3000000119
12910  46.999  -71.354  0.788 0.3000000119
14488  45.058  -69.088  -1.733 0.3000000119
15210  44.407  -68.468  -1.766 0.3000000119
15956  41.223  -67.362  0.600 0.3000000119
12930  45.389  -71.224  0.087 0.3000000119
12911  45.883  -71.712  0.923 0.3000000119
13702  45.115  -70.561  -0.483 0.3000000119
14475  45.357  -70.116  -1.198 0.3000000119
15980  43.493  -67.297  -1.102 0.3000000119
125075  41.454  -66.694  0.833 0.3000000119
14468  39.647  -69.496  0.753 0.3000000119
13703  44.091  -70.051  0.188 0.3000000119
15979  44.004  -67.700  -1.168 0.3000000119
15968  42.652  -66.982  -0.887 0.3000000119
126143  46.746  -70.220  -3.606 0.3000000119
14485  48.492  -70.790  -1.712 0.3000000119
14508  47.559  -70.586  -3.072 0.3000000119
9528  42.580  -76.066  -6.669 0.3000000119
10254  40.859  -75.779  -7.645 0.3000000119
10919  43.380  -74.128  -7.413 0.4000000060
11550  40.167  -73.333  -1.467 0.4000000060
11552  38.175  -73.822  -1.252 0.4000000060
11553  37.467  -73.763  -1.385 0.3000000119
11588  40.777  -73.832  -3.399 0.3000000119
11608  44.179  -72.922  -5.674 0.3000000119
12242  36.803  -72.549  -1.646 0.3000000119
12912  45.134  -71.758  1.555 0.3000000119
12943  40.068  -71.683  0.079 0.4000000060
12944  39.145  -71.648  0.266 0.4000000060
12946  37.592  -71.799  -0.507 0.4000000060
12953  48.988  -71.206  -1.752 0.3000000119
12957  37.144  -71.713  -1.228 0.4000000060
12987  47.604  -71.569  -3.143 0.3000000119
13007  45.721  -71.282  -5.273 0.3000000119
13008  45.008  -71.389  -6.090 0.3000000119
13009  44.812  -71.396  -6.653 0.3000000119
13708  37.703  -69.967  0.241 0.5000000000
13721  45.787  -70.833  -0.617 0.3000000119
13736  41.279  -71.067  -0.910 0.4000000060
13743  48.366  -71.057  -2.352 0.3000000119
13744  48.073  -70.705  -1.722 0.3000000119
13746  42.300  -70.716  -2.149 0.4000000060
13777  46.511  -70.710  -4.508 0.3000000119
13778  45.542  -70.567  -5.160 0.4000000060
13787  45.625  -70.946  -5.397 0.3000000119
13789  44.253  -71.252  -5.908 0.4000000060
14467  40.326  -69.505  0.538 0.4000000060
14470  37.910  -69.385  0.458 0.5000000000
14479  37.444  -69.445  -0.066 0.4000000060
14496  49.034  -70.910  -1.593 0.3000000119
14499  43.334  -68.740  -2.334 0.4000000060
14507  48.005  -70.894  -2.871 0.3000000119
14509  46.825  -70.269  -3.159 0.3000000119
14510  46.393  -70.142  -3.205 0.3000000119
14526  45.502  -70.213  -3.791 0.4000000060
14529  38.207  -69.782  -4.953 0.5000000000
14542  38.707  -69.541  -5.717 0.4000000060
14547  45.950  -70.588  -4.937 0.4000000060
14549  39.894  -69.560  -7.364 0.4000000060
15202  41.514  -68.364  -0.595 0.4000000060
15218  45.605  -69.483  -2.907 0.3000000119
15220  43.842  -68.576  -2.449 0.4000000060
15222  37.802  -68.171  -2.774 0.4000000060
15232  45.441  -69.448  -3.081 0.3000000119
15234  44.267  -68.853  -3.027 0.4000000060
15242  45.699  -70.037  -3.348 0.4000000060
15245  38.581  -68.591  -4.636 0.4000000060
15249  39.513  -68.510  -6.022 0.4000000060
15256  40.894  -67.945  -7.963 0.4000000060
15946  38.949  -67.258  1.716 0.4000000060
15947  38.287  -67.287  1.425 0.3000000119
16019  40.648  -68.084  -7.580 0.4000000060
16025  40.136  -67.537  -8.298 0.4000000060
16737  40.223  -66.270  1.941 0.4000000060
16763  37.630  -66.183  -0.388 0.4000000060
16783  38.394  -66.638  -3.464 0.4000000060
16787  38.863  -66.714  -4.151 0.6000000238
17579  37.999  -65.234  -1.234 0.4000000060
17597  39.714  -65.905  -5.090 0.4000000060
17600  41.551  -65.576  -6.856 0.6000000238
17611  42.541  -65.289  -8.194 0.6000000238
17617  41.063  -65.630  -8.600 0.5000000000
18399  48.874  -64.217  1.040 0.3000000119
18408  39.436  -64.151  1.982 0.4000000060
18409  38.731  -64.194  1.518 0.3000000119
18419  48.722  -64.267  0.476 0.3000000119
18429  48.746  -64.122  0.235 0.3000000119
18439  38.305  -64.040  -2.362 0.6999999881
18450  39.259  -64.550  -4.526 0.6999999881
19223  50.144  -63.234  1.130 0.3000000119
19250  50.000  -63.206  0.680 0.3000000119
19251  49.326  -63.663  0.416 0.3000000119
19252  48.831  -63.996  0.040 0.3000000119
19285  39.250  -63.700  -4.514 0.6999999881
20086  49.992  -63.125  1.120 0.3000000119
20111  50.965  -62.313  -0.117 0.3000000119
20112  50.541  -62.741  0.376 0.3000000119
20127  39.388  -62.379  -0.382 0.5000000000
20128  38.447  -63.193  -0.983 0.6000000238
20133  51.248  -61.993  -0.855 0.3000000119
20155  41.005  -62.372  -6.006 0.6999999881
20918  45.974  -61.045  0.818 0.3000000119
20921  42.759  -61.586  1.340 0.3000000119
20930  46.866  -61.457  0.526 0.3000000119
20932  44.690  -60.763  0.355 0.3000000119
20967  45.460  -61.112  -2.064 0.4000000060
20984  39.137  -60.886  -2.454 0.6000000238
20985  38.745  -61.944  -3.203 0.6000000238
20994  48.681  -61.218  -3.742 0.3000000119
20997  46.025  -61.459  -2.860 0.4000000060
21002  47.435  -61.483  -3.833 0.4000000060
21004  39.512  -61.195  -4.516 0.6999999881
21007  40.585  -61.073  -5.566 0.6000000238
21017  42.265  -61.875  -8.041 0.6000000238
21024  40.788  -61.363  -8.344 0.5000000000
21025  40.186  -61.881  -8.206 0.5000000000
21705  44.817  -60.581  -2.209 0.4000000060
21707  43.046  -60.218  -1.859 0.4000000060
21723  47.801  -61.252  -4.149 0.3000000119
21740  42.181  -60.414  -8.108 0.6000000238
22469  40.054  -59.108  -2.522 0.6000000238
22506  42.023  -59.919  -8.610 0.6000000238
23257  42.218  -59.411  -8.429 0.6000000238
24036  42.196  -57.387  -0.331 0.6000000238
24086  38.678  -57.642  -6.726 0.6000000238
25683  43.419  -55.119  -6.498 0.6000000238
25684  43.087  -55.576  -5.664 0.6000000238
25688  37.754  -56.368  -4.728 0.5000000000
27263  39.273  -53.190  -3.624 0.4000000060
29465  43.013  -50.683  -6.747 0.5000000000
29466  42.892  -50.486  -7.020 0.5000000000
109403  48.089  -70.824  -2.377 0.3000000119
109576  47.561  -70.588  -2.519 0.3000000119
111703  42.492  -58.106  -8.098 0.6999999881
111802  42.714  -61.016  -0.301 0.4000000060
113315  40.827  -64.190  -8.481 0.5000000000
114464  43.096  -56.997  -7.246 0.6000000238
116699  46.513  -61.562  -3.043 0.4000000060
118184  38.523  -65.875  -3.589 0.4000000060
123422  37.853  -70.497  0.235 0.4000000060
123896  46.182  -65.534  1.543 0.3000000119
124011  40.850  -58.783  -1.370 0.5000000000
125489  46.711  -70.240  -2.818 0.3000000119
126076  43.030  -58.115  -7.502 0.6000000238
127725  41.129  -57.770  -3.918 0.4000000060
127820  46.289  -70.189  -1.809 0.3000000119
127980  46.090  -58.906  -2.660 0.4000000060
128302  41.822  -62.270  -8.346 0.6000000238
128388  43.887  -73.598  -7.005 0.4000000060
128682  42.045  -60.417  -1.111 0.6000000238
128847  44.386  -72.729  -6.698 0.4000000060
129897  37.360  -69.378  -1.713 0.5000000000
130034  42.416  -64.162  -8.377 0.6999999881
130694  40.293  -72.138  -0.204 0.4000000060
