#!ascii label  , from subject Paciente_3 vox2ras=TkReg
1222
3346  34.141  -87.371  -7.965 0.5000000000
6948  30.873  -80.294  -5.311 0.6000000238
114117  29.413  -80.779  -4.660 0.6000000238
6926  30.223  -80.252  -4.642 0.6999999881
6927  29.836  -80.602  -3.854 0.6000000238
7507  32.070  -79.755  -3.609 0.6999999881
7519  30.596  -80.344  -3.849 0.6000000238
4280  28.702  -84.775  -7.075 0.5000000000
5291  30.355  -83.167  -5.167 0.6000000238
4803  29.991  -83.828  -6.719 0.6000000238
4804  29.292  -84.288  -6.432 0.5000000000
5278  31.176  -82.779  -3.702 0.5000000000
126667  30.975  -82.964  -4.611 0.4000000060
5280  29.687  -83.438  -4.708 0.5000000000
4794  29.181  -84.135  -5.329 0.6000000238
7003  25.423  -80.931  -9.109 0.5000000000
4247  34.463  -85.155  -4.256 0.4000000060
7002  26.442  -80.771  -8.849 0.5000000000
6989  25.128  -81.166  -8.320 0.5000000000
6987  27.106  -80.712  -7.957 0.6000000238
6969  28.723  -80.864  -7.013 0.6000000238
6947  31.419  -80.379  -6.104 0.6000000238
111033  29.397  -80.896  -6.148 0.6000000238
7526  31.886  -79.920  -5.415 0.6999999881
119130  32.761  -78.612  -5.484 0.6000000238
7517  32.432  -79.605  -4.585 0.6999999881
111859  32.841  -78.078  -4.760 0.6000000238
8148  32.907  -79.059  -4.678 0.6000000238
7506  32.775  -79.315  -3.777 0.6999999881
112162  32.901  -77.411  -4.073 0.6999999881
6908  29.458  -80.575  -3.188 0.6000000238
4831  28.537  -84.595  -8.962 0.5000000000
4817  29.553  -84.527  -7.460 0.6000000238
4296  28.999  -84.905  -7.945 0.5000000000
5290  31.164  -83.026  -5.417 0.6000000238
5315  30.742  -83.561  -7.010 0.6999999881
5768  32.028  -82.504  -3.382 0.4000000060
7010  27.632  -81.140  -9.381 0.5000000000
7012  25.820  -80.971  -9.750 0.5000000000
4279  34.419  -86.088  -5.934 0.5000000000
7001  27.364  -80.762  -8.617 0.5000000000
7000  30.206  -81.441  -7.882 0.6999999881
6986  27.992  -80.693  -7.816 0.6000000238
6984  31.048  -80.911  -7.383 0.6999999881
6968  30.026  -81.025  -6.881 0.6000000238
6985  29.366  -81.075  -7.487 0.6000000238
6967  30.968  -80.727  -6.638 0.6999999881
7533  32.109  -79.929  -6.334 0.6999999881
8835  32.561  -77.695  -5.472 0.6000000238
7525  32.548  -79.385  -5.617 0.6000000238
123550  31.921  -76.080  -5.616 0.6000000238
9511  32.274  -75.705  -4.822 0.6999999881
7495  31.743  -79.512  -2.128 0.6999999881
8823  32.989  -78.510  -3.910 0.6999999881
8121  32.914  -78.871  -3.149 0.6999999881
7509  30.288  -80.281  -3.160 0.6000000238
4321  29.927  -85.069  -10.098 0.5000000000
4315  29.001  -84.784  -9.677 0.5000000000
4842  28.545  -84.581  -9.921 0.5000000000
4828  30.823  -84.018  -8.899 0.6999999881
4307  29.390  -84.670  -8.827 0.6000000238
5806  32.290  -82.708  -6.249 0.5000000000
5300  31.443  -83.139  -6.419 0.6999999881
5314  31.438  -83.337  -7.428 0.6999999881
127244  30.260  -84.028  -7.427 0.6000000238
4816  30.149  -84.343  -8.018 0.6000000238
5779  32.776  -82.151  -3.980 0.4000000060
5793  32.503  -82.310  -5.205 0.4000000060
5780  31.753  -82.534  -4.526 0.5000000000
6382  27.490  -81.569  -10.382 0.5000000000
6372  29.686  -81.769  -8.750 0.5000000000
127096  28.289  -81.666  -9.729 0.5000000000
119517  28.259  -80.892  -8.413 0.5000000000
6999  31.305  -81.205  -8.270 0.6000000238
113564  29.158  -81.183  -8.165 0.5000000000
6983  31.946  -80.607  -7.768 0.6999999881
126761  32.310  -78.349  -7.629 0.6000000238
7537  32.342  -79.989  -7.248 0.6999999881
6966  31.750  -80.473  -6.909 0.6999999881
8860  31.900  -77.591  -7.554 0.6000000238
8162  32.548  -79.114  -7.224 0.6000000238
7532  32.436  -79.481  -6.548 0.6999999881
10246  30.861  -75.224  -7.431 0.6999999881
8848  31.937  -77.310  -6.801 0.6000000238
8157  32.641  -78.883  -6.323 0.6000000238
10925  31.235  -74.662  -6.837 0.6000000238
10245  31.410  -75.748  -6.544 0.6999999881
8836  31.892  -76.924  -5.993 0.6999999881
12284  31.726  -72.681  -5.906 0.6000000238
130725  31.465  -74.314  -6.194 0.6000000238
10229  31.699  -75.060  -5.797 0.6999999881
8101  30.473  -79.518  -1.929 0.6000000238
7494  32.457  -79.440  -2.770 0.6999999881
7496  30.918  -79.849  -2.452 0.6000000238
109819  32.021  -72.051  -5.648 0.6999999881
10913  31.726  -74.161  -5.610 0.6000000238
10211  31.928  -74.812  -4.975 0.8000000119
9510  32.717  -76.448  -4.250 0.6999999881
9502  32.952  -76.703  -3.419 0.6999999881
8814  32.991  -77.865  -3.043 0.6999999881
4323  29.033  -84.692  -10.212 0.6000000238
116401  31.629  -83.635  -9.331 0.6999999881
4840  31.114  -84.327  -9.901 0.6999999881
4841  30.362  -84.641  -9.637 0.6000000238
5299  32.047  -83.052  -7.007 0.5000000000
5313  32.165  -83.113  -7.789 0.6999999881
5792  33.345  -81.885  -4.863 0.4000000060
129134  27.455  -81.900  -10.939 0.5000000000
6403  27.022  -82.035  -11.116 0.5000000000
6391  28.436  -81.986  -10.395 0.5000000000
6371  30.642  -81.700  -8.831 0.6000000238
122875  31.981  -80.633  -8.731 0.6000000238
7542  32.389  -79.671  -8.686 0.6999999881
6982  32.404  -80.183  -8.047 0.6999999881
8861  31.376  -77.063  -8.183 0.6000000238
8868  31.861  -77.878  -8.397 0.6000000238
7541  32.516  -79.637  -7.846 0.6999999881
10932  30.858  -74.729  -8.258 0.6999999881
10258  30.485  -75.359  -8.252 0.6999999881
127589  30.784  -76.201  -8.418 0.6999999881
130304  31.402  -77.805  -0.805 0.6000000238
12301  31.782  -73.645  -6.767 0.6000000238
112819  30.736  -74.853  -7.914 0.6999999881
9548  31.407  -76.746  -7.512 0.6999999881
13784  33.245  -70.993  -5.130 0.6000000238
116869  31.787  -72.606  -6.093 0.6000000238
13015  32.022  -72.396  -6.111 0.6000000238
11630  31.667  -73.765  -6.709 0.6000000238
10926  31.334  -74.426  -7.289 0.6999999881
8083  31.001  -78.995  -1.386 0.6000000238
13005  31.839  -72.032  -5.735 0.6000000238
11616  31.513  -73.687  -6.302 0.6000000238
113314  33.106  -76.008  -2.792 0.6999999881
116814  32.827  -77.134  -1.732 0.6000000238
8100  32.257  -79.144  -1.998 0.6999999881
8082  31.703  -79.055  -1.600 0.6000000238
13004  32.863  -71.850  -5.259 0.5000000000
12273  32.224  -72.326  -5.172 0.8000000119
11601  32.587  -73.602  -4.004 0.8000000119
10900  32.799  -74.574  -3.864 0.8000000119
118583  32.842  -75.619  -3.824 0.8000000119
9494  32.963  -76.980  -2.471 0.6999999881
10901  32.265  -74.066  -4.761 0.8000000119
10210  32.482  -74.958  -4.450 0.8000000119
4849  30.455  -84.632  -10.510 0.6999999881
4328  29.930  -84.711  -10.609 0.6999999881
117107  29.815  -83.868  -10.989 0.6999999881
4850  28.739  -84.381  -10.382 0.6000000238
5325  32.317  -83.140  -8.762 0.6999999881
4859  28.795  -83.198  -10.980 0.6000000238
5827  32.794  -82.761  -8.123 0.6000000238
5353  28.003  -83.112  -10.835 0.5000000000
6402  27.973  -82.494  -10.915 0.5000000000
124074  28.949  -74.193  2.487 0.6000000238
6401  28.918  -82.634  -11.136 0.5000000000
10810  29.250  -74.820  1.906 0.5000000000
6390  29.487  -82.237  -10.471 0.5000000000
10825  30.921  -75.244  1.385 0.6000000238
6380  31.267  -81.519  -10.290 0.6999999881
128046  30.829  -81.759  -9.648 0.6000000238
110717  31.896  -79.097  -9.551 0.6999999881
6370  31.410  -81.384  -9.231 0.6999999881
9461  31.040  -76.535  0.548 0.6000000238
8869  31.068  -76.871  -9.048 0.6999999881
108822  32.085  -78.588  -9.022 0.6000000238
11637  31.155  -74.690  -8.378 0.6999999881
119650  29.972  -75.197  -9.556 0.6999999881
129000  30.595  -76.110  -9.236 0.6999999881
124304  31.956  -77.346  -0.613 0.6000000238
9473  31.371  -76.986  -0.008 0.6000000238
12305  31.768  -74.133  -7.377 0.6000000238
113704  30.387  -75.104  -8.835 0.6999999881
110937  32.523  -76.541  -0.482 0.6000000238
8767  31.101  -77.567  -0.396 0.6000000238
13013  33.241  -71.825  -6.675 0.6000000238
13022  32.074  -73.046  -6.619 0.6000000238
10165  33.058  -75.872  -1.037 0.6999999881
9482  32.728  -76.852  -1.110 0.6000000238
13014  32.718  -71.740  -6.004 0.6000000238
11591  32.754  -73.080  -3.316 0.6000000238
11575  33.181  -73.519  -2.428 0.6000000238
10180  33.396  -75.428  -2.056 0.6999999881
109511  33.052  -76.369  -1.862 0.6000000238
8081  32.310  -78.396  -1.593 0.6000000238
12260  32.161  -71.664  -3.945 0.6000000238
10885  33.011  -74.069  -3.123 0.8000000119
11592  32.336  -72.627  -4.195 0.6000000238
10193  33.272  -75.029  -3.023 0.8000000119
4848  31.155  -84.149  -10.660 0.6999999881
4856  30.267  -84.173  -11.213 0.6999999881
4861  30.125  -84.237  -11.827 0.6999999881
5336  32.383  -83.347  -9.801 0.6999999881
5337  31.816  -83.903  -10.301 0.6999999881
127309  29.129  -83.305  -12.091 0.6000000238
5358  28.517  -83.020  -11.738 0.6000000238
12166  29.507  -72.592  2.725 0.6000000238
11491  28.083  -73.723  2.721 0.6000000238
11490  29.203  -73.471  2.663 0.6000000238
11508  28.234  -74.536  2.138 0.6000000238
125352  29.160  -82.685  -12.009 0.6000000238
11507  29.834  -74.144  2.402 0.5000000000
6388  31.628  -80.897  -11.081 0.6999999881
120391  30.462  -82.037  -10.536 0.6999999881
10808  31.261  -74.462  1.667 0.4000000060
10809  30.344  -74.713  1.869 0.5000000000
108349  31.546  -78.998  -10.295 0.6999999881
7549  31.798  -80.006  -10.556 0.8000000119
121631  32.079  -74.109  1.276 0.5000000000
8171  31.408  -78.095  -9.962 0.6000000238
7546  31.936  -79.953  -9.606 0.6999999881
10824  31.781  -74.892  0.962 0.6000000238
9566  30.499  -76.056  -9.711 0.6999999881
8880  31.331  -76.987  -9.641 0.6999999881
10838  32.929  -75.117  -0.362 0.6999999881
10136  32.328  -75.473  0.425 0.6000000238
11636  31.904  -74.392  -8.041 0.6999999881
11641  30.560  -74.898  -9.451 0.6999999881
11533  33.334  -74.212  -0.508 0.5000000000
10152  32.600  -75.901  -0.216 0.6000000238
13027  33.660  -72.807  -7.369 0.6000000238
12299  32.257  -73.448  -7.028 0.6000000238
127131  32.107  -73.913  -7.404 0.6999999881
118438  33.078  -72.551  -6.969 0.6000000238
12300  32.017  -73.552  -6.923 0.6000000238
130163  33.217  -73.095  -1.784 0.5000000000
11555  33.459  -73.919  -1.509 0.6000000238
13792  33.595  -71.159  -6.092 0.6000000238
12979  32.144  -71.034  -3.586 0.6000000238
12244  32.783  -72.421  -2.589 0.5000000000
10874  33.447  -74.482  -2.240 0.6999999881
119696  32.519  -69.858  -3.669 0.6000000238
5352  31.469  -83.812  -12.033 0.6999999881
5356  31.048  -83.507  -12.346 0.6999999881
111494  29.661  -83.266  -12.313 0.6000000238
5856  29.074  -82.889  -12.104 0.6000000238
120171  28.968  -71.887  2.925 0.4000000060
12168  27.507  -73.055  3.118 0.5000000000
111593  29.913  -82.404  -11.573 0.6000000238
12165  30.364  -72.287  2.556 0.5000000000
11509  27.300  -74.280  2.313 0.6000000238
6400  30.486  -82.060  -12.111 0.6999999881
129429  31.340  -81.019  -11.787 0.6999999881
113374  30.673  -74.027  2.078 0.5000000000
8177  31.042  -78.219  -10.804 0.6999999881
11521  32.220  -73.353  1.314 0.4000000060
10269  31.615  -75.288  -10.181 0.6999999881
10273  30.814  -75.565  -10.110 0.6999999881
9569  31.416  -76.447  -10.141 0.6999999881
124393  32.625  -73.656  0.843 0.6000000238
11638  32.776  -74.505  -8.474 0.6999999881
10940  31.841  -74.783  -9.837 0.6999999881
9570  30.371  -75.775  -10.104 0.6999999881
110023  31.212  -76.381  -9.787 0.6999999881
12197  32.697  -72.725  0.742 0.5000000000
10823  32.715  -74.458  0.486 0.5000000000
12303  33.216  -73.621  -7.638 0.6000000238
11635  32.649  -74.209  -8.080 0.6999999881
11639  32.155  -74.717  -8.726 0.6999999881
10941  29.956  -75.043  -9.988 0.6999999881
11520  33.130  -73.492  0.147 0.5000000000
13019  34.717  -71.404  -7.616 0.5000000000
114072  34.482  -71.882  -7.400 0.6000000238
12304  32.457  -73.845  -7.567 0.6000000238
5355  31.891  -83.118  -12.233 0.6999999881
5854  31.309  -82.686  -12.468 0.6999999881
13672  28.716  -71.235  3.389 0.4000000060
6407  31.541  -81.776  -12.353 0.6999999881
5848  29.894  -82.664  -12.242 0.6999999881
12154  27.442  -72.352  3.440 0.4000000060
6399  31.000  -81.278  -12.061 0.6999999881
11492  26.951  -73.571  2.886 0.6000000238
7555  31.940  -79.466  -11.502 0.8000000119
7022  31.702  -80.454  -11.789 0.6999999881
108417  31.622  -77.830  -11.333 0.6000000238
129045  31.120  -78.283  -11.066 0.6000000238
11494  24.691  -73.194  2.727 0.6000000238
10272  31.697  -76.106  -10.193 0.6999999881
9571  31.866  -76.717  -10.882 0.6999999881
8183  31.020  -77.899  -11.106 0.6000000238
10268  32.364  -75.191  -9.828 0.6000000238
11634  33.341  -74.012  -7.931 0.6000000238
12184  23.088  -72.749  0.983 0.5000000000
122145  34.015  -72.955  -7.556 0.6000000238
13026  35.223  -71.516  -7.861 0.5000000000
115896  31.830  -80.862  -12.142 0.6999999881
12887  27.971  -71.131  3.624 0.4000000060
7025  32.021  -79.978  -11.815 0.8000000119
12155  26.684  -72.091  3.555 0.5000000000
8892  32.390  -77.793  -11.347 0.8000000119
12170  25.076  -72.418  3.044 0.4000000060
12900  26.250  -71.481  3.546 0.4000000060
120055  31.569  -78.561  -11.339 0.6999999881
12902  24.658  -71.776  2.744 0.4000000060
121143  25.941  -72.270  3.418 0.5000000000
10937  33.106  -74.612  -8.471 0.6000000238
9565  32.212  -76.146  -9.997 0.6999999881
12916  24.906  -71.107  2.376 0.4000000060
10936  33.626  -74.201  -7.913 0.6000000238
12918  23.523  -71.847  1.122 0.4000000060
11513  23.585  -73.327  1.701 0.6000000238
116395  34.992  -72.111  -7.526 0.5000000000
127455  35.619  -71.667  -7.861 0.5000000000
13655  27.495  -70.586  3.755 0.4000000060
7557  32.471  -79.539  -11.653 0.8000000119
13656  26.646  -70.718  3.631 0.4000000060
8182  32.090  -78.567  -11.481 0.6999999881
13673  25.952  -70.864  3.375 0.4000000060
9568  32.597  -77.026  -10.404 0.6000000238
8893  31.879  -77.306  -11.230 0.6999999881
10264  32.997  -75.328  -8.996 0.6000000238
120784  32.715  -75.943  -9.444 0.6000000238
14451  25.697  -69.767  2.295 0.4000000060
13691  24.677  -70.830  1.471 0.4000000060
11632  34.604  -72.807  -7.394 0.6000000238
13711  24.229  -71.192  0.858 0.4000000060
12298  35.472  -72.122  -7.504 0.4000000060
118013  28.433  -69.076  4.111 0.4000000060
126746  33.011  -77.535  -11.157 0.6999999881
14439  27.045  -69.892  3.733 0.4000000060
8878  33.302  -77.659  -9.983 0.6999999881
8888  32.399  -77.065  -11.106 0.6000000238
14450  26.246  -70.060  3.183 0.4000000060
10931  33.446  -75.057  -8.114 0.6000000238
9547  33.285  -76.064  -7.985 0.6000000238
13690  25.133  -70.296  1.924 0.4000000060
11629  34.280  -73.703  -7.450 0.6000000238
126806  24.633  -70.623  0.628 0.3000000119
11628  34.943  -73.138  -7.026 0.4000000060
12297  36.189  -71.937  -7.507 0.4000000060
11627  35.566  -72.536  -7.035 0.4000000060
110724  26.183  -69.306  2.659 0.4000000060
15181  26.408  -68.592  2.619 0.4000000060
10930  33.908  -74.752  -7.472 0.6000000238
11623  34.699  -73.801  -6.807 0.6000000238
10924  34.288  -74.538  -6.721 0.6000000238
12290  36.182  -72.286  -6.748 0.4000000060
11621  35.590  -72.920  -6.203 0.5000000000
15986  25.438  -67.647  -1.721 0.3000000119
12283  36.052  -72.475  -5.742 0.4000000060
17516  28.984  -65.745  4.136 0.4000000060
16755  26.132  -66.146  0.332 0.3000000119
16778  25.400  -66.834  -2.421 0.4000000060
18372  30.368  -64.549  4.729 0.4000000060
18383  28.034  -64.581  3.735 0.4000000060
17554  26.608  -64.960  1.397 0.3000000119
17553  26.831  -64.744  2.034 0.3000000119
15974  25.912  -66.999  -1.396 0.3000000119
16756  25.730  -66.864  -0.252 0.3000000119
15996  25.716  -66.951  -2.123 0.3000000119
18382  28.771  -64.124  4.303 0.4000000060
19219  28.261  -63.565  3.697 0.4000000060
18384  27.407  -64.642  3.141 0.4000000060
17566  26.498  -65.303  0.621 0.3000000119
17575  26.617  -65.615  -0.446 0.3000000119
18434  24.686  -64.492  -0.622 0.4000000060
19259  24.500  -63.978  0.239 0.3000000119
109423  24.411  -62.965  0.033 0.3000000119
17582  26.714  -65.774  -1.664 0.3000000119
127818  26.040  -66.464  -2.551 0.3000000119
20080  29.380  -62.485  3.841 0.4000000060
18390  27.675  -63.962  3.047 0.4000000060
18411  27.498  -63.605  2.056 0.3000000119
18412  26.981  -64.221  1.480 0.3000000119
17565  27.123  -65.012  0.051 0.3000000119
17591  24.938  -65.710  -2.395 0.3000000119
17574  27.149  -65.078  -1.084 0.3000000119
19270  24.761  -63.546  -0.702 0.3000000119
125504  27.057  -65.010  -2.319 0.3000000119
20140  24.941  -62.441  -1.767 0.4000000060
20131  24.676  -62.616  -0.919 0.3000000119
20959  24.586  -61.802  -1.206 0.3000000119
20132  24.002  -61.860  -0.381 0.3000000119
19228  28.083  -63.180  2.640 0.4000000060
19243  28.133  -63.100  1.541 0.4000000060
115587  27.608  -63.583  1.022 0.3000000119
18444  24.974  -64.700  -2.583 0.4000000060
117830  28.076  -63.808  0.090 0.3000000119
18443  25.596  -64.405  -3.001 0.3000000119
18438  24.890  -64.120  -1.677 0.4000000060
19280  25.788  -63.607  -3.079 0.4000000060
20976  24.794  -60.973  -1.490 0.3000000119
124591  28.836  -61.970  2.537 0.4000000060
19257  28.422  -62.640  1.127 0.4000000060
19258  28.386  -63.199  0.583 0.4000000060
108608  28.597  -63.287  -0.236 0.4000000060
18437  27.623  -64.400  -1.589 0.3000000119
19278  27.666  -63.439  -2.819 0.3000000119
19279  26.640  -63.495  -3.264 0.3000000119
20146  26.912  -62.459  -3.146 0.3000000119
20990  26.561  -61.518  -2.702 0.5000000000
20148  25.346  -62.903  -2.521 0.4000000060
20139  25.176  -61.683  -2.042 0.4000000060
21688  24.310  -60.237  -1.241 0.3000000119
116496  28.664  -61.856  1.830 0.4000000060
20130  28.855  -62.426  0.302 0.4000000060
19269  28.814  -62.842  -0.392 0.3000000119
20974  28.442  -61.949  -1.278 0.3000000119
129373  27.671  -60.723  -1.296 0.3000000119
128436  27.439  -59.640  -0.889 0.3000000119
119884  28.456  -63.214  -1.153 0.3000000119
20138  28.564  -62.688  -1.206 0.3000000119
20989  27.456  -61.749  -2.557 0.3000000119
21711  27.042  -60.968  -2.257 0.3000000119
21700  26.699  -60.103  -2.123 0.3000000119
19277  27.957  -62.516  -2.594 0.3000000119
21712  26.293  -60.757  -2.372 0.3000000119
21701  25.536  -60.780  -2.080 0.3000000119
115486  24.005  -59.692  -0.644 0.3000000119
20913  30.464  -61.136  3.146 0.3000000119
20924  30.016  -61.459  2.220 0.3000000119
20925  29.035  -61.582  1.788 0.3000000119
21670  29.005  -61.039  1.359 0.3000000119
21679  28.076  -60.142  0.496 0.3000000119
23207  27.534  -58.988  -0.163 0.3000000119
20939  28.657  -61.911  1.157 0.3000000119
21678  28.606  -60.803  0.773 0.3000000119
21687  28.385  -60.660  -0.112 0.3000000119
125626  27.743  -59.885  -0.327 0.3000000119
22448  26.838  -58.792  -1.353 0.3000000119
22462  26.336  -59.413  -1.654 0.3000000119
109287  25.958  -59.981  -2.178 0.3000000119
23222  25.738  -59.444  -1.546 0.3000000119
21702  25.193  -60.086  -1.741 0.3000000119
22463  24.902  -59.539  -1.169 0.3000000119
22418  31.413  -59.329  3.117 0.3000000119
22426  30.134  -60.120  2.282 0.3000000119
21669  29.874  -60.992  1.775 0.3000000119
22436  28.385  -60.297  1.177 0.3000000119
22437  27.960  -59.595  0.616 0.3000000119
24040  27.062  -57.564  -1.133 0.3000000119
23209  26.782  -57.988  -1.317 0.3000000119
22449  25.613  -58.860  -0.970 0.3000000119
22438  23.722  -59.116  0.108 0.3000000119
23190  27.608  -58.272  0.931 0.3000000119
23198  27.168  -58.200  -0.013 0.3000000119
24041  26.761  -57.405  -1.123 0.3000000119
24042  26.008  -57.450  -0.641 0.3000000119
22450  24.694  -58.963  -0.414 0.3000000119
24043  25.170  -57.616  -0.018 0.3000000119
24019  27.169  -57.485  0.777 0.3000000119
124434  27.100  -57.216  -0.507 0.3000000119
24018  28.026  -57.854  1.589 0.3000000119
24839  27.014  -56.628  1.184 0.3000000119
24848  27.080  -56.651  -0.103 0.3000000119
24028  26.959  -56.924  -0.850 0.3000000119
24862  26.471  -56.774  -0.614 0.3000000119
24029  25.436  -56.712  -0.078 0.3000000119
24030  24.347  -57.214  0.457 0.3000000119
3804  34.026  -86.726  -6.910 0.5000000000
3790  33.617  -86.407  -5.645 0.5000000000
4262  34.044  -85.758  -4.960 0.4000000060
7518  31.345  -80.019  -4.403 0.6999999881
120127  31.714  -79.781  -2.782 0.6999999881
5263  33.312  -83.009  -2.557 0.4000000060
4261  34.669  -85.326  -5.263 0.5000000000
8847  32.463  -77.956  -6.156 0.6000000238
6381  29.131  -81.915  -9.619 0.5000000000
9534  31.522  -76.508  -6.837 0.6000000238
113941  31.871  -79.962  -11.314 0.8000000119
6389  30.888  -81.622  -11.633 0.6999999881
10270  30.755  -74.951  -10.150 0.6999999881
12917  24.154  -71.607  1.959 0.4000000060
112480  35.925  -71.201  -8.131 0.5000000000
12302  36.165  -71.596  -7.932 0.4000000060
9557  33.193  -76.436  -8.812 0.6000000238
10257  33.665  -75.793  -7.281 0.6000000238
14460  25.309  -69.516  1.429 0.3000000119
11622  35.095  -73.358  -6.579 0.4000000060
18374  28.759  -65.012  4.269 0.4000000060
20107  29.388  -61.691  2.307 0.3000000119
21662  31.009  -60.025  2.788 0.3000000119
8877  34.283  -77.852  -9.808 0.5000000000
8886  34.153  -77.601  -10.947 0.5000000000
121160  33.403  -78.021  -11.336 0.6999999881
8180  33.855  -78.792  -11.159 0.6999999881
6406  32.547  -81.382  -12.253 0.6000000238
8887  33.197  -77.372  -11.030 0.6000000238
8181  32.906  -78.687  -11.356 0.6000000238
5350  32.956  -82.813  -11.367 0.6000000238
5345  32.369  -83.353  -10.844 0.6000000238
7553  34.652  -79.000  -11.025 0.6999999881
6398  33.711  -81.693  -11.535 0.6000000238
5845  33.478  -82.233  -11.634 0.6000000238
7021  33.772  -80.373  -11.529 0.6999999881
6405  33.490  -81.475  -12.057 0.6000000238
5846  32.747  -82.678  -12.070 0.6000000238
8866  34.504  -77.661  -8.817 0.5000000000
6397  34.593  -80.374  -10.318 0.6999999881
6387  34.005  -81.230  -10.801 0.6999999881
5834  34.205  -82.102  -10.219 0.6000000238
5842  33.570  -82.412  -10.783 0.6000000238
7552  35.557  -79.118  -11.123 0.6000000238
114325  34.072  -80.711  -10.956 0.6999999881
5841  33.864  -81.823  -10.968 0.6000000238
8175  35.975  -77.852  -11.136 0.6000000238
122119  34.300  -77.036  -7.355 0.5000000000
8867  33.677  -77.307  -9.074 0.5000000000
7020  35.266  -79.601  -10.572 0.6999999881
122860  34.446  -80.884  -10.128 0.6000000238
5324  32.946  -82.908  -9.322 0.6000000238
9532  35.307  -76.853  -6.322 0.5000000000
9556  33.820  -77.039  -8.069 0.5000000000
10227  35.318  -75.636  -5.118 0.5000000000
9533  34.301  -76.520  -6.717 0.5000000000
11600  35.247  -73.978  -4.659 0.4000000060
115171  28.595  -81.365  -4.658 0.4000000060
6949  29.813  -80.463  -5.367 0.4000000060
6950  28.987  -81.080  -5.452 0.4000000060
111032  28.528  -81.110  -6.255 0.5000000000
10228  34.516  -75.145  -5.818 0.5000000000
127930  28.154  -80.909  -6.732 0.5000000000
6973  24.575  -81.766  -6.760 0.6000000238
10912  35.001  -74.622  -5.250 0.4000000060
115145  26.826  -80.975  -7.190 0.5000000000
115144  25.853  -81.245  -7.252 0.5000000000
6929  27.647  -81.682  -4.628 0.5000000000
6951  28.129  -81.587  -5.505 0.5000000000
6952  27.110  -81.738  -5.512 0.5000000000
110253  26.206  -81.716  -5.583 0.5000000000
6970  27.589  -81.265  -6.403 0.5000000000
6971  26.510  -81.488  -6.344 0.5000000000
6972  25.460  -81.654  -6.296 0.5000000000
10884  35.654  -74.339  -3.783 0.4000000060
7497  29.845  -80.083  -2.532 0.5000000000
6930  26.458  -81.710  -4.617 0.5000000000
10244  34.154  -75.515  -6.589 0.5000000000
11614  35.074  -73.701  -5.632 0.4000000060
8084  30.132  -78.739  -1.691 0.5000000000
121648  29.542  -79.260  -2.196 0.5000000000
8102  28.674  -78.580  -2.399 0.5000000000
11613  35.358  -73.047  -5.113 0.4000000060
8783  29.887  -77.986  -1.532 0.5000000000
8798  29.171  -78.123  -2.301 0.5000000000
9483  30.158  -77.559  -0.756 0.5000000000
9484  29.190  -77.340  -1.465 0.5000000000
8122  27.930  -78.059  -2.726 0.5000000000
8085  27.813  -78.886  -1.878 0.4000000060
9475  29.600  -76.938  -0.396 0.5000000000
8799  28.199  -77.806  -2.702 0.6000000238
8123  27.451  -77.966  -2.797 0.6000000238
9474  30.552  -77.034  -0.035 0.5000000000
9476  28.757  -76.644  -0.721 0.5000000000
9495  28.443  -77.315  -2.362 0.5000000000
9503  27.859  -77.052  -2.936 0.6000000238
8815  27.377  -77.581  -3.107 0.6000000238
8800  26.514  -77.674  -1.722 0.6000000238
8768  26.410  -77.848  -0.791 0.5000000000
117551  24.896  -77.551  -0.644 0.5000000000
110641  24.241  -77.951  -0.481 0.5000000000
9462  30.031  -76.517  0.414 0.5000000000
10139  29.490  -75.945  0.814 0.5000000000
10154  29.089  -76.376  0.133 0.5000000000
9485  28.339  -76.724  -1.624 0.5000000000
10166  27.980  -76.271  -0.824 0.6000000238
9504  27.187  -77.101  -3.407 0.6000000238
8105  26.260  -77.672  -3.003 0.6000000238
8784  25.903  -77.450  -1.262 0.6000000238
8087  24.391  -77.592  -1.372 0.5000000000
8149  22.563  -77.424  -5.353 0.5000000000
8089  22.750  -78.140  -1.169 0.5000000000
10138  30.479  -75.879  0.903 0.5000000000
10126  29.946  -75.445  1.490 0.5000000000
10140  28.446  -75.828  0.677 0.6000000238
10156  27.553  -75.804  -0.050 0.6000000238
10168  26.797  -75.757  -1.626 0.6000000238
10194  26.946  -76.681  -3.275 0.6000000238
10182  26.491  -76.064  -2.659 0.6000000238
8824  26.304  -77.329  -4.280 0.6000000238
9512  26.296  -77.114  -4.461 0.6000000238
8801  25.669  -77.462  -2.179 0.6000000238
8106  24.739  -77.536  -2.300 0.5000000000
8088  23.598  -77.936  -1.316 0.5000000000
8108  23.051  -78.083  -2.180 0.5000000000
118292  23.396  -77.817  -3.649 0.5000000000
117896  22.056  -78.134  -2.059 0.5000000000
8128  22.639  -78.077  -3.233 0.5000000000
10811  28.318  -75.119  1.413 0.6000000238
10826  27.559  -75.152  0.795 0.6000000238
10857  26.201  -75.203  -1.123 0.6000000238
10169  25.929  -75.414  -1.892 0.6000000238
10195  26.257  -76.432  -3.713 0.6000000238
10183  25.634  -75.815  -2.873 0.6000000238
120620  25.307  -77.299  -4.831 0.5000000000
8837  24.985  -77.071  -5.159 0.5000000000
8127  24.185  -77.660  -3.306 0.5000000000
8826  24.502  -77.338  -5.025 0.5000000000
9521  24.405  -76.667  -5.224 0.6000000238
8141  22.988  -77.732  -4.384 0.5000000000
8827  23.548  -77.281  -5.268 0.5000000000
8839  23.008  -76.963  -6.027 0.5000000000
8849  22.128  -76.912  -6.311 0.5000000000
10840  26.127  -74.986  -0.351 0.6000000238
10858  25.315  -75.009  -0.979 0.6000000238
10170  24.922  -75.472  -1.924 0.6000000238
10212  25.221  -76.195  -4.869 0.6000000238
129822  24.139  -75.961  -4.537 0.6000000238
10231  23.032  -76.278  -5.454 0.5000000000
10841  25.194  -74.849  0.115 0.6000000238
116834  24.260  -75.863  -3.752 0.6000000238
10198  23.195  -75.805  -3.800 0.6000000238
10215  22.394  -75.859  -4.560 0.5000000000
11512  24.359  -73.701  2.052 0.6000000238
10814  24.837  -74.379  1.566 0.6000000238
10829  24.352  -74.636  0.812 0.6000000238
10842  24.109  -74.893  -0.240 0.6000000238
10171  23.847  -75.516  -1.836 0.6000000238
10186  22.387  -75.521  -2.691 0.5000000000
11522  23.922  -74.146  1.450 0.6000000238
111780  23.429  -74.501  0.502 0.6000000238
11523  23.187  -73.821  0.969 0.6000000238
10860  23.329  -75.079  -0.967 0.6000000238
11535  22.416  -73.844  -0.230 0.6000000238
113060  21.995  -74.051  -0.944 0.5000000000
12214  22.742  -72.561  0.003 0.4000000060
5853  32.238  -82.308  -12.308 0.6000000238
118281  33.093  -80.155  -11.898 0.6999999881
9546  33.800  -76.508  -7.389 0.5000000000
9519  35.638  -76.513  -5.486 0.5000000000
10243  34.805  -76.061  -5.932 0.5000000000
6953  25.431  -81.710  -5.195 0.6000000238
9496  27.867  -76.743  -2.404 0.6000000238
10181  27.222  -76.381  -2.453 0.6000000238
8126  25.289  -77.647  -3.347 0.6000000238
8140  23.901  -77.573  -4.393 0.5000000000
10859  24.323  -75.149  -1.191 0.6000000238
109232  22.356  -74.796  -0.854 0.6000000238
10861  21.889  -74.801  -1.655 0.6000000238
3830  34.630  -87.439  -8.060 0.4000000060
3343  36.984  -86.821  -6.814 0.5000000000
3814  37.150  -86.191  -6.882 0.5000000000
3815  36.598  -86.489  -7.024 0.4000000060
3828  35.672  -86.738  -7.326 0.4000000060
4305  35.629  -86.471  -7.275 0.4000000060
3816  34.862  -86.807  -7.613 0.4000000060
3813  37.651  -85.806  -6.658 0.5000000000
3801  38.002  -86.081  -6.068 0.5000000000
4293  36.421  -85.377  -7.280 0.5000000000
4277  35.737  -85.318  -7.044 0.5000000000
4295  35.490  -86.018  -7.026 0.4000000060
4291  37.977  -85.240  -6.703 0.5000000000
4812  37.579  -84.870  -6.963 0.5000000000
4813  37.009  -84.932  -7.123 0.5000000000
4802  35.802  -85.005  -6.364 0.5000000000
4278  35.219  -85.643  -6.240 0.4000000060
4792  35.313  -84.869  -5.398 0.4000000060
4811  38.307  -84.719  -6.570 0.5000000000
5312  37.796  -84.702  -6.731 0.5000000000
5297  38.066  -84.056  -6.237 0.5000000000
4801  36.621  -84.734  -6.320 0.5000000000
4791  36.093  -84.507  -5.353 0.5000000000
114671  34.951  -84.784  -4.597 0.4000000060
5816  33.373  -82.342  -7.701 0.5000000000
5817  32.752  -82.660  -7.121 0.4000000060
5805  33.149  -82.205  -6.033 0.4000000060
6349  33.890  -81.591  -5.543 0.4000000060
5778  33.761  -81.919  -3.924 0.4000000060
5766  33.530  -82.415  -3.204 0.4000000060
5289  36.988  -84.019  -5.259 0.5000000000
5765  34.446  -82.386  -3.351 0.4000000060
125599  34.724  -83.138  -3.166 0.4000000060
5262  34.550  -83.886  -3.036 0.4000000060
5791  37.318  -83.092  -4.792 0.4000000060
125289  36.264  -83.899  -4.537 0.5000000000
4780  34.870  -84.478  -3.737 0.4000000060
4779  35.614  -84.329  -4.305 0.4000000060
124823  33.416  -82.235  -6.900 0.4000000060
6322  34.130  -81.533  -4.607 0.4000000060
118285  34.466  -81.782  -3.919 0.4000000060
5790  37.875  -82.380  -4.967 0.4000000060
5261  35.214  -82.706  -3.455 0.4000000060
116326  35.153  -83.665  -3.551 0.4000000060
5775  36.892  -82.235  -4.282 0.4000000060
5276  36.577  -83.124  -4.290 0.4000000060
5277  35.838  -83.324  -3.864 0.4000000060
5826  33.352  -82.457  -8.694 0.5000000000
5815  34.019  -82.011  -8.141 0.4000000060
6359  34.424  -81.322  -7.576 0.4000000060
6347  35.040  -80.764  -6.989 0.4000000060
6336  35.239  -80.688  -5.774 0.4000000060
6321  34.892  -81.383  -4.315 0.4000000060
124398  35.565  -81.477  -4.035 0.4000000060
5777  35.107  -81.931  -3.693 0.4000000060
5774  37.203  -81.486  -4.419 0.4000000060
6319  36.330  -81.219  -4.181 0.4000000060
5776  35.944  -82.217  -3.813 0.4000000060
5835  33.599  -82.520  -9.761 0.5000000000
5825  34.118  -82.068  -9.202 0.5000000000
6379  34.460  -81.471  -9.547 0.6000000238
6369  34.451  -81.405  -8.604 0.5000000000
6946  36.066  -80.324  -5.323 0.4000000060
6945  36.919  -80.215  -5.071 0.4000000060
6998  35.451  -80.550  -8.564 0.4000000060
6378  34.760  -80.767  -9.574 0.5000000000
6997  36.196  -80.112  -8.450 0.4000000060
6965  35.785  -80.260  -6.458 0.4000000060
7007  36.361  -80.071  -9.255 0.5000000000
6996  37.113  -79.868  -8.947 0.4000000060
6980  36.328  -79.896  -7.184 0.4000000060
6377  35.644  -80.240  -9.432 0.6000000238
6386  34.936  -80.389  -9.754 0.6000000238
7545  37.548  -79.400  -9.452 0.5000000000
7540  37.830  -79.500  -8.801 0.4000000060
117822  34.357  -78.118  -11.272 0.5000000000
114068  27.493  -74.757  1.595 0.5000000000
122260  26.757  -74.545  1.807 0.5000000000
11493  25.811  -73.230  3.005 0.5000000000
11510  26.326  -74.101  2.382 0.5000000000
10812  26.804  -74.767  1.058 0.5000000000
4292  37.327  -85.659  -6.916 0.5000000000
3827  36.358  -86.255  -7.150 0.5000000000
130416  33.776  -81.878  -6.411 0.4000000060
6348  34.391  -81.266  -6.370 0.4000000060
6358  34.946  -80.858  -8.080 0.4000000060
6981  35.568  -80.341  -7.645 0.4000000060
6320  35.550  -80.793  -4.628 0.4000000060
6925  36.353  -80.559  -4.621 0.4000000060
6368  34.890  -80.872  -8.971 0.5000000000
6964  36.635  -80.004  -6.023 0.4000000060
7008  35.619  -80.462  -9.168 0.5000000000
7006  36.857  -79.642  -9.585 0.6000000238
128765  37.405  -79.592  -8.379 0.5000000000
7016  36.430  -79.296  -10.174 0.5000000000
10897  38.722  -75.429  -3.527 0.3000000119
10206  38.315  -75.937  -4.089 0.3000000119
122291  37.723  -76.196  -4.582 0.3000000119
10191  37.690  -75.481  -3.316 0.3000000119
10882  38.303  -74.859  -2.720 0.3000000119
11572  39.527  -73.938  -2.092 0.3000000119
10871  38.520  -74.240  -1.909 0.3000000119
10224  38.445  -76.099  -4.998 0.3000000119
10241  38.491  -76.107  -6.013 0.4000000060
128814  37.816  -76.336  -6.036 0.4000000060
126769  38.968  -75.717  -4.013 0.3000000119
9530  37.231  -76.567  -6.105 0.4000000060
10242  37.582  -76.354  -5.349 0.4000000060
9545  35.001  -77.337  -7.083 0.4000000060
8859  34.739  -77.618  -7.895 0.4000000060
10881  39.327  -74.812  -3.229 0.3000000119
10225  36.899  -76.254  -4.639 0.3000000119
10226  35.986  -76.200  -4.739 0.4000000060
11573  37.138  -74.226  -1.854 0.3000000119
10192  36.639  -75.384  -3.365 0.3000000119
9542  38.345  -76.693  -7.633 0.4000000060
9563  38.185  -77.147  -9.360 0.4000000060
8875  36.937  -77.689  -10.066 0.4000000060
8884  36.510  -77.648  -10.995 0.4000000060
10223  39.331  -75.876  -5.485 0.4000000060
9529  37.996  -76.461  -6.651 0.4000000060
9554  37.763  -76.969  -8.415 0.4000000060
8864  36.383  -77.566  -9.067 0.4000000060
8876  36.002  -77.859  -9.934 0.4000000060
9543  37.197  -76.848  -7.163 0.4000000060
8890  34.935  -77.863  -11.132 0.4000000060
10896  39.547  -75.247  -4.069 0.3000000119
9544  36.037  -77.266  -7.064 0.4000000060
126364  35.143  -77.867  -9.654 0.4000000060
10880  40.160  -74.542  -3.706 0.3000000119
10209  35.744  -75.577  -4.381 0.4000000060
9562  39.293  -76.953  -9.555 0.4000000060
112257  37.281  -78.226  -10.666 0.4000000060
9553  38.779  -76.760  -8.711 0.4000000060
8874  38.365  -77.572  -9.786 0.4000000060
7550  36.724  -78.688  -11.095 0.4000000060
10222  40.371  -75.665  -5.976 0.3000000119
10256  38.923  -76.270  -7.017 0.4000000060
11612  41.169  -74.306  -4.891 0.3000000119
10895  40.425  -74.800  -4.520 0.3000000119
8885  35.396  -77.666  -10.888 0.4000000060
11598  40.811  -74.257  -4.141 0.3000000119
7548  37.001  -78.868  -10.020 0.4000000060
8173  38.370  -77.947  -10.014 0.4000000060
10899  35.403  -74.934  -4.421 0.3000000119
11590  36.105  -73.765  -3.108 0.3000000119
10898  35.882  -75.182  -3.759 0.3000000119
8179  35.366  -78.285  -11.265 0.4000000060
8174  36.713  -78.040  -11.140 0.4000000060
7551  36.092  -79.251  -11.121 0.4000000060
7547  37.832  -78.555  -9.802 0.4000000060
10873  37.044  -74.835  -2.550 0.3000000119
10855  37.771  -74.154  -1.654 0.3000000119
9518  36.537  -76.560  -5.322 0.4000000060
9555  36.743  -77.214  -8.179 0.4000000060
9531  36.300  -76.878  -6.168 0.4000000060
8858  35.702  -77.591  -7.943 0.4000000060
10208  36.354  -75.773  -4.119 0.4000000060
8883  37.304  -77.930  -10.423 0.4000000060
9564  37.302  -77.300  -9.262 0.4000000060
10240  39.568  -75.975  -6.430 0.3000000119
10911  39.893  -75.337  -5.021 0.3000000119
9541  39.325  -76.381  -8.048 0.4000000060
10255  39.873  -76.003  -7.424 0.3000000119
10910  40.795  -74.950  -5.403 0.3000000119
2465  35.579  -89.232  -2.753 0.3000000119
2466  34.890  -89.088  -3.065 0.3000000119
2866  36.170  -88.425  -2.643 0.3000000119
2064  35.078  -89.982  -2.838 0.3000000119
3306  35.489  -87.972  -3.198 0.3000000119
121156  34.893  -87.917  -3.785 0.3000000119
2865  36.605  -87.474  -2.598 0.3000000119
2857  37.088  -88.781  -2.186 0.3000000119
124602  37.105  -86.661  -2.808 0.3000000119
3305  35.897  -87.301  -3.306 0.3000000119
2879  35.152  -87.605  -5.003 0.3000000119
2910  35.956  -87.884  -6.948 0.3000000119
2854  38.251  -88.368  -1.294 0.3000000119
2458  37.737  -88.766  -1.719 0.3000000119
3292  37.552  -87.590  -2.173 0.3000000119
2460  36.361  -89.533  -2.304 0.3000000119
3316  36.781  -87.052  -5.045 0.3000000119
3326  37.765  -86.545  -6.151 0.3000000119
3328  36.852  -87.529  -5.983 0.3000000119
3303  37.849  -86.428  -2.645 0.3000000119
3304  36.606  -86.601  -3.759 0.3000000119
3765  37.588  -86.210  -3.684 0.3000000119
3764  38.462  -85.950  -3.453 0.3000000119
125350  37.877  -86.390  -5.485 0.3000000119
3327  37.483  -87.014  -5.722 0.3000000119
3789  38.349  -85.962  -5.584 0.3000000119
120826  39.087  -83.465  -5.983 0.4000000060
4275  38.974  -85.005  -6.032 0.4000000060
115800  33.937  -91.336  -0.729 0.3000000119
1640  33.722  -92.058  0.016 0.3000000119
2063  35.655  -90.372  -2.459 0.3000000119
2447  37.296  -89.432  -0.991 0.3000000119
2033  36.612  -89.863  -1.605 0.3000000119
1647  34.665  -91.114  -1.642 0.3000000119
1352  33.431  -92.341  -0.558 0.3000000119
2847  38.265  -88.479  -0.507 0.3000000119
2034  35.678  -90.473  -1.600 0.3000000119
1658  34.506  -91.497  -1.976 0.3000000119
1648  33.818  -91.747  -1.127 0.3000000119
2455  37.293  -89.408  -1.437 0.3000000119
2052  36.061  -90.026  -1.970 0.3000000119
128556  36.011  -91.010  -2.078 0.3000000119
1670  34.601  -91.236  -2.412 0.3000000119
115521  35.706  -90.750  -2.390 0.3000000119
2054  34.994  -90.825  -2.807 0.3000000119
3318  35.478  -87.356  -4.208 0.3000000119
2890  35.977  -87.490  -5.382 0.3000000119
2454  37.703  -89.116  -1.293 0.3000000119
3777  37.437  -86.478  -4.782 0.3000000119
2036  33.873  -90.614  -0.314 0.3000000119
116775  34.233  -91.214  -2.565 0.3000000119
2446  37.813  -89.177  -0.936 0.3000000119
2044  36.013  -90.509  -2.077 0.3000000119
1659  33.832  -91.907  -2.067 0.3000000119
3788  38.769  -85.429  -5.789 0.3000000119
7522  41.296  -79.044  -5.076 0.3000000119
6923  41.323  -80.008  -5.084 0.3000000119
6940  41.012  -80.535  -5.482 0.3000000119
6332  40.861  -80.864  -6.006 0.4000000060
6346  39.458  -81.662  -5.980 0.4000000060
5804  38.640  -83.134  -5.936 0.3000000119
7527  41.222  -78.567  -5.513 0.3000000119
7528  40.550  -78.876  -5.706 0.4000000060
6942  40.013  -80.226  -5.462 0.4000000060
6943  38.928  -79.957  -5.197 0.4000000060
6335  37.895  -81.190  -4.818 0.3000000119
7524  38.278  -79.446  -5.391 0.4000000060
6944  37.866  -80.201  -5.015 0.4000000060
6924  37.040  -80.733  -4.584 0.3000000119
6963  37.437  -79.608  -5.573 0.3000000119
118512  41.271  -78.037  -3.985 0.3000000119
8119  41.497  -78.620  -4.277 0.3000000119
6331  41.136  -81.424  -5.995 0.4000000060
6344  40.854  -81.604  -6.130 0.3000000119
5802  39.796  -82.373  -6.130 0.3000000119
8138  41.842  -78.088  -4.574 0.3000000119
8146  41.764  -78.012  -5.411 0.3000000119
110265  41.533  -78.291  -5.442 0.3000000119
8155  40.916  -78.069  -6.180 0.3000000119
7523  39.645  -79.452  -5.526 0.4000000060
117034  41.348  -77.618  -6.643 0.3000000119
8160  40.884  -78.030  -7.376 0.3000000119
8156  40.240  -78.419  -6.640 0.3000000119
7529  39.711  -78.884  -6.104 0.4000000060
130474  38.862  -79.457  -5.410 0.4000000060
8161  40.117  -78.354  -7.818 0.3000000119
7534  39.392  -78.624  -6.877 0.4000000060
7531  37.936  -79.119  -6.266 0.4000000060
7543  39.180  -78.709  -9.248 0.3000000119
7539  38.521  -79.079  -8.445 0.4000000060
7535  38.569  -78.866  -7.119 0.4000000060
6979  37.129  -79.498  -6.707 0.4000000060
8172  39.564  -77.807  -9.935 0.3000000119
7544  38.320  -79.027  -9.313 0.3000000119
8066  37.648  -78.174  -0.116 0.3000000119
8080  37.971  -78.533  -1.029 0.3000000119
7487  38.198  -79.267  -1.616 0.3000000119
6890  38.545  -80.075  -2.209 0.3000000119
8794  40.654  -77.158  -3.452 0.3000000119
8795  39.812  -77.477  -2.893 0.3000000119
7492  39.648  -79.314  -2.993 0.3000000119
6907  39.728  -80.706  -3.378 0.3000000119
9500  41.787  -76.691  -4.100 0.3000000119
9501  41.194  -76.437  -3.488 0.3000000119
8813  40.337  -78.103  -3.569 0.3000000119
8120  40.312  -78.994  -3.501 0.3000000119
6906  40.788  -80.522  -3.894 0.3000000119
6307  40.974  -81.146  -4.570 0.3000000119
129679  41.101  -81.967  -5.942 0.3000000119
5295  39.887  -82.890  -5.953 0.3000000119
4799  39.700  -84.007  -5.636 0.3000000119
4274  39.536  -84.725  -5.656 0.3000000119
8811  41.991  -77.552  -4.404 0.3000000119
8165  40.801  -77.917  -8.740 0.3000000119
7538  39.284  -78.656  -8.100 0.3000000119
8168  41.070  -77.496  -9.704 0.3000000119
8166  39.977  -78.318  -9.008 0.3000000119
8881  40.695  -77.053  -10.077 0.3000000119
8873  39.333  -77.411  -9.917 0.3000000119
8170  38.883  -78.365  -9.698 0.3000000119
8052  37.636  -77.447  0.729 0.3000000119
8765  38.271  -76.675  -0.658 0.3000000119
8778  38.698  -77.228  -1.561 0.3000000119
8079  38.522  -78.266  -1.891 0.3000000119
124637  40.107  -76.741  -2.627 0.3000000119
8796  39.153  -77.663  -2.300 0.3000000119
4260  39.712  -85.238  -5.367 0.3000000119
8744  38.851  -77.213  1.689 0.3000000119
8755  37.844  -76.501  0.783 0.3000000119
9471  38.911  -75.988  -0.125 0.3000000119
9481  39.165  -76.367  -1.141 0.3000000119
8777  39.506  -76.934  -2.054 0.3000000119
9493  40.722  -76.265  -2.675 0.3000000119
9451  38.434  -76.466  1.347 0.3000000119
9460  38.692  -75.821  0.946 0.3000000119
9470  39.772  -75.597  -0.534 0.3000000119
9480  40.115  -76.078  -1.693 0.3000000119
4800  39.018  -84.533  -6.048 0.3000000119
5296  38.697  -83.843  -6.087 0.3000000119
5803  39.185  -82.789  -6.066 0.3000000119
5789  38.739  -81.977  -5.541 0.3000000119
7536  37.740  -79.259  -7.620 0.4000000060
9561  40.214  -76.603  -9.618 0.3000000119
7515  41.521  -78.567  -4.834 0.3000000119
116523  41.093  -79.494  -5.276 0.3000000119
7516  41.371  -79.371  -4.591 0.3000000119
6941  40.677  -79.853  -5.432 0.4000000060
6333  39.488  -80.671  -5.433 0.4000000060
6334  38.724  -80.829  -5.168 0.4000000060
7530  38.847  -79.036  -5.984 0.4000000060
8812  41.531  -77.380  -3.969 0.3000000119
124425  40.980  -78.690  -3.941 0.3000000119
6317  41.209  -80.883  -5.288 0.3000000119
7503  41.131  -79.547  -3.983 0.3000000119
5801  40.475  -82.140  -6.170 0.3000000119
8822  42.018  -77.359  -5.206 0.3000000119
8834  41.924  -77.573  -5.915 0.3000000119
8154  41.806  -77.416  -6.156 0.3000000119
8872  40.570  -77.555  -10.010 0.3000000119
7505  39.288  -80.009  -2.870 0.3000000119
7504  40.244  -79.879  -3.406 0.3000000119
116673  40.301  -81.354  -3.788 0.3000000119
8871  41.169  -77.051  -10.039 0.3000000119
6988  26.131  -80.847  -8.099 0.4000000060
1361  33.550  -92.071  -1.359 0.3000000119
1657  35.555  -91.053  -2.137 0.3000000119
1669  35.398  -91.014  -2.517 0.3000000119
2043  36.625  -89.811  -1.756 0.3000000119
2053  35.498  -90.719  -2.632 0.3000000119
2459  37.172  -89.521  -1.821 0.3000000119
2467  34.084  -88.937  -3.212 0.3000000119
2867  34.222  -88.186  -3.931 0.3000000119
3291  38.310  -86.997  -2.034 0.3000000119
3317  36.088  -87.059  -4.357 0.3000000119
3336  37.317  -87.064  -6.387 0.5000000000
3337  36.565  -87.392  -6.586 0.3000000119
3344  36.184  -87.168  -6.972 0.4000000060
3353  35.874  -87.026  -7.193 0.4000000060
3355  34.788  -87.658  -8.074 0.4000000060
3751  38.598  -86.100  -2.489 0.3000000119
3802  37.482  -86.457  -6.567 0.5000000000
3803  34.816  -86.305  -6.759 0.4000000060
3826  37.014  -86.181  -7.039 0.5000000000
3829  35.024  -87.076  -7.904 0.4000000060
4259  40.584  -84.902  -5.208 0.3000000119
4276  38.300  -85.308  -6.471 0.5000000000
4290  38.519  -85.099  -6.476 0.5000000000
4294  35.980  -85.555  -7.299 0.4000000060
4303  36.589  -85.763  -7.216 0.5000000000
4304  36.165  -85.940  -7.272 0.4000000060
4306  29.788  -84.738  -9.453 0.5000000000
4314  29.390  -84.801  -9.588 0.5000000000
4322  29.460  -84.878  -10.198 0.6000000238
4329  29.510  -84.492  -10.569 0.6999999881
4793  29.768  -83.584  -5.777 0.5000000000
4814  36.064  -84.911  -7.145 0.5000000000
4815  30.765  -83.798  -7.933 0.6000000238
4827  36.949  -85.519  -7.119 0.5000000000
4829  30.058  -84.448  -8.779 0.6000000238
4830  29.600  -84.659  -8.211 0.6000000238
4847  31.657  -83.789  -11.233 0.6999999881
4851  28.307  -83.721  -10.637 0.6000000238
4855  30.884  -84.094  -11.307 0.6999999881
4857  30.081  -84.105  -11.116 0.6999999881
4858  29.200  -83.807  -10.755 0.6999999881
4860  30.702  -84.167  -12.019 0.6999999881
4862  29.653  -83.927  -11.902 0.6999999881
4863  29.249  -83.528  -11.342 0.6000000238
5287  40.089  -83.465  -5.556 0.3000000119
5288  37.908  -83.573  -5.666 0.3000000119
5298  37.493  -84.425  -6.387 0.5000000000
5301  30.539  -83.333  -6.112 0.6999999881
5310  38.542  -84.241  -6.232 0.5000000000
5311  38.209  -84.479  -6.538 0.5000000000
5326  31.497  -83.452  -8.359 0.6999999881
5344  33.056  -82.981  -10.341 0.6999999881
5351  32.249  -83.321  -11.839 0.6000000238
5357  30.251  -83.786  -12.278 0.6000000238
5767  32.787  -82.501  -3.091 0.4000000060
5788  40.415  -82.675  -5.847 0.3000000119
5794  31.833  -82.769  -5.589 0.5000000000
5800  40.979  -82.057  -6.111 0.3000000119
5847  30.760  -82.261  -12.361 0.6999999881
5849  28.571  -82.850  -11.606 0.6000000238
5850  27.744  -82.604  -10.932 0.5000000000
5851  26.599  -82.311  -11.076 0.5000000000
5852  33.147  -82.016  -12.149 0.6000000238
5855  30.467  -83.022  -12.506 0.6999999881
6318  41.040  -81.845  -5.333 0.3000000119
6337  34.662  -81.138  -5.176 0.4000000060
6345  40.286  -81.373  -6.101 0.4000000060
6360  33.962  -81.935  -7.185 0.4000000060
6373  28.720  -81.451  -8.965 0.5000000000
6404  33.775  -81.152  -11.512 0.6000000238
6905  41.245  -80.263  -4.583 0.3000000119
7009  31.683  -80.855  -9.860 0.6999999881
7017  35.571  -79.692  -9.913 0.6000000238
7023  33.278  -80.830  -12.055 0.6000000238
7024  32.485  -80.440  -12.085 0.8000000119
7488  31.206  -79.473  -1.790 0.6000000238
7493  38.886  -79.222  -2.425 0.3000000119
7508  31.146  -80.020  -3.347 0.6000000238
7554  34.086  -79.605  -11.210 0.6999999881
7556  33.357  -79.576  -11.447 0.6999999881
8043  38.224  -77.872  1.497 0.3000000119
8099  32.746  -78.663  -2.370 0.6999999881
8103  28.295  -78.820  -2.248 0.5000000000
8104  26.983  -77.964  -2.083 0.6000000238
8107  23.870  -77.767  -2.231 0.5000000000
8118  41.877  -78.072  -4.141 0.3000000119
8124  26.697  -77.552  -3.479 0.6000000238
8125  25.867  -77.500  -4.197 0.6000000238
8139  24.878  -77.566  -4.299 0.5000000000
8147  41.390  -77.980  -5.981 0.3000000119
8163  32.388  -78.205  -6.936 0.6000000238
8167  32.447  -78.919  -8.129 0.6000000238
8169  39.838  -78.159  -9.714 0.3000000119
8176  31.571  -78.993  -11.014 0.6000000238
8178  36.185  -78.533  -11.242 0.4000000060
8745  38.060  -77.016  1.283 0.3000000119
8766  37.614  -76.988  -0.051 0.3000000119
8769  25.592  -77.634  -0.596 0.5000000000
8779  38.021  -77.628  -0.932 0.3000000119
8780  32.461  -77.597  -1.325 0.6000000238
8781  31.638  -78.223  -1.189 0.6000000238
8782  30.792  -78.135  -1.087 0.6000000238
8785  25.182  -77.398  -1.338 0.6000000238
8797  32.796  -77.801  -2.045 0.6000000238
8816  26.763  -77.315  -3.807 0.6000000238
8825  25.863  -77.154  -4.913 0.5000000000
8838  24.011  -77.020  -5.419 0.6000000238
8865  35.429  -77.745  -8.846 0.4000000060
8879  31.553  -77.670  -9.231 0.6000000238
8882  40.093  -77.316  -10.027 0.3000000119
8889  31.160  -77.319  -10.492 0.6999999881
8891  33.833  -77.777  -11.131 0.6999999881
8894  31.388  -77.229  -11.049 0.6999999881
9450  39.353  -76.440  1.612 0.3000000119
9472  38.139  -76.309  0.166 0.3000000119
9486  27.611  -76.255  -1.658 0.6000000238
9505  26.642  -76.943  -4.046 0.6000000238
9506  25.933  -76.701  -4.665 0.6000000238
9513  25.264  -76.613  -5.060 0.5000000000
9520  32.465  -76.903  -5.008 0.6999999881
9522  23.459  -76.789  -5.540 0.5000000000
9523  22.592  -76.623  -6.050 0.5000000000
9535  30.934  -75.923  -7.440 0.6999999881
9552  39.751  -76.351  -9.048 0.3000000119
9560  40.915  -76.534  -9.994 0.3000000119
9567  40.149  -76.908  -10.012 0.3000000119
10127  29.070  -75.546  1.353 0.5000000000
10137  31.468  -75.761  0.805 0.6000000238
10153  31.933  -76.419  0.168 0.6000000238
10155  28.369  -76.186  -0.140 0.5000000000
10157  26.787  -75.428  -0.640 0.6000000238
10167  27.332  -75.907  -0.938 0.6000000238
10184  24.575  -75.716  -2.833 0.6000000238
10185  23.464  -75.693  -2.712 0.6000000238
10196  25.337  -76.040  -4.035 0.6000000238
10197  24.823  -75.954  -4.696 0.6000000238
10205  39.119  -75.796  -4.578 0.3000000119
10207  37.271  -75.897  -3.996 0.3000000119
10213  24.607  -76.115  -5.037 0.6000000238
10214  23.600  -76.011  -4.918 0.6000000238
10230  23.855  -76.383  -5.187 0.6000000238
10239  40.382  -75.865  -6.824 0.3000000119
10265  30.157  -75.590  -9.285 0.6999999881
10271  29.964  -75.445  -10.050 0.6999999881
10274  30.217  -75.349  -10.120 0.6999999881
10813  25.915  -74.556  1.559 0.5000000000
10827  26.078  -74.813  0.569 0.6000000238
10828  25.274  -74.700  0.941 0.6000000238
10830  22.796  -74.134  0.225 0.6000000238
10839  26.842  -74.991  0.174 0.5000000000
10843  22.970  -74.642  -0.204 0.6000000238
10844  22.449  -74.310  -0.367 0.6000000238
10856  33.462  -74.856  -1.263 0.6000000238
10872  37.701  -74.499  -2.088 0.3000000119
10923  34.671  -74.224  -6.085 0.6000000238
10938  30.317  -74.965  -9.147 0.6999999881
10939  32.493  -74.916  -9.118 0.6999999881
11506  31.437  -73.526  1.866 0.4000000060
11511  25.300  -73.946  2.298 0.5000000000
11534  22.700  -73.387  0.293 0.6000000238
11551  39.113  -73.666  -1.261 0.3000000119
11602  32.208  -73.129  -4.765 0.8000000119
11615  31.824  -73.238  -5.501 0.6000000238
11633  33.949  -73.503  -7.659 0.6000000238
11640  31.345  -74.847  -9.123 0.6999999881
12167  28.390  -72.700  2.986 0.4000000060
12169  26.709  -72.794  3.340 0.5000000000
12171  24.281  -72.422  2.561 0.4000000060
12183  23.675  -72.478  1.856 0.4000000060
12215  22.331  -73.219  -0.516 0.4000000060
12245  32.220  -71.563  -3.241 0.6000000238
12259  32.405  -72.234  -3.539 0.6000000238
12282  36.840  -72.034  -6.386 0.4000000060
12291  31.799  -73.075  -6.415 0.6000000238
12292  31.718  -73.188  -6.378 0.6000000238
12888  27.203  -71.466  3.649 0.4000000060
12899  28.132  -71.828  3.431 0.4000000060
12901  25.408  -71.495  3.157 0.4000000060
12936  23.141  -72.033  0.418 0.4000000060
13020  33.945  -72.033  -7.154 0.5000000000
13021  32.470  -72.410  -6.547 0.6000000238
13028  32.829  -73.252  -7.210 0.6000000238
13674  25.510  -70.590  2.800 0.4000000060
13710  24.964  -70.108  1.002 0.3000000119
14438  27.948  -69.844  3.979 0.4000000060
15180  27.133  -68.293  3.227 0.4000000060
15182  25.791  -68.867  1.858 0.4000000060
16766  26.301  -66.346  -0.985 0.3000000119
16772  26.273  -66.432  -2.018 0.3000000119
16779  24.848  -67.492  -2.479 0.4000000060
17515  29.374  -65.436  4.468 0.4000000060
17537  27.069  -65.031  2.661 0.4000000060
17538  26.663  -65.386  2.062 0.3000000119
17589  26.406  -65.818  -2.522 0.3000000119
18373  29.460  -64.723  4.566 0.4000000060
18391  27.157  -64.329  2.455 0.3000000119
18413  26.776  -64.675  0.832 0.3000000119
18426  27.278  -64.239  0.525 0.3000000119
18432  28.090  -63.809  -0.903 0.3000000119
18433  27.560  -64.400  -0.472 0.3000000119
18436  28.125  -63.724  -1.971 0.3000000119
19227  28.686  -62.572  3.229 0.4000000060
19242  28.360  -62.541  2.136 0.4000000060
19268  28.789  -62.819  0.324 0.4000000060
19273  28.343  -63.046  -2.054 0.3000000119
19274  25.194  -63.807  -2.489 0.4000000060
20119  28.573  -62.263  1.086 0.4000000060
20145  28.333  -62.491  -1.880 0.3000000119
20147  25.782  -62.114  -2.766 0.4000000060
20975  27.788  -61.247  -1.779 0.3000000119
20988  28.087  -61.991  -2.108 0.3000000119
20991  25.828  -61.347  -2.441 0.4000000060
21663  30.375  -60.693  2.619 0.3000000119
21686  28.837  -61.272  0.438 0.3000000119
21698  27.649  -60.246  -0.913 0.3000000119
21699  27.340  -60.430  -1.701 0.3000000119
22447  27.358  -59.185  -0.810 0.3000000119
22461  27.112  -59.613  -1.495 0.3000000119
23197  27.842  -58.858  0.658 0.3000000119
23199  24.315  -58.241  0.283 0.3000000119
23208  27.231  -58.308  -1.110 0.3000000119
23210  26.251  -58.039  -1.105 0.3000000119
23211  25.422  -58.242  -0.384 0.3000000119
108110  24.927  -63.236  -1.693 0.4000000060
109001  26.030  -62.890  -3.185 0.3000000119
110166  36.972  -79.698  -7.915 0.5000000000
110374  28.100  -61.075  -0.913 0.3000000119
110797  26.770  -80.870  -9.401 0.5000000000
110882  30.405  -80.639  -6.032 0.6000000238
112970  32.936  -76.824  -9.531 0.6000000238
113809  37.607  -77.544  -9.829 0.4000000060
114644  27.759  -80.801  -7.209 0.5000000000
114754  37.873  -78.479  0.845 0.3000000119
114757  27.765  -59.535  -0.022 0.3000000119
115614  22.681  -75.368  -1.720 0.5000000000
115688  27.474  -76.829  -2.960 0.6000000238
117434  31.575  -74.293  -7.449 0.6000000238
117726  33.358  -73.256  -0.888 0.5000000000
117787  27.485  -69.091  3.847 0.4000000060
118949  23.394  -77.913  -2.919 0.5000000000
119504  34.498  -79.907  -10.952 0.6999999881
120634  25.113  -81.554  -7.313 0.5000000000
120946  36.231  -79.782  -9.605 0.6000000238
121546  28.875  -84.745  -8.723 0.5000000000
121594  32.846  -82.818  -8.705 0.6000000238
121683  34.309  -81.470  -10.299 0.6000000238
122354  28.551  -62.039  1.877 0.3000000119
123287  39.473  -78.418  -2.841 0.3000000119
124377  30.050  -81.989  -9.580 0.6000000238
124466  25.246  -62.289  -2.294 0.4000000060
124975  26.283  -64.195  -3.191 0.3000000119
125191  32.475  -72.975  -6.820 0.6000000238
125324  31.974  -79.213  -11.580 0.8000000119
125568  24.029  -73.050  2.293 0.6000000238
127111  26.246  -58.729  -1.247 0.3000000119
127701  40.525  -77.921  -9.601 0.3000000119
127909  24.553  -80.948  -9.354 0.5000000000
128676  32.036  -76.583  -10.662 0.6999999881
128806  28.697  -80.872  -7.746 0.6000000238
128821  27.029  -77.614  -3.345 0.6000000238
129382  22.129  -75.239  -2.066 0.6000000238
129394  41.781  -77.847  -5.793 0.3000000119
129515  23.668  -74.353  1.008 0.6000000238
130341  33.484  -92.455  0.072 0.3000000119
130574  32.115  -77.872  -1.180 0.6000000238
130994  30.460  -84.141  -8.397 0.6999999881
