#!ascii label  , from subject Paciente_3 vox2ras=TkReg
1468
3340  25.951  -87.798  -6.468 0.6999999881
119644  25.490  -88.198  -7.110 0.8000000119
127428  25.494  -88.015  -7.811 0.8000000119
2922  25.345  -88.158  -8.609 0.6999999881
2894  25.224  -88.427  -4.936 0.6000000238
2906  25.336  -88.357  -6.151 0.6000000238
2507  25.294  -88.715  -7.907 0.6000000238
2884  25.282  -88.632  -3.898 0.6000000238
3359  25.442  -87.255  -8.185 0.8000000119
3836  25.026  -86.587  -8.964 0.6999999881
3837  24.453  -86.671  -9.474 0.6999999881
3333  25.872  -87.891  -5.480 0.6000000238
3350  25.786  -87.553  -7.268 0.6999999881
3366  25.159  -87.448  -9.278 0.6999999881
2873  25.560  -88.987  -3.433 0.6000000238
2872  26.424  -88.561  -3.222 0.6000000238
2473  25.190  -89.681  -3.391 0.6000000238
2077  27.195  -90.447  -4.338 0.6000000238
2078  26.232  -90.779  -4.128 0.6000000238
4309  24.885  -85.642  -8.476 0.8000000119
4310  24.170  -85.031  -8.824 0.8000000119
4317  24.129  -86.108  -9.227 0.6999999881
4311  23.856  -85.403  -8.847 0.6999999881
3832  23.476  -86.411  -8.502 0.6999999881
3831  25.532  -86.259  -8.037 0.8000000119
4316  24.434  -86.017  -9.072 0.6999999881
111767  23.813  -86.494  -9.260 0.6999999881
115958  25.966  -86.777  -7.427 0.6999999881
3349  26.352  -87.178  -6.749 0.6999999881
3322  25.750  -87.939  -4.279 0.6999999881
3311  26.698  -87.747  -3.199 0.6000000238
3312  25.966  -88.206  -3.543 0.6000000238
2480  27.463  -89.762  -3.836 0.6000000238
2471  26.858  -89.224  -3.247 0.6000000238
112917  27.995  -89.880  -4.958 0.6000000238
2105  28.447  -90.646  -7.272 0.6999999881
2094  27.710  -90.957  -6.597 0.6000000238
1726  28.673  -91.588  -8.453 0.5000000000
2106  28.004  -91.416  -7.772 0.6000000238
1408  28.608  -92.043  -8.594 0.5000000000
4835  24.202  -84.176  -8.130 0.8999999762
4836  23.665  -84.634  -8.018 0.6999999881
4300  25.644  -85.357  -7.637 0.6999999881
120553  25.002  -84.717  -8.006 0.8999999762
125855  23.575  -85.633  -8.137 0.6999999881
3818  26.737  -86.399  -7.032 0.8000000119
3819  26.128  -86.033  -7.460 0.8000000119
3807  26.900  -86.823  -6.327 0.8000000119
3781  27.127  -86.389  -4.928 0.6999999881
3339  26.437  -87.382  -5.941 0.6999999881
125757  26.399  -87.346  -3.827 0.8000000119
3310  27.006  -86.967  -3.122 0.8000000119
2858  27.686  -87.983  -2.662 0.6999999881
2871  27.271  -88.544  -3.039 0.6999999881
2479  28.167  -89.472  -4.132 0.6000000238
2496  28.258  -90.270  -6.171 0.6999999881
2120  28.660  -90.958  -8.073 0.6999999881
4834  24.959  -83.725  -7.885 0.8999999762
4301  23.394  -85.200  -7.464 0.6999999881
4299  26.540  -85.316  -7.267 0.8000000119
4820  25.777  -84.483  -7.571 0.8000000119
4265  27.676  -85.935  -5.387 0.6999999881
3793  27.295  -86.402  -5.901 0.6000000238
3794  26.782  -86.878  -5.469 0.8000000119
3769  27.396  -86.180  -3.102 0.8000000119
3756  27.641  -86.698  -2.460 0.8000000119
3309  28.488  -87.898  -2.617 0.6999999881
2883  28.630  -88.846  -3.998 0.8000000119
2870  28.129  -88.513  -3.076 0.6999999881
129486  29.379  -88.563  -4.099 0.8000000119
2905  29.538  -89.569  -6.615 0.6999999881
2495  29.019  -89.671  -5.740 0.6999999881
2488  28.703  -89.412  -4.753 0.6999999881
2505  29.609  -89.679  -7.564 0.6999999881
111732  28.896  -89.944  -6.964 0.6999999881
114283  22.444  -80.909  1.049 0.6000000238
125812  22.768  -80.426  1.476 0.6000000238
7469  21.242  -79.715  1.432 0.6000000238
8057  21.503  -78.743  1.148 0.6999999881
5330  24.286  -83.031  -8.103 0.8999999762
4821  23.424  -84.038  -7.349 0.6999999881
109878  27.326  -85.792  -7.053 0.6000000238
4282  27.740  -85.903  -6.299 0.6000000238
109655  27.434  -85.435  -6.866 0.6000000238
4251  27.525  -85.832  -4.166 0.6999999881
4237  28.322  -84.957  -2.735 0.6999999881
4238  27.757  -85.491  -3.156 0.6999999881
5795  23.409  -82.695  -5.805 0.6999999881
5782  23.451  -83.085  -4.943 0.6999999881
3755  28.354  -86.504  -1.984 0.8000000119
4224  28.024  -85.736  -2.288 0.8000000119
6338  23.724  -82.026  -5.537 0.6000000238
5781  23.833  -82.911  -4.291 0.6000000238
5268  23.859  -83.785  -3.623 0.6999999881
3295  28.021  -87.319  -2.306 0.6999999881
5770  24.217  -82.884  -3.615 0.5000000000
5254  23.960  -84.074  -2.527 0.6999999881
3321  29.801  -88.088  -3.639 0.8000000119
3308  29.371  -87.761  -2.771 0.8000000119
6310  24.173  -82.157  -4.142 0.5000000000
5769  24.642  -82.383  -3.157 0.5000000000
109083  29.843  -89.048  -6.016 0.6999999881
6309  24.820  -81.765  -3.521 0.5000000000
6912  25.315  -81.260  -2.782 0.6000000238
6297  24.956  -81.715  -2.477 0.5000000000
5748  24.729  -82.915  -0.971 0.6000000238
5237  24.200  -83.393  -0.721 0.6999999881
5741  22.980  -82.727  -0.173 0.6999999881
6287  24.969  -81.943  -1.344 0.5000000000
5739  24.450  -82.532  -0.312 0.6000000238
5740  23.827  -82.774  -0.183 0.6000000238
124126  23.036  -81.506  0.915 0.6000000238
6896  25.384  -81.246  -1.669 0.6000000238
5734  24.163  -82.042  0.363 0.6000000238
6262  23.710  -81.469  0.916 0.6000000238
115993  24.818  -82.110  -0.516 0.5000000000
6851  24.025  -80.662  1.344 0.6000000238
6842  22.130  -80.179  1.424 0.6000000238
7468  22.111  -79.496  1.373 0.6999999881
8070  21.705  -78.183  0.295 0.6000000238
8071  20.785  -78.099  0.673 0.6999999881
6276  24.817  -81.612  0.227 0.6000000238
108482  24.839  -80.678  0.883 0.6000000238
7452  23.379  -79.808  1.506 0.6000000238
7467  22.932  -79.459  1.230 0.6999999881
8069  22.554  -78.356  -0.123 0.5000000000
5331  23.826  -83.472  -7.802 0.8999999762
4819  26.486  -84.420  -7.470 0.6000000238
4822  23.050  -84.772  -6.683 0.6999999881
5318  23.004  -83.492  -6.826 0.6999999881
5819  23.200  -82.763  -6.932 0.8000000119
4264  28.053  -85.294  -5.726 0.6999999881
5807  23.395  -82.613  -6.731 0.8000000119
5292  23.062  -83.687  -5.450 0.6000000238
111874  23.637  -82.345  -6.330 0.6999999881
6955  23.971  -81.890  -6.234 0.6000000238
3307  30.247  -87.558  -3.051 0.8000000119
3753  30.112  -86.316  -1.814 0.8000000119
3780  31.039  -87.246  -3.423 0.8000000119
6931  24.123  -81.584  -5.220 0.5000000000
3320  30.601  -87.851  -4.027 0.8000000119
6323  24.547  -81.724  -4.403 0.5000000000
112678  25.376  -81.517  -4.193 0.5000000000
127464  25.506  -81.274  -3.375 0.6000000238
110303  25.059  -81.438  -3.788 0.6000000238
6895  25.906  -80.805  -1.747 0.6000000238
117896  22.056  -78.134  -2.059 0.5000000000
6883  25.286  -81.400  -0.555 0.5000000000
8090  21.892  -78.087  -0.824 0.5000000000
108336  21.085  -77.795  -0.380 0.6000000238
6868  25.545  -80.775  0.337 0.6000000238
6850  24.627  -79.894  1.373 0.6999999881
7466  23.952  -79.382  1.207 0.6999999881
8056  22.304  -78.828  0.794 0.6999999881
6882  25.923  -80.660  -0.650 0.6000000238
8055  23.216  -78.881  0.517 0.6000000238
7482  26.019  -79.431  0.495 0.6999999881
8054  25.065  -78.970  1.031 0.6000000238
114758  24.186  -78.512  0.489 0.5000000000
5316  25.939  -83.687  -7.788 0.6999999881
5317  23.574  -82.830  -7.362 0.8000000119
5830  24.261  -82.164  -8.246 0.6999999881
6350  23.729  -82.191  -7.089 0.6999999881
5818  23.720  -82.442  -7.269 0.6999999881
113191  21.932  -78.083  -4.261 0.5000000000
118995  27.246  -81.464  -3.667 0.5000000000
115444  26.190  -81.305  -3.507 0.6000000238
8129  21.635  -78.186  -3.085 0.5000000000
122009  28.207  -81.327  -3.796 0.5000000000
6911  26.038  -80.943  -2.652 0.6000000238
111566  23.415  -78.288  -0.358 0.5000000000
6910  27.933  -81.105  -2.897 0.5000000000
116129  27.010  -81.088  -2.683 0.6000000238
6881  26.555  -80.232  -1.040 0.6000000238
6894  26.818  -80.675  -1.819 0.6000000238
5329  25.095  -82.888  -8.447 0.6999999881
5829  24.251  -82.120  -8.838 0.6999999881
114203  24.002  -82.584  -8.004 0.6999999881
7481  26.403  -79.361  -0.019 0.5000000000
6928  29.034  -80.953  -3.866 0.5000000000
117153  25.126  -78.078  0.162 0.5000000000
6880  27.420  -79.939  -1.401 0.5000000000
6866  26.426  -79.933  -0.360 0.5000000000
7465  25.727  -79.111  0.737 0.5000000000
115366  27.293  -79.072  -1.063 0.5000000000
8086  27.077  -78.305  -1.279 0.5000000000
7498  28.985  -79.862  -2.300 0.5000000000
8085  27.813  -78.886  -1.878 0.5000000000
8068  25.998  -78.238  -0.080 0.5000000000
6891  29.090  -80.463  -2.757 0.5000000000
7499  28.252  -79.955  -1.917 0.5000000000
7489  26.840  -79.484  -0.666 0.5000000000
6909  28.706  -80.859  -3.150 0.5000000000
6893  27.783  -80.677  -2.015 0.5000000000
8841  20.778  -77.579  -6.140 0.6000000238
8143  20.033  -78.246  -4.456 0.6000000238
110693  22.247  -77.188  -6.168 0.5000000000
8850  21.146  -76.874  -6.431 0.6999999881
8842  19.945  -77.622  -5.887 0.6000000238
8144  19.312  -78.010  -4.398 0.6000000238
8844  17.732  -77.099  -5.225 0.6999999881
10233  21.119  -75.825  -5.857 0.6000000238
9536  20.463  -76.524  -6.315 0.6999999881
8153  19.278  -77.226  -5.045 0.6999999881
8133  18.011  -77.319  -4.175 0.6999999881
9525  17.330  -76.742  -5.527 0.8000000119
10216  21.312  -75.620  -4.648 0.5000000000
10232  21.922  -76.062  -5.575 0.5000000000
8853  19.043  -76.907  -5.865 0.8000000119
10248  20.032  -76.006  -6.145 0.6000000238
10217  17.043  -75.695  -5.127 0.6999999881
10862  21.684  -74.606  -2.190 0.5000000000
10187  21.803  -75.317  -3.098 0.5000000000
10235  18.488  -75.836  -5.117 0.6999999881
10237  16.654  -76.180  -5.386 0.6999999881
10250  19.008  -76.368  -5.037 0.6999999881
10915  20.520  -75.246  -5.229 0.6999999881
10906  16.342  -74.994  -4.222 0.6999999881
10917  18.750  -74.903  -5.064 0.6999999881
10902  21.142  -74.580  -4.296 0.6000000238
121565  19.981  -75.335  -5.617 0.8000000119
13754  19.412  -69.958  -1.548 0.6999999881
13741  19.441  -70.724  -1.910 0.8000000119
12950  23.082  -71.787  -0.452 0.4000000060
109547  17.233  -74.772  -3.784 0.6999999881
12233  22.157  -73.134  -1.571 0.5000000000
109663  17.964  -74.832  -4.383 0.6999999881
11556  21.687  -73.948  -2.077 0.6000000238
10886  21.514  -73.907  -3.789 0.6000000238
10916  19.644  -74.881  -5.268 0.6999999881
10914  20.733  -74.906  -4.773 0.8000000119
11618  20.316  -74.536  -5.024 0.8000000119
17531  15.804  -65.238  3.784 0.5000000000
17544  16.701  -65.037  2.788 0.5000000000
16722  16.669  -66.214  3.610 0.5000000000
16758  20.629  -67.209  0.578 0.5000000000
15989  20.499  -66.881  -1.045 0.6000000238
16768  21.148  -66.911  -0.369 0.6000000238
15963  20.302  -67.479  1.456 0.6000000238
15941  18.903  -67.726  3.272 0.6000000238
15990  19.579  -67.768  -1.200 0.6999999881
15976  20.078  -67.090  -0.438 0.6999999881
15216  19.475  -68.561  -1.335 0.6999999881
120263  19.283  -69.292  -0.780 0.6999999881
12263  18.964  -72.927  -3.510 0.6999999881
12972  18.971  -72.161  -3.248 0.6999999881
13764  19.827  -71.145  -3.182 0.8000000119
12961  23.081  -71.527  -1.611 0.5000000000
10888  18.159  -74.294  -3.696 0.6999999881
12247  22.309  -72.962  -2.869 0.6000000238
10904  18.869  -74.300  -4.290 0.8000000119
11603  21.503  -73.187  -4.671 0.6999999881
12275  20.959  -72.992  -4.843 0.8000000119
10903  19.661  -74.377  -4.850 0.8000000119
19231  16.222  -64.374  3.335 0.5000000000
18398  16.688  -64.630  2.834 0.6000000238
108908  16.990  -64.282  2.605 0.5000000000
18397  17.266  -64.695  2.206 0.6000000238
17543  17.237  -65.187  2.406 0.6000000238
16721  17.444  -66.090  3.512 0.6000000238
17542  17.923  -65.238  1.991 0.6000000238
121366  18.097  -65.969  3.439 0.5000000000
17569  22.310  -66.760  0.162 0.5000000000
16757  21.674  -66.949  0.964 0.5000000000
16773  22.436  -66.992  -1.045 0.6000000238
16746  21.049  -67.132  1.749 0.6000000238
15952  19.718  -67.816  1.841 0.6999999881
117607  18.215  -66.857  3.714 0.6000000238
15988  21.820  -67.202  -1.329 0.6000000238
15215  20.051  -68.140  -1.689 0.6999999881
15978  19.078  -68.054  -0.323 0.6999999881
15964  19.686  -67.613  0.501 0.6999999881
114380  19.248  -67.960  1.120 0.8000000119
123283  19.684  -67.475  3.054 0.6999999881
16000  20.872  -67.876  -1.796 0.6999999881
15230  19.917  -68.975  -1.767 0.6999999881
14504  21.208  -69.337  -2.445 0.6999999881
14506  19.637  -69.802  -1.932 0.8000000119
13763  20.632  -70.777  -3.123 0.8000000119
13753  19.543  -70.690  -2.198 0.8000000119
12246  22.753  -72.247  -2.335 0.5000000000
12982  23.853  -71.475  -3.806 0.6000000238
12997  20.153  -72.322  -4.063 0.8000000119
115223  20.254  -71.773  -3.792 0.8000000119
116949  22.220  -72.703  -3.947 0.6000000238
12261  23.164  -72.129  -3.580 0.6999999881
12996  21.137  -72.313  -4.372 0.8000000119
12274  21.540  -72.660  -4.711 0.6999999881
121247  21.297  -73.176  -4.837 0.8000000119
110902  15.886  -63.871  3.549 0.4000000060
19220  16.600  -63.874  3.111 0.5000000000
19248  18.378  -63.734  1.822 0.4000000060
17556  18.055  -64.494  1.813 0.5000000000
17541  18.946  -65.383  2.484 0.5000000000
17578  22.873  -66.633  -0.414 0.5000000000
16745  21.823  -66.660  1.964 0.6000000238
16733  21.642  -66.181  2.568 0.6000000238
16719  19.525  -66.467  3.337 0.6000000238
16781  23.236  -67.196  -1.418 0.6000000238
15940  20.411  -67.321  2.457 0.6999999881
15931  19.034  -66.974  3.541 0.6999999881
117695  22.783  -67.770  -2.121 0.6000000238
14522  20.888  -70.100  -2.754 0.8000000119
12994  23.915  -71.055  -4.109 0.6999999881
114200  22.101  -72.157  -4.705 0.6999999881
12985  21.090  -71.522  -3.850 0.8000000119
13762  21.679  -70.763  -3.356 0.8000000119
12983  23.224  -71.743  -4.066 0.6999999881
20083  17.062  -63.411  3.379 0.4000000060
20084  16.262  -63.321  3.815 0.4000000060
20069  15.840  -62.581  4.423 0.4000000060
20094  18.334  -63.306  2.211 0.5000000000
20095  17.841  -63.574  2.953 0.4000000060
20070  14.931  -62.688  4.629 0.5000000000
18396  18.569  -64.859  1.813 0.5000000000
18393  21.445  -64.789  2.294 0.5000000000
16718  20.035  -65.715  3.006 0.5000000000
19245  21.586  -64.131  1.826 0.5000000000
131059  20.902  -66.195  2.975 0.6999999881
15227  22.515  -68.302  -2.379 0.6000000238
14520  22.476  -70.118  -3.301 0.8000000119
13761  24.486  -70.204  -3.314 0.6000000238
13773  23.882  -70.373  -4.095 0.6000000238
14535  23.891  -69.592  -3.793 0.6999999881
125101  22.982  -69.488  -3.248 0.6999999881
12984  22.190  -71.547  -4.097 0.6999999881
20883  14.893  -61.227  5.078 0.3000000119
20082  18.478  -62.966  3.297 0.4000000060
120117  17.778  -62.929  3.892 0.3000000119
126552  17.855  -62.396  4.562 0.4000000060
20068  16.887  -62.601  4.258 0.4000000060
20897  16.253  -61.724  4.618 0.4000000060
20898  15.312  -61.809  4.730 0.5000000000
20110  18.625  -62.979  1.567 0.4000000060
21646  15.751  -60.979  4.832 0.3000000119
18418  18.787  -64.184  1.633 0.4000000060
18392  22.496  -64.693  2.142 0.5000000000
18417  19.706  -64.105  1.585 0.4000000060
19244  23.371  -64.281  1.539 0.6000000238
130864  19.378  -62.872  1.031 0.4000000060
19261  22.935  -63.210  0.907 0.4000000060
18416  20.693  -64.089  1.728 0.5000000000
14503  22.231  -69.203  -2.727 0.6999999881
13774  23.360  -70.127  -3.848 0.6999999881
20899  14.490  -61.990  4.968 0.4000000060
21645  16.656  -60.820  4.731 0.4000000060
21634  16.305  -60.262  5.183 0.3000000119
20093  18.726  -62.489  2.015 0.3000000119
120111  19.911  -62.604  0.988 0.4000000060
19262  21.799  -62.772  0.901 0.4000000060
19246  20.962  -63.282  1.243 0.4000000060
20067  18.605  -62.616  4.470 0.3000000119
20896  17.265  -61.716  4.668 0.4000000060
21644  17.604  -60.755  4.815 0.3000000119
20066  19.328  -62.612  4.152 0.3000000119
20915  19.337  -61.596  1.877 0.3000000119
19263  20.736  -62.213  0.929 0.3000000119
20108  19.804  -61.734  1.253 0.3000000119
20122  21.497  -61.752  0.785 0.3000000119
20895  18.433  -61.893  5.080 0.3000000119
22404  17.795  -59.848  4.799 0.3000000119
20882  19.457  -61.649  5.298 0.3000000119
21633  18.623  -60.518  5.139 0.3000000119
20926  20.029  -60.961  1.609 0.3000000119
21682  20.690  -60.544  1.349 0.3000000119
20942  21.328  -60.915  0.911 0.3000000119
21635  15.485  -60.600  5.398 0.3000000119
20894  19.994  -62.216  4.673 0.3000000119
20881  20.407  -61.673  5.141 0.3000000119
21672  20.358  -60.216  1.803 0.3000000119
5758  24.429  -83.311  -2.781 0.6000000238
5253  24.368  -83.644  -1.659 0.6999999881
5244  23.721  -84.082  -1.131 0.6999999881
5238  23.416  -83.552  -0.587 0.6999999881
18394  20.450  -64.868  2.300 0.4000000060
17540  21.081  -65.544  2.661 0.6000000238
22405  17.063  -59.843  4.894 0.3000000119
2497  25.108  -88.707  -6.970 0.6999999881
3838  24.089  -86.831  -9.793 0.6999999881
3782  26.652  -86.867  -4.599 0.8000000119
2087  27.540  -90.681  -5.415 0.6000000238
3806  27.267  -86.186  -6.650 0.6000000238
3294  28.835  -87.198  -2.159 0.8000000119
2893  29.424  -88.936  -4.961 0.6999999881
2892  30.238  -88.657  -5.380 0.8000000119
5757  24.816  -82.717  -2.029 0.5000000000
5735  23.396  -82.103  0.420 0.6000000238
8091  20.507  -77.641  -1.129 0.6000000238
6849  25.526  -79.850  0.940 0.6999999881
5808  23.014  -83.078  -6.357 0.8000000119
6954  24.634  -81.692  -5.729 0.5000000000
108289  24.760  -81.657  -4.830 0.6000000238
12276  19.770  -73.069  -4.187 0.8000000119
122544  28.670  -91.027  -2.084 0.4000000060
1662  28.926  -90.363  -1.484 0.4000000060
1380  29.991  -92.108  -4.815 0.3000000119
1378  28.475  -92.309  -2.989 0.4000000060
1374  28.074  -91.715  -2.153 0.4000000060
1674  28.234  -90.952  -1.603 0.4000000060
2086  31.703  -90.695  -5.566 0.4000000060
2075  31.453  -90.131  -4.545 0.5000000000
2076  30.760  -90.349  -3.968 0.5000000000
1695  31.210  -91.391  -5.648 0.3000000119
1685  31.092  -91.031  -4.888 0.4000000060
1680  29.483  -90.886  -3.252 0.4000000060
1696  30.700  -91.802  -5.271 0.3000000119
1687  29.766  -91.651  -3.994 0.3000000119
1123  30.134  -92.490  -5.765 0.3000000119
1706  31.468  -91.296  -6.378 0.4000000060
2092  32.469  -90.408  -6.924 0.4000000060
2085  32.427  -90.258  -6.019 0.5000000000
1705  31.789  -90.964  -7.230 0.3000000119
1383  30.868  -91.922  -6.139 0.3000000119
1391  29.741  -92.797  -7.172 0.4000000060
1707  30.932  -91.660  -7.088 0.3000000119
1407  29.102  -92.052  -8.516 0.4000000060
1398  29.435  -92.432  -7.963 0.4000000060
1134  28.723  -92.661  -8.279 0.4000000060
2102  32.961  -89.983  -7.460 0.4000000060
2114  32.691  -89.797  -8.173 0.4000000060
2115  32.119  -90.067  -8.522 0.4000000060
118829  32.314  -89.680  -8.579 0.4000000060
3357  33.196  -88.375  -8.184 0.5000000000
2104  31.655  -90.611  -8.075 0.4000000060
2512  31.437  -89.702  -8.737 0.4000000060
1406  29.866  -91.855  -8.076 0.4000000060
1725  30.090  -90.988  -8.195 0.5000000000
2519  30.881  -89.825  -8.691 0.4000000060
2131  29.481  -90.960  -8.351 0.4000000060
1708  27.215  -91.635  -7.002 0.6000000238
1719  27.956  -92.140  -8.456 0.4000000060
126849  33.603  -87.836  -8.139 0.6000000238
108270  32.668  -87.679  -6.940 0.6000000238
2913  31.707  -88.685  -7.942 0.6000000238
2903  31.506  -88.370  -6.946 0.6000000238
2914  30.889  -88.809  -7.468 0.6000000238
3338  31.503  -88.029  -5.971 0.6999999881
2514  29.817  -89.908  -8.457 0.5000000000
2504  30.327  -89.346  -8.002 0.6000000238
2904  30.745  -88.629  -6.243 0.6999999881
3791  32.856  -86.790  -5.151 0.6999999881
3792  32.127  -87.196  -4.679 0.6999999881
3805  33.075  -87.002  -6.351 0.6000000238
3329  32.274  -87.503  -5.812 0.6999999881
3767  31.425  -86.615  -2.784 0.6999999881
3768  30.625  -86.870  -2.502 0.6999999881
3754  29.204  -86.420  -1.773 0.6999999881
3330  31.663  -87.722  -5.165 0.6999999881
3319  31.411  -87.598  -4.332 0.6999999881
3331  30.914  -88.147  -5.096 0.6999999881
4234  33.394  -85.666  -3.394 0.5000000000
4235  32.627  -85.771  -2.709 0.6000000238
3779  31.810  -86.935  -3.717 0.6999999881
4236  31.811  -85.908  -2.230 0.6000000238
3752  30.989  -86.131  -1.948 0.6999999881
4208  30.570  -84.830  -1.405 0.6999999881
4209  29.919  -85.068  -1.369 0.6999999881
4210  29.322  -85.075  -1.585 0.6000000238
4221  32.234  -85.127  -1.791 0.6000000238
5251  31.959  -83.551  -1.964 0.6000000238
4758  29.786  -84.583  -1.643 0.6000000238
5252  30.978  -83.541  -2.039 0.6000000238
4281  27.961  -85.067  -6.600 0.5000000000
3842  24.524  -87.234  -10.044 0.6000000238
3371  25.013  -87.601  -10.109 0.6000000238
111596  29.100  -84.457  -2.333 0.6000000238
120383  28.646  -84.413  -3.458 0.6000000238
4263  28.551  -84.689  -6.048 0.5000000000
3360  23.201  -87.235  -8.950 0.6000000238
3367  23.700  -87.394  -9.735 0.6000000238
4770  30.027  -83.899  -2.423 0.6000000238
4782  29.145  -83.971  -4.159 0.5000000000
4783  28.430  -84.628  -4.797 0.5000000000
3810  22.195  -86.719  -6.252 0.6000000238
128264  23.042  -86.410  -6.896 0.6000000238
3809  22.603  -86.890  -7.038 0.6000000238
3361  22.365  -87.771  -8.580 0.6000000238
3821  22.860  -87.110  -8.013 0.6000000238
3808  23.236  -85.878  -6.799 0.6000000238
3820  23.264  -86.319  -7.512 0.6000000238
5267  29.799  -83.480  -3.556 0.6000000238
3795  22.661  -86.259  -5.695 0.6000000238
4266  22.992  -85.622  -5.241 0.6000000238
4283  23.025  -85.748  -6.090 0.6000000238
4795  23.014  -84.672  -5.473 0.6000000238
4805  22.997  -85.033  -5.902 0.6000000238
5302  22.915  -84.096  -6.127 0.5000000000
3822  21.661  -87.119  -6.988 0.6999999881
4785  23.216  -84.833  -4.816 0.6000000238
5281  23.486  -83.967  -4.522 0.6000000238
4762  20.693  -84.870  -2.480 0.6000000238
3796  21.885  -86.551  -5.474 0.6000000238
3783  22.508  -86.197  -4.898 0.6000000238
4784  23.544  -84.861  -3.927 0.5000000000
127254  22.186  -86.050  -4.267 0.6000000238
4225  22.324  -85.466  -2.942 0.6000000238
4761  21.763  -85.029  -2.357 0.6000000238
5255  21.185  -84.480  -1.713 0.6000000238
3784  21.487  -86.289  -4.738 0.6000000238
4771  23.674  -84.769  -3.026 0.6000000238
4772  23.040  -85.317  -3.374 0.6000000238
4760  22.880  -84.993  -2.443 0.5000000000
5246  21.814  -83.967  -1.152 0.5000000000
119618  23.826  -84.273  -1.830 0.6000000238
4750  23.223  -84.560  -1.659 0.6000000238
4751  22.264  -84.623  -1.633 0.6000000238
5749  21.535  -83.014  -0.988 0.6999999881
5750  20.718  -82.587  -1.416 0.6999999881
118423  20.488  -81.631  -1.198 0.6999999881
112314  20.899  -81.242  -0.443 0.6999999881
5245  22.829  -84.162  -1.017 0.6000000238
5239  22.464  -83.422  -0.640 0.6999999881
6277  21.656  -81.570  -0.110 0.6999999881
6288  21.263  -82.022  -0.848 0.6999999881
6869  21.210  -80.892  0.394 0.6000000238
6263  22.498  -81.807  0.358 0.6000000238
129939  28.520  -84.697  -7.908 0.5000000000
4298  27.564  -85.052  -7.040 0.5000000000
4843  27.937  -84.193  -9.386 0.5000000000
4308  28.203  -84.617  -7.799 0.5000000000
4832  27.819  -84.258  -8.186 0.6000000238
5346  27.304  -83.316  -10.512 0.6000000238
116494  27.960  -84.132  -10.239 0.6000000238
5327  27.198  -83.548  -8.802 0.6000000238
5328  26.205  -83.236  -8.557 0.6000000238
5354  27.115  -82.790  -10.857 0.5000000000
5347  26.381  -82.643  -10.809 0.6000000238
5828  24.584  -82.118  -9.450 0.6000000238
6394  25.516  -81.738  -10.525 0.6000000238
6395  24.327  -81.551  -10.004 0.5000000000
5836  24.889  -82.009  -10.069 0.6000000238
7019  25.030  -81.325  -9.916 0.5000000000
6383  23.828  -81.168  -9.918 0.6000000238
6974  24.060  -81.935  -7.153 0.5000000000
6990  24.583  -81.699  -7.916 0.5000000000
6361  24.225  -81.983  -8.025 0.6000000238
7015  23.892  -81.114  -9.570 0.6000000238
2118  29.630  -90.458  -8.464 0.6000000238
2915  30.124  -89.111  -7.010 0.6999999881
4818  27.339  -84.783  -7.283 0.5000000000
4759  23.577  -84.614  -2.272 0.6000000238
5742  22.079  -82.452  -0.409 0.6999999881
4833  26.871  -83.941  -7.887 0.6000000238
5838  24.008  -81.519  -9.699 0.6000000238
6991  24.159  -81.965  -7.792 0.6000000238
1377  29.129  -91.938  -3.483 0.3000000119
1679  30.064  -90.845  -3.832 0.4000000060
1390  30.284  -92.345  -6.715 0.3000000119
1718  30.475  -91.414  -7.843 0.4000000060
2510  32.833  -89.338  -8.120 0.4000000060
2116  31.413  -90.248  -8.573 0.3000000119
2919  32.518  -89.141  -8.400 0.5000000000
3358  32.501  -88.640  -8.217 0.6000000238
2117  30.798  -90.418  -8.535 0.5000000000
2921  30.994  -89.039  -8.228 0.5000000000
2130  29.899  -90.541  -8.493 0.5000000000
126550  32.002  -87.907  -6.633 0.6000000238
3766  32.067  -86.345  -3.082 0.6999999881
121124  22.928  -85.639  -4.271 0.6000000238
6278  20.137  -80.983  -0.687 0.6000000238
123851  27.347  -83.692  -9.910 0.6000000238
6392  26.757  -81.538  -10.990 0.5000000000
5338  26.385  -83.149  -9.982 0.6000000238
5339  25.452  -82.539  -9.451 0.6000000238
5843  25.816  -82.134  -10.992 0.5000000000
5844  25.138  -81.790  -10.311 0.6000000238
7011  26.689  -81.163  -10.206 0.5000000000
7014  23.898  -80.905  -9.691 0.5000000000
7004  24.580  -81.289  -8.966 0.5000000000
1536  31.119  -91.956  14.216 0.4000000060
1537  30.295  -91.374  13.632 0.4000000060
1542  30.648  -91.920  12.602 0.5000000000
996  31.498  -94.030  14.328 0.5000000000
117207  31.403  -94.559  14.521 0.5000000000
528  30.176  -95.230  15.180 0.5000000000
129037  31.507  -93.799  13.666 0.5000000000
1231  31.700  -93.494  14.085 0.5000000000
126353  29.666  -90.490  13.324 0.4000000060
1908  29.433  -89.493  13.386 0.4000000060
1914  29.207  -90.150  12.480 0.5000000000
2008  28.645  -90.664  2.292 0.3000000119
1629  28.990  -91.036  2.757 0.3000000119
2021  28.068  -90.473  1.665 0.3000000119
2040  27.536  -90.358  0.035 0.3000000119
1223  32.012  -93.269  14.998 0.4000000060
761  31.690  -93.850  15.080 0.5000000000
754  31.196  -94.246  16.115 0.5000000000
1224  31.677  -92.633  14.634 0.4000000060
1531  30.473  -91.080  14.640 0.3000000119
128717  30.721  -90.715  15.268 0.3000000119
114875  28.469  -89.496  11.072 0.4000000060
2313  29.989  -89.052  13.965 0.3000000119
2325  28.940  -88.983  12.549 0.4000000060
110477  28.707  -89.519  11.875 0.5000000000
2314  29.499  -88.478  13.183 0.3000000119
2006  30.342  -90.548  2.692 0.3000000119
1321  30.222  -92.016  3.167 0.3000000119
122294  28.630  -90.204  1.278 0.3000000119
2039  28.412  -90.144  -0.079 0.3000000119
1663  28.039  -90.490  -0.836 0.3000000119
990  32.191  -93.311  15.794 0.3000000119
753  31.856  -93.816  15.892 0.4000000060
1529  32.028  -92.340  15.387 0.3000000119
2691  30.651  -88.679  14.383 0.3000000119
112221  28.880  -87.932  11.268 0.4000000060
2342  28.579  -88.559  10.562 0.4000000060
2712  29.166  -87.939  12.186 0.4000000060
2698  30.360  -88.203  13.645 0.3000000119
1628  32.286  -90.995  2.830 0.4000000060
1993  30.944  -90.678  3.064 0.4000000060
1623  31.473  -90.934  3.269 0.4000000060
1319  32.629  -92.149  3.783 0.4000000060
1079  33.170  -92.716  4.338 0.4000000060
1076  33.544  -93.390  4.954 0.5000000000
1642  30.281  -90.560  1.102 0.3000000119
2019  29.782  -90.281  2.012 0.3000000119
112884  29.308  -90.216  1.274 0.3000000119
2047  28.868  -90.182  -0.703 0.3000000119
1673  29.205  -90.564  -2.363 0.3000000119
113956  32.437  -92.845  16.342 0.3000000119
3137  30.190  -87.104  11.330 0.3000000119
2741  29.164  -87.538  10.496 0.3000000119
2351  29.404  -88.598  9.169 0.4000000060
2363  29.142  -89.507  9.103 0.4000000060
2697  31.296  -88.075  13.601 0.3000000119
3121  30.438  -87.320  12.222 0.3000000119
2710  30.819  -87.729  12.942 0.3000000119
2711  29.842  -87.658  12.843 0.3000000119
1273  33.808  -92.765  8.008 0.5000000000
1274  33.008  -92.330  8.087 0.5000000000
1335  34.881  -92.215  1.683 0.3000000119
112801  34.392  -92.324  1.901 0.3000000119
1337  33.726  -92.354  1.378 0.3000000119
1329  33.100  -91.616  2.173 0.3000000119
129061  35.096  -92.436  5.321 0.5000000000
114201  34.885  -93.407  6.608 0.5000000000
131031  32.870  -91.705  3.487 0.4000000060
1312  34.057  -92.336  4.598 0.4000000060
1073  34.477  -93.402  6.059 0.5000000000
2027  29.614  -90.473  0.409 0.3000000119
2038  29.158  -90.126  -0.221 0.3000000119
2046  29.529  -90.143  -1.025 0.3000000119
122767  29.784  -90.017  -1.804 0.3000000119
2058  30.436  -89.902  -2.249 0.4000000060
3163  30.072  -87.228  9.510 0.3000000119
2760  30.143  -88.292  8.702 0.4000000060
2696  32.269  -88.290  13.633 0.3000000119
110721  31.232  -87.584  12.258 0.3000000119
2727  31.067  -87.295  11.472 0.3000000119
2362  30.050  -89.366  8.718 0.4000000060
2709  31.948  -88.059  12.714 0.3000000119
1574  31.845  -90.874  8.240 0.4000000060
1573  32.734  -91.520  8.120 0.5000000000
1957  33.627  -90.729  7.340 0.4000000060
1942  33.162  -91.267  8.068 0.5000000000
2017  34.405  -91.248  1.271 0.3000000119
1285  35.092  -92.538  7.605 0.5000000000
1572  33.526  -91.990  8.127 0.5000000000
1299  35.872  -92.371  6.814 0.4000000060
1284  35.900  -92.015  7.248 0.5000000000
1336  33.974  -92.460  0.768 0.3000000119
110803  34.114  -91.987  3.073 0.4000000060
1317  34.685  -91.980  3.862 0.4000000060
1306  35.860  -92.187  5.906 0.5000000000
1063  35.288  -93.185  6.996 0.5000000000
1339  31.905  -91.572  1.043 0.3000000119
1311  34.970  -92.174  4.783 0.5000000000
1650  30.357  -91.525  0.157 0.3000000119
1661  30.772  -91.429  -0.625 0.4000000060
1660  31.600  -90.826  -1.501 0.3000000119
2045  30.465  -90.117  -1.345 0.4000000060
1387  23.399  -92.274  -5.414 0.5000000000
2068  30.203  -90.233  -3.174 0.3000000119
2323  33.992  -88.997  13.011 0.3000000119
2759  30.727  -88.197  7.835 0.3000000119
2324  33.081  -88.554  12.865 0.3000000119
2372  31.986  -89.528  7.237 0.3000000119
1958  32.634  -90.546  7.698 0.5000000000
1956  34.752  -90.904  7.198 0.4000000060
2371  34.183  -90.025  6.551 0.3000000119
117609  33.918  -90.074  1.351 0.3000000119
1955  35.866  -91.083  7.050 0.5000000000
1632  35.203  -91.924  1.755 0.3000000119
1599  36.197  -91.617  6.231 0.4000000060
1585  36.180  -91.414  6.730 0.4000000060
1326  35.662  -92.136  2.450 0.4000000060
1325  36.100  -92.180  3.327 0.4000000060
1315  36.177  -92.108  4.276 0.4000000060
1607  36.441  -91.615  5.601 0.4000000060
1346  32.784  -92.840  0.013 0.3000000119
1355  32.235  -92.668  -0.503 0.3000000119
1316  35.712  -92.192  4.037 0.4000000060
1310  35.773  -92.232  5.046 0.5000000000
1364  31.713  -92.249  -0.950 0.3000000119
2057  31.252  -89.867  -2.058 0.4000000060
1698  23.510  -91.900  -4.828 0.5000000000
117062  30.982  -89.815  -2.896 0.4000000060
125629  31.726  -89.660  -2.706 0.5000000000
1386  24.253  -92.294  -4.913 0.5000000000
111031  32.944  -88.259  11.942 0.3000000119
2370  35.274  -90.227  6.524 0.3000000119
2386  34.749  -89.306  6.092 0.3000000119
3368  22.766  -88.071  -9.405 0.5000000000
3362  21.558  -87.892  -8.477 0.6000000238
2430  33.368  -89.395  0.669 0.3000000119
2004  34.794  -90.536  1.995 0.3000000119
2018  33.721  -90.439  0.506 0.3000000119
2016  35.266  -91.399  1.934 0.3000000119
2003  35.707  -90.905  2.373 0.3000000119
1967  37.100  -90.759  6.073 0.4000000060
1969  36.080  -90.287  6.483 0.4000000060
2925  25.214  -88.238  -9.559 0.5000000000
121507  20.127  -86.290  -7.825 0.5000000000
1626  36.205  -91.902  2.877 0.3000000119
1620  36.330  -91.845  3.787 0.3000000119
1984  36.622  -91.020  4.432 0.3000000119
1983  37.004  -90.486  5.384 0.3000000119
2515  25.293  -88.933  -8.942 0.5000000000
1353  33.198  -92.556  -0.828 0.3000000119
1363  32.616  -92.520  -1.192 0.3000000119
2498  24.421  -89.095  -6.585 0.5000000000
1372  32.358  -91.993  -1.559 0.3000000119
2490  23.439  -90.134  -5.128 0.5000000000
1672  32.647  -91.340  -2.038 0.4000000060
2081  23.567  -90.870  -4.371 0.6000000238
2056  33.020  -90.573  -2.428 0.4000000060
2462  32.496  -89.692  -2.669 0.5000000000
2080  24.392  -90.770  -3.938 0.5000000000
2469  32.561  -89.213  -3.332 0.4000000060
125846  32.004  -89.419  -3.224 0.3000000119
2067  31.448  -89.747  -3.566 0.4000000060
1385  25.379  -91.986  -5.086 0.6000000238
2891  34.429  -88.680  -5.874 0.3000000119
2487  33.689  -89.019  -5.748 0.4000000060
111548  32.887  -89.440  -5.622 0.4000000060
109888  26.190  -91.804  -5.687 0.6000000238
1392  24.925  -92.377  -5.719 0.5000000000
110096  35.348  -88.311  -6.004 0.3000000119
109960  34.788  -88.698  -6.706 0.5000000000
127085  33.550  -89.541  -6.489 0.4000000060
2084  33.026  -89.944  -6.609 0.4000000060
1710  25.773  -92.227  -6.287 0.6000000238
2900  36.110  -87.916  -6.416 0.3000000119
2901  35.493  -88.329  -6.960 0.5000000000
130950  34.348  -88.816  -7.015 0.4000000060
2494  33.511  -89.610  -7.034 0.4000000060
2911  35.441  -88.069  -7.493 0.4000000060
2902  34.666  -88.429  -7.474 0.5000000000
2509  33.594  -88.776  -7.708 0.4000000060
2918  33.291  -88.553  -8.088 0.5000000000
3363  20.878  -87.638  -8.627 0.6000000238
121418  33.357  -88.443  0.357 0.3000000119
2429  33.480  -89.301  1.564 0.3000000119
2423  34.166  -89.601  2.161 0.3000000119
2414  35.501  -89.812  2.771 0.3000000119
3351  21.170  -87.460  -7.826 0.6000000238
3823  20.676  -86.864  -7.296 0.6000000238
2451  33.616  -89.823  -0.025 0.3000000119
2805  36.114  -89.154  3.943 0.3000000119
4284  20.017  -86.090  -6.855 0.6000000238
2449  35.100  -89.827  -0.903 0.3000000119
2413  36.330  -90.269  3.574 0.3000000119
2405  36.678  -89.954  4.644 0.3000000119
1362  33.159  -92.374  -1.347 0.3000000119
4255  19.758  -85.674  -5.034 0.6000000238
4285  19.584  -85.477  -6.083 0.6000000238
119975  19.162  -84.869  -5.515 0.6000000238
4796  18.546  -84.181  -5.098 0.5000000000
2468  33.243  -88.878  -3.431 0.4000000060
2476  33.204  -88.734  -4.705 0.4000000060
3345  35.612  -87.645  -7.500 0.4000000060
2912  35.098  -87.897  -7.899 0.5000000000
3261  33.748  -87.564  -0.100 0.3000000119
3247  33.037  -87.654  0.873 0.3000000119
2826  33.145  -88.610  1.234 0.3000000119
2817  33.548  -88.736  2.241 0.3000000119
127911  34.354  -89.078  2.825 0.3000000119
2816  35.003  -88.773  3.450 0.3000000119
2796  35.730  -88.137  3.986 0.3000000119
3341  22.094  -87.477  -7.736 0.5000000000
2850  33.652  -89.112  -0.113 0.3000000119
2450  34.085  -89.809  -0.536 0.3000000119
3811  21.067  -86.673  -6.223 0.5000000000
114090  34.440  -89.012  -0.537 0.3000000119
110470  36.693  -89.138  4.950 0.3000000119
4267  20.272  -86.141  -5.758 0.6000000238
2848  35.697  -89.005  -0.539 0.3000000119
2065  34.646  -89.985  -2.885 0.3000000119
2055  34.275  -90.593  -2.812 0.3000000119
4787  19.154  -84.931  -4.510 0.6000000238
5270  18.478  -83.346  -3.811 0.6000000238
3785  20.597  -86.166  -5.038 0.6000000238
4254  20.588  -85.911  -4.411 0.6000000238
4786  19.851  -85.462  -4.055 0.6000000238
4774  19.304  -84.776  -3.607 0.6000000238
5282  18.580  -84.204  -4.127 0.6000000238
5771  18.976  -83.009  -3.147 0.6000000238
5269  18.922  -83.996  -3.231 0.6000000238
3797  21.036  -86.460  -5.399 0.5000000000
4253  21.416  -85.907  -3.967 0.5000000000
4773  20.212  -85.187  -3.267 0.5000000000
5257  19.483  -83.627  -2.520 0.6000000238
6290  18.924  -80.930  -1.717 0.5000000000
6884  19.292  -80.770  -0.809 0.6000000238
6897  18.129  -80.831  -1.826 0.5000000000
6885  18.495  -80.698  -0.870 0.6000000238
6886  17.690  -80.780  -0.980 0.6000000238
4240  20.634  -85.700  -3.721 0.5000000000
5759  20.168  -83.072  -2.029 0.5000000000
5760  19.466  -82.578  -2.490 0.5000000000
5751  20.112  -82.028  -2.006 0.6000000238
6298  19.282  -81.634  -2.242 0.5000000000
6264  21.883  -81.121  0.549 0.6000000238
6873  17.907  -80.787  0.208 0.5000000000
11562  13.981  -73.872  -1.812 0.5000000000
4239  21.329  -85.574  -3.122 0.5000000000
5256  20.235  -84.129  -2.014 0.5000000000
11540  14.297  -73.006  -1.025 0.5000000000
127359  14.663  -72.718  -0.286 0.6000000238
11561  14.477  -73.460  -1.551 0.6000000238
11580  15.286  -73.988  -2.401 0.6000000238
11541  13.959  -73.563  -0.989 0.5000000000
10892  14.062  -74.554  -2.699 0.5000000000
121756  14.085  -75.982  -2.817 0.5000000000
7472  17.476  -80.472  0.964 0.5000000000
6856  18.298  -80.342  0.941 0.5000000000
12248  18.962  -72.325  -2.476 0.6000000238
12234  19.384  -72.676  -1.398 0.6999999881
12235  18.922  -73.370  -1.873 0.6000000238
11536  19.158  -73.448  -0.925 0.6999999881
11525  18.500  -73.306  0.186 0.6000000238
12218  16.532  -72.613  -0.134 0.6000000238
11557  18.377  -73.860  -1.408 0.6000000238
11537  18.486  -73.618  -0.605 0.6000000238
12249  18.758  -73.088  -2.830 0.6000000238
11578  18.345  -73.991  -2.313 0.6000000238
11558  17.523  -73.772  -1.121 0.6000000238
11538  17.508  -73.239  -0.381 0.5000000000
12203  15.745  -72.211  0.265 0.6000000238
11593  18.520  -73.785  -3.151 0.6000000238
110189  17.478  -74.070  -1.916 0.6000000238
12236  15.296  -72.875  -1.226 0.5000000000
12219  15.568  -72.565  -0.482 0.6000000238
10876  17.487  -74.378  -2.875 0.6000000238
108452  15.761  -73.766  -1.916 0.6000000238
10889  16.435  -74.653  -3.350 0.6000000238
11579  16.376  -74.239  -2.411 0.6000000238
10890  15.557  -74.470  -3.112 0.6000000238
10891  14.389  -75.005  -3.485 0.5000000000
9497  14.372  -76.394  -2.648 0.5000000000
8821  14.704  -76.649  -2.987 0.5000000000
8113  15.167  -77.363  -2.549 0.5000000000
8093  15.241  -77.833  -1.723 0.5000000000
11524  19.281  -73.348  -0.061 0.6000000238
12200  19.181  -73.029  0.814 0.6999999881
117993  15.599  -74.815  -3.923 0.6000000238
10907  14.967  -75.367  -4.077 0.6000000238
9508  14.451  -76.193  -3.148 0.5000000000
9515  15.400  -76.567  -3.967 0.6000000238
8820  15.435  -77.143  -3.433 0.5000000000
8819  16.250  -77.194  -3.963 0.6000000238
8804  15.939  -77.362  -2.948 0.6000000238
16005  24.430  -67.913  -3.027 0.4000000060
13730  19.427  -70.003  -0.491 0.6999999881
13676  19.463  -70.554  2.360 0.5000000000
12156  19.711  -71.995  2.929 0.5000000000
15239  24.236  -68.394  -3.251 0.6000000238
15241  23.098  -68.748  -2.945 0.5000000000
13692  20.255  -71.110  1.723 0.6000000238
12172  19.703  -72.462  2.216 0.5000000000
15225  25.080  -68.430  -2.926 0.5000000000
13742  19.344  -69.914  -1.271 0.6000000238
12919  20.398  -71.070  0.702 0.8000000119
13729  19.544  -70.754  -1.300 0.6999999881
12199  19.830  -72.652  0.497 0.8000000119
12186  19.075  -72.985  1.824 0.6999999881
9527  15.960  -76.387  -5.149 0.6000000238
9514  15.695  -76.833  -4.908 0.6000000238
12903  19.496  -71.264  3.074 0.5000000000
15226  23.337  -67.966  -2.805 0.5000000000
14482  19.483  -69.120  0.053 0.6999999881
111010  19.177  -71.777  3.920 0.5000000000
15997  25.154  -67.664  -2.419 0.4000000060
16004  24.855  -68.039  -2.899 0.4000000060
14502  25.145  -68.903  -2.785 0.4000000060
13750  24.966  -69.561  -2.844 0.5000000000
13751  24.453  -70.343  -2.472 0.4000000060
130492  18.413  -70.021  2.130 0.5000000000
13657  18.923  -70.785  3.513 0.5000000000
16780  24.359  -67.293  -2.371 0.3000000119
112942  23.483  -67.480  -2.125 0.3000000119
13693  18.750  -69.808  1.602 0.6000000238
15206  25.212  -68.471  -1.097 0.4000000060
14494  25.023  -69.254  -1.292 0.4000000060
12960  23.820  -70.955  -2.096 0.4000000060
15192  18.944  -69.060  2.034 0.6000000238
15201  19.197  -68.309  0.252 0.6000000238
13740  24.421  -70.606  -1.389 0.4000000060
14461  18.258  -69.612  2.309 0.5000000000
13677  18.268  -70.131  2.668 0.5000000000
125504  27.057  -65.010  -2.319 0.3000000119
119095  24.628  -66.559  -2.053 0.3000000119
126739  24.026  -66.851  -1.700 0.3000000119
17585  23.490  -66.751  -0.981 0.4000000060
13728  24.493  -70.864  -0.241 0.3000000119
12949  23.883  -71.231  -0.938 0.4000000060
17584  24.245  -66.157  -1.204 0.4000000060
15953  19.218  -68.104  2.218 0.6000000238
14452  17.845  -69.567  3.110 0.4000000060
17577  23.718  -65.987  -0.364 0.4000000060
18441  27.544  -64.201  -2.426 0.3000000119
18442  27.018  -64.300  -2.987 0.3000000119
15184  18.265  -68.900  2.841 0.5000000000
17568  23.295  -66.056  0.597 0.4000000060
16744  22.576  -66.457  1.346 0.4000000060
123408  22.778  -65.389  2.180 0.5000000000
123533  24.249  -65.125  1.006 0.4000000060
117261  23.253  -65.675  1.647 0.4000000060
20960  23.970  -61.083  -1.017 0.3000000119
20940  22.981  -61.585  0.023 0.3000000119
20120  23.557  -62.530  0.389 0.3000000119
20941  22.133  -61.240  0.491 0.3000000119
20085  15.433  -63.404  4.123 0.4000000060
21689  23.562  -60.472  -0.607 0.3000000119
2794  37.162  -88.584  5.629 0.3000000119
2461  33.394  -89.838  -2.746 0.4000000060
18428  24.194  -64.545  1.007 0.3000000119
8845  16.856  -77.259  -5.247 0.6000000238
20071  14.163  -62.882  4.997 0.4000000060
13760  24.758  -69.494  -3.268 0.5000000000
19260  23.939  -63.580  0.761 0.3000000119
2074  32.078  -89.765  -5.086 0.3000000119
4763  19.698  -84.499  -2.762 0.5000000000
1232  31.519  -92.761  13.906 0.5000000000
520  30.873  -94.878  15.800 0.5000000000
1919  28.874  -90.243  11.531 0.5000000000
123722  30.462  -90.993  3.268 0.4000000060
1530  31.205  -91.594  15.180 0.4000000060
2332  28.593  -88.679  11.621 0.4000000060
114772  28.502  -89.636  10.174 0.4000000060
1636  30.644  -90.326  2.029 0.4000000060
120368  30.983  -91.572  3.408 0.4000000060
1081  31.891  -92.971  3.594 0.4000000060
984  31.617  -93.767  16.698 0.3000000119
2690  31.510  -88.339  14.356 0.3000000119
2728  29.452  -87.336  11.311 0.3000000119
2752  29.105  -88.020  9.753 0.4000000060
2352  28.802  -89.021  9.665 0.4000000060
1635  31.299  -90.760  1.539 0.3000000119
1641  31.038  -91.750  0.458 0.4000000060
2751  29.786  -87.724  9.267 0.4000000060
1944  30.991  -90.234  8.681 0.4000000060
118908  35.458  -92.844  6.525 0.5000000000
2096  22.867  -90.567  -5.831 0.5000000000
2037  29.842  -90.672  -0.395 0.4000000060
2726  31.985  -87.818  11.709 0.3000000119
2361  30.983  -89.446  8.202 0.4000000060
2360  31.804  -90.389  8.216 0.4000000060
1943  32.431  -90.984  8.220 0.5000000000
1586  35.069  -91.789  7.491 0.5000000000
1627  35.836  -91.701  2.284 0.3000000119
1345  33.276  -92.669  -0.146 0.3000000119
1347  31.972  -92.414  0.247 0.3000000119
1649  31.269  -92.243  -0.149 0.3000000119
114219  33.077  -89.831  6.767 0.3000000119
1976  37.154  -90.813  5.825 0.3000000119
111690  23.968  -89.463  -5.694 0.5000000000
116705  32.133  -90.197  -2.187 0.4000000060
2778  35.476  -88.528  6.141 0.3000000119
2397  37.076  -90.023  5.906 0.3000000119
2881  33.888  -88.411  -4.910 0.4000000060
2477  32.555  -89.111  -4.400 0.4000000060
2890  35.977  -87.490  -5.382 0.3000000119
2807  34.034  -88.229  3.088 0.3000000119
2868  33.622  -88.436  -3.971 0.3000000119
2806  34.841  -87.996  3.647 0.3000000119
2448  36.341  -89.771  -0.995 0.3000000119
6289  19.752  -81.239  -1.540 0.6000000238
12216  19.700  -72.766  -0.403 0.6999999881
12185  19.780  -72.540  1.424 0.6999999881
13712  20.104  -71.005  -0.277 0.6999999881
111969  19.727  -70.404  1.263 0.6000000238
17590  25.668  -65.977  -2.818 0.3000000119
117941  25.407  -65.138  -2.915 0.3000000119
2482  24.903  -89.284  -3.689 0.5000000000
2885  24.715  -89.014  -4.447 0.5000000000
4249  33.435  -86.151  -4.508 0.6000000238
5247  20.866  -83.646  -1.454 0.4000000060
6872  18.791  -80.589  0.131 0.5000000000
6854  20.710  -80.371  1.110 0.5000000000
6870  20.410  -80.763  0.262 0.5000000000
6871  19.601  -80.634  0.137 0.5000000000
113343  19.084  -80.213  0.850 0.5000000000
6853  21.581  -80.541  1.111 0.5000000000
6843  17.978  -79.838  1.293 0.4000000060
6855  19.853  -80.298  0.989 0.5000000000
116692  18.653  -79.809  1.249 0.5000000000
109398  17.818  -79.164  1.069 0.5000000000
7470  20.245  -79.502  1.405 0.6000000238
7454  19.780  -79.039  1.423 0.5000000000
8060  18.601  -79.002  1.243 0.5000000000
8789  15.723  -77.529  -2.141 0.5000000000
8058  20.153  -78.583  1.227 0.6000000238
8773  16.784  -77.981  -0.377 0.5000000000
124948  16.053  -77.771  -1.221 0.5000000000
8059  19.455  -78.610  1.167 0.6000000238
8758  18.082  -78.199  0.760 0.6000000238
8072  17.134  -78.705  0.571 0.5000000000
8756  19.859  -77.913  0.628 0.6000000238
8757  18.992  -77.964  0.700 0.6000000238
8788  17.103  -77.431  -1.100 0.6000000238
8770  19.395  -77.390  -0.066 0.6000000238
113872  16.543  -77.401  -2.088 0.5000000000
8803  16.933  -77.261  -3.046 0.5000000000
8771  18.494  -77.388  -0.006 0.6000000238
8772  17.587  -77.637  -0.060 0.6000000238
12202  16.576  -72.421  0.628 0.5000000000
12187  17.917  -73.007  1.715 0.5000000000
12201  18.300  -72.964  1.004 0.5000000000
8818  17.166  -77.251  -4.004 0.6000000238
111944  18.907  -77.309  -0.949 0.6000000238
8817  17.981  -77.250  -3.101 0.6000000238
8787  18.026  -77.245  -0.979 0.6000000238
113319  17.549  -77.248  -2.040 0.6000000238
8802  18.465  -77.267  -1.946 0.6000000238
18427  24.484  -64.856  0.363 0.3000000119
19221  15.225  -64.131  3.888 0.3000000119
3356  34.048  -87.911  -8.208 0.4000000060
3817  33.430  -87.443  -7.429 0.5000000000
1709  26.544  -91.829  -6.445 0.5000000000
2095  26.910  -91.313  -5.856 0.5000000000
3790  33.617  -86.407  -5.645 0.4000000060
2088  26.882  -90.974  -4.892 0.4000000060
4248  33.930  -85.562  -4.031 0.4000000060
2489  24.132  -89.464  -4.836 0.4000000060
2069  25.577  -90.122  -3.394 0.4000000060
2483  24.581  -89.906  -3.624 0.4000000060
1688  25.604  -91.394  -4.408 0.4000000060
1697  26.252  -91.455  -4.956 0.4000000060
115485  34.111  -83.113  -2.850 0.4000000060
4754  32.946  -83.711  -2.075 0.4000000060
4755  32.435  -84.321  -1.789 0.4000000060
2895  24.631  -88.895  -5.562 0.4000000060
4768  33.827  -83.887  -2.454 0.4000000060
4769  33.176  -84.797  -2.355 0.4000000060
5265  31.495  -82.966  -2.711 0.4000000060
5266  30.592  -83.162  -3.008 0.5000000000
111046  20.039  -77.612  -1.772 0.5000000000
8110  20.626  -77.867  -2.075 0.5000000000
8111  19.938  -77.882  -2.715 0.5000000000
114658  20.794  -78.150  -2.919 0.5000000000
128915  21.107  -78.280  -3.673 0.5000000000
8131  19.525  -78.097  -3.666 0.5000000000
8142  20.902  -78.217  -4.474 0.5000000000
12173  18.544  -73.208  2.702 0.4000000060
12157  19.094  -72.763  3.575 0.4000000060
8130  20.346  -78.268  -3.648 0.5000000000
3778  32.673  -86.484  -3.871 0.5000000000
4781  34.087  -84.795  -3.227 0.4000000060
5264  32.412  -82.915  -2.534 0.4000000060
533  31.266  -95.068  14.120 0.4000000060
534  30.574  -95.184  14.452 0.4000000060
361  28.299  -95.997  10.639 0.4000000060
768  31.505  -94.725  13.851 0.4000000060
543  31.303  -95.025  13.355 0.4000000060
544  30.769  -95.124  13.578 0.4000000060
378  29.151  -96.057  9.604 0.4000000060
370  29.762  -95.672  10.316 0.4000000060
562  28.443  -94.781  11.426 0.4000000060
1004  31.529  -93.270  13.317 0.5000000000
774  31.508  -94.258  13.794 0.5000000000
1010  31.371  -93.740  12.640 0.4000000060
125768  31.170  -95.050  12.715 0.4000000060
561  29.669  -95.241  11.178 0.4000000060
114600  31.169  -92.333  13.320 0.5000000000
1240  30.670  -92.350  11.914 0.5000000000
1239  31.220  -92.860  12.411 0.5000000000
780  31.411  -94.628  12.416 0.4000000060
116537  31.012  -95.085  12.672 0.4000000060
1245  30.958  -92.933  11.639 0.4000000060
1017  31.263  -93.854  11.783 0.4000000060
1032  29.410  -93.584  9.337 0.4000000060
795  30.350  -94.747  9.783 0.4000000060
572  30.588  -95.217  10.232 0.4000000060
117145  30.676  -95.226  10.929 0.4000000060
120085  30.513  -95.121  11.912 0.4000000060
579  29.701  -95.285  9.581 0.4000000060
1025  30.325  -93.466  10.467 0.5000000000
1018  30.892  -93.402  11.138 0.4000000060
1024  31.193  -94.397  10.950 0.4000000060
560  31.109  -95.086  11.762 0.4000000060
1026  29.445  -93.038  9.749 0.5000000000
789  30.852  -94.567  10.213 0.4000000060
571  31.165  -95.085  10.898 0.4000000060
1289  28.541  -92.470  6.985 0.3000000119
1301  29.086  -92.445  6.447 0.3000000119
1288  28.960  -91.877  6.869 0.4000000060
1276  28.483  -91.994  8.335 0.3000000119
1590  29.188  -91.274  7.366 0.4000000060
1576  28.691  -91.177  8.297 0.4000000060
1066  31.188  -93.534  6.369 0.3000000119
1067  30.250  -93.207  6.159 0.4000000060
1300  29.760  -92.548  6.247 0.4000000060
1287  29.707  -91.701  6.620 0.4000000060
1054  30.661  -92.430  6.542 0.4000000060
126723  30.634  -91.520  7.000 0.4000000060
1575  30.802  -90.439  8.425 0.3000000119
124407  28.771  -92.693  8.960 0.3000000119
1946  28.915  -90.320  8.799 0.3000000119
1934  28.498  -90.800  9.198 0.4000000060
813  32.187  -93.719  6.609 0.4000000060
1959  29.511  -90.535  8.141 0.3000000119
116208  31.528  -92.052  7.355 0.4000000060
1286  32.393  -92.615  7.616 0.4000000060
1588  31.340  -91.162  7.915 0.4000000060
1254  28.749  -92.221  9.674 0.4000000060
1564  28.481  -91.686  9.080 0.4000000060
601  31.242  -94.788  5.558 0.4000000060
1945  30.030  -90.005  8.856 0.3000000119
822  33.081  -93.815  6.300 0.4000000060
600  32.051  -94.777  5.972 0.4000000060
821  33.944  -93.701  6.463 0.4000000060
122233  33.149  -93.767  6.965 0.4000000060
1053  31.737  -92.980  7.005 0.4000000060
1253  29.241  -92.347  10.384 0.4000000060
1554  28.487  -91.362  9.998 0.4000000060
117942  28.688  -89.963  9.458 0.3000000119
127014  28.461  -90.435  9.855 0.4000000060
831  32.912  -93.965  5.885 0.4000000060
842  32.575  -93.905  4.561 0.4000000060
830  33.687  -93.606  5.711 0.4000000060
1064  34.537  -93.645  7.071 0.4000000060
1039  33.200  -93.143  7.686 0.4000000060
110372  30.041  -91.686  11.833 0.4000000060
1927  28.581  -90.491  10.696 0.3000000119
1913  29.889  -91.113  12.619 0.4000000060
1246  30.224  -92.481  11.177 0.4000000060
1543  29.339  -90.943  11.822 0.4000000060
1547  29.184  -91.474  11.061 0.4000000060
5279  30.397  -83.122  -4.122 0.4000000060
527  31.014  -95.140  15.018 0.5000000000
573  29.098  -95.650  10.604 0.4000000060
762  31.290  -94.392  15.342 0.5000000000
775  31.466  -94.753  13.301 0.5000000000
779  31.422  -94.114  13.226 0.5000000000
784  31.338  -94.803  11.452 0.4000000060
823  32.478  -94.162  6.164 0.4000000060
824  31.709  -94.333  6.126 0.4000000060
836  33.030  -94.081  5.175 0.4000000060
1031  30.141  -94.055  9.761 0.4000000060
1050  35.465  -92.715  7.238 0.5000000000
1051  34.906  -93.223  7.431 0.5000000000
1052  34.055  -93.449  7.473 0.4000000060
1065  33.870  -93.851  6.967 0.4000000060
1072  35.180  -92.829  5.882 0.5000000000
1075  34.460  -92.914  5.343 0.5000000000
1214  32.314  -92.710  15.870 0.3000000119
1272  34.379  -92.309  7.945 0.5000000000
1275  32.205  -91.766  8.032 0.4000000060
1283  36.157  -91.729  6.730 0.4000000060
1309  36.279  -92.056  5.071 0.4000000060
1318  33.499  -91.926  3.816 0.4000000060
1320  31.758  -91.804  3.514 0.4000000060
1322  29.728  -91.269  3.039 0.3000000119
1327  35.029  -92.245  2.596 0.4000000060
1328  33.782  -92.057  2.364 0.3000000119
1338  32.806  -92.185  1.012 0.3000000119
1354  32.913  -92.814  -0.690 0.3000000119
1371  33.066  -92.182  -1.869 0.3000000119
1373  28.850  -91.423  -2.737 0.4000000060
1388  22.954  -92.220  -5.733 0.5000000000
1397  30.123  -92.112  -7.542 0.4000000060
1416  28.994  -91.467  -8.518 0.4000000060
1577  28.641  -91.881  7.548 0.3000000119
1587  34.090  -91.528  7.772 0.4000000060
1589  30.130  -90.907  7.345 0.4000000060
1598  37.008  -91.223  6.040 0.3000000119
1613  36.868  -91.217  5.383 0.3000000119
1614  36.500  -91.683  4.791 0.4000000060
1621  33.119  -91.524  3.124 0.4000000060
1622  32.352  -91.392  3.364 0.4000000060
1634  32.194  -91.064  1.943 0.3000000119
1671  33.516  -91.499  -2.293 0.4000000060
1686  30.328  -91.242  -4.527 0.4000000060
1689  24.777  -91.630  -4.320 0.4000000060
1690  23.929  -91.678  -4.317 0.5000000000
1691  23.497  -91.423  -4.550 0.5000000000
1717  31.177  -91.127  -7.710 0.4000000060
1724  30.979  -91.007  -8.018 0.4000000060
1730  29.512  -91.127  -8.326 0.4000000060
1968  36.441  -90.700  6.339 0.4000000060
1991  36.344  -91.224  3.297 0.3000000119
1992  36.159  -90.661  2.829 0.3000000119
2002  36.139  -91.315  2.679 0.3000000119
2005  31.358  -90.574  2.558 0.4000000060
2007  29.388  -90.593  2.481 0.3000000119
2020  28.929  -90.346  1.913 0.3000000119
2028  28.869  -90.090  0.576 0.3000000119
2029  28.089  -90.179  0.755 0.3000000119
2030  27.321  -90.536  0.838 0.3000000119
2059  29.784  -90.194  -2.598 0.4000000060
2066  33.943  -89.634  -2.930 0.4000000060
2070  24.904  -90.231  -3.443 0.4000000060
2079  25.231  -90.838  -3.828 0.4000000060
2089  23.125  -91.113  -5.065 0.5000000000
2093  32.050  -90.817  -6.418 0.4000000060
2103  32.309  -90.277  -7.803 0.4000000060
2119  29.129  -90.936  -8.401 0.6000000238
2127  31.956  -90.010  -8.763 0.3000000119
2128  31.183  -90.029  -8.733 0.3000000119
2129  30.342  -90.328  -8.609 0.5000000000
2404  37.064  -89.575  5.518 0.3000000119
2470  27.754  -89.096  -3.469 0.6999999881
2472  25.953  -89.411  -3.275 0.6000000238
2478  31.932  -89.454  -4.052 0.4000000060
2481  26.547  -89.984  -3.549 0.6000000238
2484  23.999  -90.059  -4.267 0.4000000060
2493  34.025  -89.084  -6.630 0.4000000060
2503  33.196  -89.499  -7.606 0.4000000060
2506  29.016  -90.179  -8.077 0.6999999881
2511  31.994  -89.657  -8.797 0.4000000060
2513  30.641  -89.796  -8.612 0.5000000000
2518  31.554  -89.953  -8.804 0.4000000060
2520  30.008  -90.028  -8.786 0.5000000000
2838  33.875  -88.408  -0.304 0.3000000119
2859  27.066  -88.044  -2.911 0.6000000238
2869  28.974  -88.330  -3.323 0.8000000119
2880  34.562  -88.028  -5.023 0.4000000060
2882  30.108  -88.425  -4.528 0.8000000119
2917  34.321  -88.126  -8.043 0.5000000000
2920  31.934  -89.123  -8.690 0.4000000060
3122  29.727  -87.304  12.067 0.3000000119
3151  29.947  -87.032  10.317 0.3000000119
3293  29.746  -87.078  -2.253 0.8000000119
3296  27.362  -87.465  -2.734 0.6000000238
3332  26.272  -87.348  -4.925 0.8000000119
3347  32.940  -87.933  -7.980 0.6000000238
3348  32.217  -88.153  -7.540 0.6000000238
3354  35.306  -87.422  -7.767 0.4000000060
3736  30.427  -85.538  -1.472 0.6999999881
3737  29.605  -85.637  -1.549 0.6999999881
3738  28.807  -85.695  -1.733 0.8000000119
3770  26.964  -86.569  -3.915 0.8000000119
3841  24.978  -87.041  -9.817 0.6999999881
4222  31.316  -85.336  -1.512 0.6999999881
4223  28.761  -85.062  -1.977 0.6999999881
4250  28.075  -85.076  -3.846 0.6999999881
4252  22.268  -85.762  -3.625 0.6000000238
4297  28.113  -84.692  -7.268 0.5000000000
4756  31.467  -84.392  -1.569 0.6000000238
4757  30.574  -84.225  -1.695 0.6000000238
5348  25.654  -82.343  -10.455 0.6000000238
5837  24.046  -81.507  -10.091 0.6000000238
6261  24.343  -81.342  0.806 0.6000000238
6324  23.666  -82.336  -4.930 0.6000000238
6374  24.424  -81.505  -9.213 0.6000000238
6393  26.222  -81.830  -11.087 0.5000000000
6396  23.949  -80.768  -10.030 0.5000000000
6840  23.896  -79.969  1.529 0.6999999881
6841  23.332  -80.259  1.556 0.6000000238
6852  23.198  -80.912  1.315 0.6000000238
6867  26.093  -80.037  0.255 0.6999999881
6892  28.527  -80.589  -2.441 0.5000000000
7005  24.542  -81.562  -8.700 0.6000000238
7013  24.586  -80.822  -9.757 0.5000000000
7018  25.997  -81.346  -10.624 0.6000000238
7453  22.755  -79.951  1.592 0.6000000238
7464  26.164  -78.871  0.285 0.5000000000
7471  19.361  -79.504  1.311 0.5000000000
8053  25.657  -78.605  0.507 0.5000000000
8067  26.697  -78.698  -0.435 0.5000000000
8092  19.348  -77.448  -1.883 0.6000000238
8109  21.248  -78.085  -2.325 0.5000000000
8112  18.990  -77.637  -2.881 0.6000000238
8132  18.771  -77.721  -3.772 0.6000000238
8145  18.739  -77.539  -4.355 0.6000000238
8150  21.546  -77.745  -5.504 0.5000000000
8151  20.559  -78.012  -5.304 0.6000000238
8152  19.866  -77.973  -5.173 0.6000000238
8786  20.254  -77.532  -0.142 0.6000000238
8805  14.734  -77.106  -2.449 0.5000000000
8806  14.508  -76.791  -2.404 0.5000000000
8828  18.328  -77.136  -4.872 0.6999999881
8829  17.129  -77.500  -5.026 0.6999999881
8830  16.282  -77.294  -5.008 0.6000000238
8831  15.662  -76.922  -4.160 0.6000000238
8832  15.155  -76.756  -3.530 0.5000000000
8840  21.601  -77.266  -6.279 0.6000000238
8843  18.775  -76.792  -5.405 0.8000000119
8851  20.244  -77.128  -6.291 0.6999999881
8852  19.396  -77.184  -6.045 0.6999999881
8854  18.471  -76.823  -5.275 0.8000000119
9487  14.153  -76.768  -1.877 0.5000000000
9507  14.893  -76.429  -3.553 0.6000000238
9524  21.687  -76.393  -6.190 0.6999999881
9526  16.367  -76.870  -5.349 0.6999999881
9537  19.658  -76.643  -6.164 0.6999999881
9538  19.120  -76.523  -5.643 0.8000000119
10188  13.814  -75.289  -2.525 0.5000000000
10199  22.227  -75.630  -3.538 0.5000000000
10200  21.581  -75.455  -3.843 0.5000000000
10201  14.588  -75.869  -3.638 0.5000000000
10202  14.058  -75.522  -3.172 0.5000000000
10218  16.295  -75.674  -4.827 0.6000000238
10219  15.442  -76.097  -4.420 0.6000000238
10220  15.075  -76.089  -3.998 0.6000000238
10234  19.280  -75.554  -5.315 0.6999999881
10236  17.545  -75.986  -5.395 0.6999999881
10247  20.903  -76.138  -6.214 0.6000000238
10249  19.469  -75.984  -5.710 0.6000000238
10251  18.223  -76.413  -5.265 0.8000000119
10863  13.754  -74.538  -2.088 0.5000000000
10875  21.739  -75.068  -2.461 0.5000000000
10877  14.708  -74.408  -2.955 0.6000000238
10887  21.392  -74.908  -3.305 0.5000000000
10905  17.163  -75.303  -4.477 0.6999999881
10918  17.839  -75.437  -4.916 0.6999999881
11539  16.373  -73.129  -0.955 0.5000000000
11559  16.555  -73.813  -1.615 0.6000000238
11560  15.131  -73.414  -1.765 0.6000000238
11576  21.813  -73.586  -3.175 0.6000000238
11577  21.582  -74.423  -2.801 0.6000000238
11581  14.522  -73.878  -2.214 0.6000000238
11604  21.093  -73.858  -4.924 0.6999999881
11605  20.944  -73.688  -4.940 0.8000000119
11606  20.388  -73.750  -4.775 0.8000000119
11607  18.919  -73.620  -3.851 0.8000000119
11617  20.685  -74.334  -4.909 0.8000000119
12217  17.473  -72.818  0.376 0.5000000000
12220  14.845  -72.654  -0.772 0.6000000238
12232  22.575  -72.340  -1.039 0.5000000000
12237  14.734  -72.976  -1.321 0.5000000000
12262  19.346  -72.331  -3.669 0.8000000119
12920  20.103  -71.911  2.027 0.6000000238
12935  23.637  -71.433  0.178 0.4000000060
12937  20.233  -71.935  0.123 0.8000000119
12951  19.793  -71.845  -0.859 0.6999999881
12962  19.231  -71.526  -1.985 0.6999999881
12969  24.143  -70.964  -3.188 0.6000000238
12970  23.508  -71.571  -2.883 0.4000000060
12971  19.215  -71.445  -2.706 0.6000000238
12981  24.215  -70.821  -3.852 0.6000000238
12986  19.472  -71.808  -3.437 0.8000000119
12995  23.436  -71.059  -4.093 0.6999999881
13675  19.898  -71.347  2.451 0.5000000000
13713  19.156  -69.843  0.624 0.6999999881
13739  24.777  -69.822  -1.826 0.4000000060
13752  20.058  -70.386  -2.511 0.8000000119
13772  24.171  -70.387  -4.028 0.6000000238
13775  22.756  -70.973  -3.854 0.6999999881
14473  19.222  -69.020  0.964 0.6000000238
14495  19.465  -69.300  -1.448 0.6999999881
14505  20.328  -69.543  -2.233 0.8000000119
14517  24.636  -69.120  -3.319 0.5000000000
14518  24.444  -69.756  -3.668 0.5000000000
14519  23.575  -69.215  -3.385 0.6999999881
14521  21.673  -69.904  -2.897 0.8000000119
14533  24.385  -68.812  -3.281 0.6000000238
14534  24.248  -69.305  -3.521 0.6999999881
15183  18.915  -68.459  2.574 0.5000000000
15207  19.167  -68.227  -0.865 0.6999999881
15208  19.252  -68.558  -0.535 0.6999999881
15214  25.195  -68.411  -2.200 0.4000000060
15217  19.245  -69.089  -1.103 0.6999999881
15228  21.547  -68.517  -2.193 0.6999999881
15229  20.631  -68.713  -2.051 0.6999999881
15238  24.720  -68.524  -3.153 0.5000000000
15240  23.736  -68.460  -3.216 0.5000000000
15248  24.001  -68.913  -3.415 0.6000000238
15942  18.479  -68.010  3.630 0.6000000238
15965  19.124  -67.910  0.313 0.6999999881
15977  19.446  -67.661  -0.469 0.6999999881
15987  22.596  -67.434  -1.575 0.6000000238
15998  23.911  -67.702  -2.821 0.5000000000
15999  21.884  -67.730  -1.787 0.6000000238
16006  23.931  -67.995  -3.198 0.4000000060
16720  18.747  -66.210  3.440 0.5000000000
16732  22.439  -66.051  2.122 0.6000000238
16734  20.367  -66.747  3.122 0.6999999881
16735  16.888  -65.584  2.960 0.6000000238
16767  21.994  -66.911  -0.631 0.6000000238
16774  21.415  -66.878  -1.073 0.6000000238
17527  19.165  -65.857  3.185 0.6000000238
17528  18.425  -65.711  2.968 0.5000000000
17529  17.661  -65.593  2.802 0.6000000238
17530  16.205  -65.519  3.471 0.5000000000
17539  22.009  -65.417  2.405 0.5000000000
17545  16.281  -64.886  3.394 0.5000000000
17555  23.857  -65.458  1.131 0.4000000060
17567  24.096  -65.468  0.441 0.4000000060
17576  24.430  -65.386  -0.494 0.4000000060
17583  24.588  -65.186  -1.797 0.4000000060
17592  24.535  -66.086  -1.835 0.3000000119
18385  15.649  -64.735  3.840 0.5000000000
18395  19.451  -64.887  2.077 0.5000000000
18414  23.911  -65.063  1.578 0.4000000060
18415  23.325  -65.019  2.047 0.6000000238
19229  18.033  -63.900  2.348 0.5000000000
19230  17.343  -63.915  2.648 0.5000000000
19247  19.027  -63.311  1.229 0.4000000060
19249  17.715  -64.216  2.215 0.4000000060
20109  19.097  -62.416  1.270 0.4000000060
20121  22.468  -62.176  0.548 0.3000000119
20943  20.630  -61.310  1.131 0.3000000119
21681  21.173  -60.259  1.040 0.3000000119
108281  21.093  -75.675  -5.063 0.6999999881
110313  22.077  -72.091  -4.574 0.6999999881
110873  24.994  -66.645  -2.326 0.3000000119
111522  21.044  -67.176  -1.441 0.6000000238
112179  13.995  -75.990  -2.211 0.5000000000
112300  26.287  -65.046  -3.055 0.3000000119
112626  27.932  -85.352  -4.819 0.6999999881
113329  23.492  -61.109  -0.335 0.3000000119
113379  24.787  -70.000  0.117 0.3000000119
113755  25.055  -68.995  -3.175 0.5000000000
113801  33.376  -92.545  0.498 0.3000000119
113817  17.373  -72.715  1.022 0.5000000000
113986  19.197  -68.344  1.315 0.8000000119
114022  20.786  -78.851  1.370 0.6000000238
114319  28.521  -92.255  -8.540 0.4000000060
114373  19.577  -73.830  -4.362 0.8000000119
114702  20.518  -75.612  -5.858 0.6000000238
114951  35.613  -92.237  3.155 0.4000000060
115714  25.071  -69.118  -2.127 0.5000000000
115909  14.956  -74.743  -3.622 0.5000000000
116124  19.740  -77.433  -0.974 0.6000000238
116776  33.799  -88.992  -7.172 0.4000000060
117415  15.735  -73.395  -1.475 0.5000000000
118028  32.568  -93.299  7.219 0.4000000060
119598  19.355  -62.340  4.934 0.3000000119
119920  13.803  -74.211  -1.510 0.5000000000
120878  22.722  -71.662  -4.216 0.6999999881
121242  22.851  -86.362  -6.427 0.6000000238
121312  20.251  -67.391  -1.414 0.6999999881
121397  36.455  -91.211  6.317 0.4000000060
122091  29.338  -84.016  -3.149 0.6000000238
122342  33.798  -90.870  -2.619 0.4000000060
122371  15.712  -75.420  -4.314 0.6000000238
122609  19.322  -72.748  2.691 0.5000000000
123559  19.900  -63.335  1.210 0.4000000060
123602  23.697  -83.434  -4.373 0.6999999881
123769  29.758  -90.826  2.923 0.3000000119
123785  16.630  -77.390  -4.665 0.6000000238
124010  15.023  -77.130  -2.882 0.5000000000
124051  28.967  -91.779  -8.568 0.4000000060
124557  22.207  -63.713  1.449 0.4000000060
124679  21.227  -77.947  -1.469 0.6000000238
124979  21.063  -66.737  2.540 0.6000000238
125092  29.353  -91.596  -8.357 0.4000000060
125120  29.554  -87.281  9.838 0.3000000119
125148  20.337  -71.940  1.096 0.8000000119
126055  23.910  -81.802  -4.827 0.5000000000
126572  29.223  -84.767  -1.798 0.6000000238
126852  19.812  -67.139  -0.983 0.6999999881
126980  30.893  -88.277  14.074 0.3000000119
127335  34.500  -92.944  7.823 0.5000000000
127483  24.133  -69.814  -3.939 0.6000000238
127816  24.398  -89.516  -4.082 0.4000000060
128246  24.947  -81.619  -4.306 0.6000000238
128640  20.303  -77.839  -5.687 0.6000000238
129096  19.855  -70.383  0.335 0.6999999881
129111  14.219  -73.490  -1.349 0.5000000000
129274  24.888  -88.730  -6.346 0.6999999881
129892  30.389  -88.747  8.324 0.4000000060
130096  25.133  -68.810  -1.666 0.4000000060
130512  28.984  -90.805  11.284 0.5000000000
131015  19.852  -62.067  5.116 0.3000000119
131037  24.367  -70.299  -3.755 0.6000000238
