#!ascii label  , from subject Paciente_3 vox2ras=TkReg
276
19120  50.496  -63.678  10.781 0.0000000000
15124  50.242  -68.265  8.012 0.0000000000
15075  50.786  -69.259  13.634 0.0000000000
17468  54.083  -65.758  8.915 0.0000000000
12068  52.334  -72.456  10.900 0.0000000000
12751  52.585  -70.987  12.793 0.0000000000
113630  51.012  -74.379  13.224 0.0000000000
16674  53.353  -66.578  6.703 0.0000000000
20030  53.275  -63.959  8.235 0.0000000000
16636  50.182  -66.911  10.726 0.0000000000
113779  53.208  -68.274  10.655 0.0000000000
14364  54.189  -69.013  9.830 0.0000000000
13590  52.538  -70.134  8.871 0.0000000000
10731  50.378  -73.384  8.545 0.0000000000
19995  48.246  -62.960  11.022 0.0000000000
17443  47.611  -66.033  11.414 0.0000000000
15839  48.983  -67.866  14.229 0.0000000000
127285  56.027  -63.279  10.348 0.0000000000
11363  51.008  -73.225  13.798 0.0000000000
15894  51.500  -67.458  7.518 0.0000000000
16694  52.317  -65.334  6.825 0.0000000000
15088  50.978  -68.534  12.602 0.0000000000
15087  51.765  -68.796  12.337 0.0000000000
12045  52.795  -71.806  11.872 0.0000000000
13539  53.508  -69.869  10.807 0.0000000000
13550  53.504  -70.121  10.186 0.0000000000
14379  53.276  -69.163  8.842 0.0000000000
12812  51.917  -71.205  9.889 0.0000000000
12092  50.363  -72.558  8.193 0.0000000000
16615  47.373  -66.716  13.223 0.0000000000
16614  48.146  -67.089  13.124 0.0000000000
15841  47.668  -67.170  14.849 0.0000000000
17463  54.360  -65.505  10.009 0.0000000000
18304  55.403  -64.209  9.440 0.0000000000
20020  51.938  -62.841  8.627 0.0000000000
20010  53.441  -62.615  9.117 0.0000000000
13505  51.075  -70.309  14.018 0.0000000000
14324  51.951  -69.610  12.784 0.0000000000
12744  51.760  -71.405  13.758 0.0000000000
12038  52.257  -72.423  13.207 0.0000000000
125223  51.926  -74.152  11.885 0.0000000000
16672  53.787  -66.295  7.418 0.0000000000
18318  54.518  -64.446  8.318 0.0000000000
18354  53.352  -64.738  6.837 0.0000000000
19169  51.896  -63.834  7.729 0.0000000000
15125  49.313  -68.452  8.172 0.0000000000
17453  50.501  -65.562  10.238 0.0000000000
16649  53.024  -66.559  10.161 0.0000000000
16647  53.873  -66.610  9.470 0.0000000000
14333  52.884  -69.155  11.815 0.0000000000
127284  54.606  -68.852  10.520 0.0000000000
130455  53.978  -67.544  8.652 0.0000000000
15129  53.852  -68.019  8.067 0.0000000000
15131  52.926  -68.488  7.879 0.0000000000
14380  51.363  -69.518  8.370 0.0000000000
11414  51.436  -72.927  10.067 0.0000000000
12813  51.316  -71.549  9.342 0.0000000000
111892  50.781  -70.244  8.683 0.0000000000
14381  50.305  -69.531  8.423 0.0000000000
127053  49.540  -62.050  11.602 0.0000000000
19121  48.969  -63.659  10.859 0.0000000000
18286  47.704  -64.769  10.813 0.0000000000
18285  48.642  -64.841  10.533 0.0000000000
16621  48.990  -66.878  11.441 0.0000000000
15849  49.328  -67.598  12.234 0.0000000000
15076  49.985  -69.047  14.030 0.0000000000
15071  49.150  -69.004  15.459 0.0000000000
14312  50.027  -69.984  15.380 0.0000000000
20017  54.814  -63.507  9.032 0.0000000000
19101  50.679  -62.795  11.390 0.0000000000
19100  51.639  -62.818  11.908 0.0000000000
123684  51.250  -63.232  11.073 0.0000000000
16676  51.221  -66.632  7.459 0.0000000000
15082  51.316  -68.967  13.078 0.0000000000
12053  52.536  -71.689  11.189 0.0000000000
12792  52.661  -70.737  10.729 0.0000000000
12067  52.232  -71.459  10.589 0.0000000000
12811  52.703  -70.550  10.017 0.0000000000
12078  51.786  -72.238  10.413 0.0000000000
11447  50.199  -73.066  7.285 0.0000000000
16609  47.114  -66.780  14.169 0.0000000000
17462  54.368  -65.550  9.541 0.0000000000
116358  54.889  -64.752  9.561 0.0000000000
109290  54.655  -64.979  9.009 0.0000000000
20836  51.797  -61.959  9.221 0.0000000000
12732  51.126  -71.084  14.211 0.0000000000
12745  51.103  -71.977  14.134 0.0000000000
10674  51.026  -73.818  13.376 0.0000000000
11370  51.462  -73.001  13.659 0.0000000000
11371  51.232  -73.668  13.478 0.0000000000
10682  51.600  -73.951  12.779 0.0000000000
16673  53.648  -66.685  7.161 0.0000000000
17501  53.823  -65.497  6.766 0.0000000000
17502  53.443  -65.247  6.531 0.0000000000
19191  52.524  -64.492  7.319 0.0000000000
19192  51.506  -63.936  7.564 0.0000000000
127801  51.194  -63.104  7.965 0.0000000000
16652  50.078  -66.143  10.434 0.0000000000
17466  51.291  -65.776  10.176 0.0000000000
16651  50.684  -66.398  10.350 0.0000000000
16648  53.715  -66.566  9.893 0.0000000000
15869  53.706  -67.740  9.745 0.0000000000
13518  52.475  -70.344  12.696 0.0000000000
14323  52.412  -69.753  12.477 0.0000000000
13529  53.040  -70.224  12.011 0.0000000000
14350  54.739  -69.185  10.485 0.0000000000
119131  54.600  -68.856  10.563 0.0000000000
15100  54.379  -69.139  10.254 0.0000000000
15099  54.069  -68.799  9.843 0.0000000000
15119  54.045  -68.024  8.722 0.0000000000
15886  53.890  -67.754  8.105 0.0000000000
15120  53.878  -68.260  8.588 0.0000000000
129676  53.032  -69.516  8.722 0.0000000000
15122  53.242  -68.857  8.500 0.0000000000
14389  52.588  -69.443  8.385 0.0000000000
15132  51.867  -68.820  7.876 0.0000000000
121702  51.809  -70.099  8.641 0.0000000000
9389  49.043  -76.233  8.137 0.0000000000
10732  50.196  -74.022  8.836 0.0000000000
10054  49.871  -74.939  9.304 0.0000000000
11415  50.921  -73.121  9.284 0.0000000000
12079  51.220  -72.214  9.792 0.0000000000
12091  50.819  -72.454  8.980 0.0000000000
12827  50.119  -71.841  8.094 0.0000000000
117349  50.737  -71.824  8.744 0.0000000000
13592  50.426  -71.082  8.538 0.0000000000
13593  49.764  -70.258  8.393 0.0000000000
19981  48.777  -62.046  11.598 0.0000000000
19994  49.286  -62.593  11.181 0.0000000000
17444  47.072  -65.895  11.833 0.0000000000
17456  47.262  -65.394  11.124 0.0000000000
17455  48.010  -65.597  10.884 0.0000000000
16638  48.819  -65.952  10.822 0.0000000000
16622  48.187  -66.495  11.372 0.0000000000
129768  48.501  -67.368  13.854 0.0000000000
15846  48.930  -67.718  13.201 0.0000000000
123137  49.767  -67.966  13.003 0.0000000000
14302  48.453  -69.741  16.549 0.0000000000
15063  48.854  -69.483  16.278 0.0000000000
14313  49.543  -69.730  15.917 0.0000000000
19167  54.166  -64.481  7.648 0.0000000000
19157  54.471  -64.070  8.449 0.0000000000
19158  54.022  -63.986  8.184 0.0000000000
20009  54.297  -62.635  9.413 0.0000000000
115306  52.342  -66.956  6.982 0.0000000000
16693  53.137  -65.594  6.452 0.0000000000
15858  50.494  -67.658  11.217 0.0000000000
16635  50.873  -67.274  10.592 0.0000000000
130198  51.137  -67.866  11.035 0.0000000000
125572  52.520  -68.812  11.736 0.0000000000
12760  52.751  -71.128  12.039 0.0000000000
13528  53.106  -70.026  11.720 0.0000000000
12770  52.941  -70.446  11.533 0.0000000000
13549  53.858  -69.447  10.452 0.0000000000
13568  53.991  -69.442  9.960 0.0000000000
14378  53.787  -68.808  9.040 0.0000000000
13569  53.428  -69.942  9.524 0.0000000000
13570  52.704  -70.316  9.365 0.0000000000
12826  52.053  -70.797  9.292 0.0000000000
12103  50.482  -72.990  8.365 0.0000000000
123262  50.207  -73.116  7.910 0.0000000000
12104  50.309  -72.931  7.569 0.0000000000
16623  47.634  -66.639  12.185 0.0000000000
16608  47.958  -66.922  14.028 0.0000000000
15840  48.371  -67.481  14.602 0.0000000000
18297  55.685  -64.096  10.185 0.0000000000
19132  55.892  -63.760  9.879 0.0000000000
20019  52.938  -63.120  8.594 0.0000000000
20018  53.880  -63.207  8.563 0.0000000000
122172  52.693  -62.313  9.164 0.0000000000
117651  52.722  -61.428  9.594 0.0000000000
14316  50.933  -69.715  13.825 0.0000000000
14325  51.416  -69.434  13.203 0.0000000000
14315  51.500  -69.968  13.322 0.0000000000
13504  51.724  -70.600  13.577 0.0000000000
12743  52.236  -70.807  13.214 0.0000000000
12028  51.616  -72.272  13.734 0.0000000000
12037  52.715  -71.667  12.600 0.0000000000
12046  52.677  -72.552  12.405 0.0000000000
12054  52.681  -72.571  11.538 0.0000000000
17470  54.180  -65.684  8.364 0.0000000000
18335  54.563  -64.978  8.192 0.0000000000
18336  54.260  -65.051  7.269 0.0000000000
18337  53.927  -64.730  6.957 0.0000000000
19168  53.631  -64.395  7.460 0.0000000000
18355  52.910  -64.957  6.598 0.0000000000
113309  52.867  -64.312  7.647 0.0000000000
20031  52.348  -63.587  8.102 0.0000000000
20844  50.985  -62.368  8.515 0.0000000000
15887  49.671  -67.554  8.072 0.0000000000
18284  50.416  -64.649  10.291 0.0000000000
18283  51.386  -64.154  10.560 0.0000000000
17452  51.103  -65.019  10.172 0.0000000000
16646  53.928  -66.738  9.022 0.0000000000
15092  53.699  -68.927  10.822 0.0000000000
14332  53.354  -69.347  11.343 0.0000000000
15085  54.081  -69.007  11.186 0.0000000000
15855  53.649  -68.417  10.349 0.0000000000
15868  53.901  -67.850  9.394 0.0000000000
16656  53.933  -66.951  8.676 0.0000000000
16671  53.888  -66.433  7.970 0.0000000000
15890  53.930  -66.894  7.900 0.0000000000
15892  53.667  -67.269  7.249 0.0000000000
15121  53.643  -68.475  8.491 0.0000000000
15130  53.707  -68.040  7.802 0.0000000000
122322  52.977  -67.631  7.199 0.0000000000
15893  52.188  -67.953  7.488 0.0000000000
15133  51.179  -68.176  7.783 0.0000000000
10694  52.059  -74.019  10.913 0.0000000000
10055  49.507  -75.817  8.792 0.0000000000
11398  51.592  -73.897  9.977 0.0000000000
13591  51.448  -70.905  8.909 0.0000000000
15123  50.809  -68.880  8.080 0.0000000000
130737  50.019  -68.900  8.166 0.0000000000
14382  49.489  -69.351  8.231 0.0000000000
20809  50.194  -61.071  12.071 0.0000000000
20810  49.293  -61.446  11.941 0.0000000000
118803  50.157  -61.865  11.859 0.0000000000
19980  50.103  -62.392  11.477 0.0000000000
19102  49.855  -63.128  10.959 0.0000000000
18288  45.885  -64.572  11.445 0.0000000000
19123  47.434  -63.869  11.049 0.0000000000
19122  48.169  -64.053  10.787 0.0000000000
110661  49.618  -64.248  10.576 0.0000000000
17454  49.614  -65.417  10.359 0.0000000000
16637  49.527  -66.463  10.774 0.0000000000
16620  49.746  -67.322  11.383 0.0000000000
15850  48.474  -67.186  12.214 0.0000000000
15848  50.297  -67.919  12.259 0.0000000000
15844  50.411  -68.602  13.224 0.0000000000
15077  49.355  -68.615  14.573 0.0000000000
15070  49.747  -69.352  14.988 0.0000000000
14317  50.306  -69.572  14.400 0.0000000000
18317  54.822  -64.402  8.876 0.0000000000
19156  55.329  -63.963  9.098 0.0000000000
20016  55.767  -63.438  9.774 0.0000000000
20008  55.318  -62.730  9.873 0.0000000000
10670  51.059  -73.407  13.535 0.0000000000
10683  51.296  -74.737  12.588 0.0000000000
10695  51.496  -74.707  11.532 0.0000000000
10715  50.815  -73.929  9.278 0.0000000000
11377  52.019  -73.223  13.030 0.0000000000
11384  52.369  -73.420  12.028 0.0000000000
12752  52.319  -71.589  13.285 0.0000000000
12759  52.766  -70.553  12.249 0.0000000000
12771  52.653  -70.986  11.411 0.0000000000
12791  53.186  -70.241  10.827 0.0000000000
12828  49.807  -71.062  8.096 0.0000000000
13453  48.039  -69.872  16.575 0.0000000000
13491  50.394  -70.807  14.735 0.0000000000
13519  52.041  -70.204  12.937 0.0000000000
13589  53.136  -69.698  8.981 0.0000000000
14301  49.218  -70.046  16.410 0.0000000000
14334  52.382  -69.218  12.281 0.0000000000
14342  54.300  -69.089  10.738 0.0000000000
14365  53.648  -69.366  9.328 0.0000000000
15090  54.027  -68.790  10.130 0.0000000000
15091  54.497  -68.868  10.650 0.0000000000
15114  53.954  -68.633  9.373 0.0000000000
15845  49.598  -68.273  13.756 0.0000000000
15883  54.085  -67.813  9.035 0.0000000000
15885  53.922  -67.238  8.284 0.0000000000
15891  53.730  -67.510  7.660 0.0000000000
15895  50.629  -67.490  7.812 0.0000000000
16658  53.860  -66.421  8.435 0.0000000000
16675  52.696  -66.080  6.572 0.0000000000
16691  53.710  -66.018  6.986 0.0000000000
16692  53.553  -65.901  6.701 0.0000000000
17488  54.141  -65.699  7.674 0.0000000000
17489  53.989  -65.721  7.141 0.0000000000
18353  53.835  -65.027  6.670 0.0000000000
112612  51.070  -68.209  11.841 0.0000000000
119399  55.913  -63.416  10.654 0.0000000000
123942  53.955  -68.662  9.425 0.0000000000
128942  52.700  -71.092  12.442 0.0000000000
129138  53.073  -68.764  11.197 0.0000000000
