#!ascii label  , from subject Paciente_3 vox2ras=TkReg
1857
11518  48.276  -73.270  0.770 0.2000000030
12196  49.271  -72.833  0.161 0.2000000030
11519  47.229  -73.814  0.305 0.2000000030
12226  48.395  -72.509  -1.645 0.1000000015
11504  48.419  -73.271  1.815 0.3000000119
11517  49.360  -72.730  1.218 0.2000000030
12209  49.077  -72.678  -0.854 0.1000000015
114786  48.140  -73.260  -0.299 0.2000000030
125949  49.915  -72.310  -0.300 0.1000000015
12225  49.216  -72.198  -1.353 0.1000000015
12954  49.573  -71.676  -1.302 0.1000000015
13731  49.619  -70.816  -1.071 0.1000000015
12964  48.467  -71.723  -2.096 0.1000000015
13718  48.276  -70.710  -0.889 0.1000000015
12963  48.299  -71.421  -2.359 0.1000000015
14485  48.492  -70.790  -1.712 0.1000000015
13719  47.527  -70.855  -0.856 0.2000000030
129642  47.627  -70.708  -1.519 0.1000000015
13683  50.854  -70.605  0.957 0.1000000015
14464  50.741  -70.005  0.233 0.1000000015
121533  50.346  -72.081  0.534 0.2000000030
13716  50.381  -70.428  -0.647 0.1000000015
12195  50.447  -71.497  -0.278 0.1000000015
12941  50.208  -71.113  -0.795 0.1000000015
123175  49.638  -70.311  -0.721 0.1000000015
13701  47.279  -71.042  -0.037 0.1000000015
12930  45.389  -71.224  0.087 0.2000000030
12942  46.317  -71.266  0.087 0.2000000030
13687  44.080  -70.940  0.670 0.1000000015
13720  46.626  -70.934  -0.736 0.2000000030
13704  43.618  -70.237  0.872 0.2000000030
14466  43.719  -69.516  0.505 0.1000000015
15194  43.746  -68.712  0.499 0.1000000015
14474  50.317  -69.992  -0.403 0.1000000015
13684  48.741  -70.408  1.174 0.1000000015
112457  48.249  -70.727  -0.230 0.1000000015
13688  43.329  -70.345  1.626 0.2000000030
14458  43.045  -69.071  1.825 0.2000000030
15177  43.227  -68.466  2.016 0.2000000030
14457  43.355  -69.469  1.235 0.2000000030
15185  43.512  -68.566  1.252 0.1000000015
15955  43.948  -67.760  0.679 0.2000000030
13700  48.845  -70.388  0.323 0.1000000015
13685  47.728  -70.901  1.437 0.1000000015
108262  47.952  -70.805  0.597 0.1000000015
12910  46.999  -71.354  0.788 0.2000000030
12895  44.592  -71.463  2.429 0.2000000030
12913  44.272  -71.428  1.403 0.3000000119
15935  43.589  -67.775  2.251 0.3000000119
15934  44.351  -67.201  1.858 0.2000000030
15943  44.260  -67.059  1.135 0.2000000030
15954  43.997  -67.260  0.271 0.2000000030
12896  43.739  -71.040  1.980 0.3000000119
12911  45.883  -71.712  0.923 0.2000000030
16726  43.972  -67.147  2.513 0.3000000119
17521  45.097  -66.110  2.386 0.3000000119
16725  44.770  -66.702  2.129 0.3000000119
16736  44.833  -66.566  1.709 0.2000000030
16747  44.034  -66.734  0.699 0.2000000030
17522  44.229  -65.527  3.278 0.4000000060
15923  42.980  -67.610  3.065 0.3000000119
16708  44.204  -66.478  2.805 0.3000000119
14447  42.911  -69.739  2.214 0.2000000030
124927  42.700  -69.040  2.520 0.2000000030
17535  45.328  -66.250  1.946 0.3000000119
113136  44.696  -66.209  1.217 0.2000000030
18379  44.680  -64.616  3.572 0.3000000119
17534  46.001  -65.785  1.970 0.2000000030
17558  46.501  -65.313  1.163 0.2000000030
17547  46.651  -65.484  1.522 0.2000000030
17559  45.674  -65.289  1.282 0.1000000015
17548  45.542  -65.924  1.695 0.2000000030
19214  45.684  -63.826  3.320 0.3000000119
114979  46.054  -64.629  2.825 0.3000000119
17520  45.414  -65.259  2.775 0.3000000119
19212  47.511  -63.425  2.571 0.2000000030
130175  46.627  -65.080  2.386 0.3000000119
18376  47.611  -64.487  2.322 0.2000000030
17519  46.173  -65.271  2.315 0.3000000119
17518  47.201  -65.163  2.152 0.1000000015
17546  47.215  -65.322  1.521 0.1000000015
18422  46.599  -64.816  0.910 0.1000000015
17557  47.060  -65.234  0.969 0.1000000015
18401  47.728  -65.063  0.810 0.1000000015
18423  45.087  -64.810  1.064 0.1000000015
19199  46.132  -63.108  3.282 0.3000000119
19213  46.888  -63.691  2.816 0.2000000030
20072  47.945  -62.641  2.506 0.2000000030
20910  48.736  -62.244  2.222 0.2000000030
111965  49.419  -61.880  1.843 0.1000000015
19211  48.204  -63.710  2.219 0.1000000015
20087  49.397  -62.892  1.693 0.1000000015
18387  48.338  -64.540  1.603 0.1000000015
18388  47.814  -65.125  1.577 0.1000000015
18421  47.596  -64.791  0.544 0.1000000015
19254  47.029  -63.799  0.673 0.1000000015
20073  46.959  -62.624  2.895 0.2000000030
20909  50.040  -62.464  1.230 0.1000000015
20097  50.434  -62.841  0.807 0.1000000015
19224  49.532  -63.614  1.164 0.1000000015
19232  49.431  -63.733  0.795 0.1000000015
18400  48.306  -64.823  0.802 0.1000000015
119283  49.244  -63.666  -0.084 0.1000000015
19253  48.037  -64.187  0.084 0.1000000015
18420  48.343  -64.820  0.093 0.1000000015
20096  50.784  -62.401  0.456 0.1000000015
20113  48.594  -62.763  0.047 0.1000000015
20114  47.612  -62.658  0.498 0.1000000015
20916  50.663  -62.236  0.823 0.1000000015
14484  49.223  -70.634  -1.076 0.1000000015
13698  50.984  -70.067  -0.085 0.1000000015
13703  44.091  -70.051  0.188 0.1000000015
17466  51.291  -65.776  10.176 0.5000000000
16637  49.527  -66.463  10.774 0.5000000000
17453  50.501  -65.562  10.238 0.5000000000
17452  51.103  -65.019  10.172 0.5000000000
18300  52.063  -65.028  10.251 0.5000000000
16623  47.634  -66.639  12.185 0.2000000030
17443  47.611  -66.033  11.414 0.3000000119
16622  48.187  -66.495  11.372 0.3000000119
16638  48.819  -65.952  10.822 0.5000000000
17454  49.614  -65.417  10.359 0.5000000000
110661  49.618  -64.248  10.576 0.5000000000
18284  50.416  -64.649  10.291 0.5000000000
19120  50.496  -63.678  10.781 0.5000000000
18283  51.386  -64.154  10.560 0.5000000000
18282  52.477  -64.101  10.713 0.5000000000
18299  53.341  -64.708  10.559 0.5000000000
16647  53.873  -66.610  9.470 0.5000000000
17444  47.072  -65.895  11.833 0.3000000119
17456  47.262  -65.394  11.124 0.3000000119
18285  48.642  -64.841  10.533 0.5000000000
123684  51.250  -63.232  11.073 0.5000000000
19119  52.091  -63.391  11.173 0.5000000000
18298  54.573  -64.660  10.426 0.5000000000
15120  53.878  -68.260  8.588 0.4000000060
15886  53.890  -67.754  8.105 0.5000000000
130455  53.978  -67.544  8.652 0.5000000000
16646  53.928  -66.738  9.022 0.5000000000
17463  54.360  -65.505  10.009 0.5000000000
15121  53.643  -68.475  8.491 0.4000000060
16624  47.007  -66.266  12.601 0.3000000119
18286  47.704  -64.769  10.813 0.4000000060
19121  48.969  -63.659  10.859 0.5000000000
19102  49.855  -63.128  10.959 0.5000000000
19101  50.679  -62.795  11.390 0.5000000000
19100  51.639  -62.818  11.908 0.5000000000
19117  53.588  -63.549  11.665 0.5000000000
112947  55.022  -64.743  10.143 0.6000000238
16656  53.933  -66.951  8.676 0.5000000000
17462  54.368  -65.550  9.541 0.5000000000
116358  54.889  -64.752  9.561 0.5000000000
129676  53.032  -69.516  8.722 0.4000000060
14379  53.276  -69.163  8.842 0.4000000060
15129  53.852  -68.019  8.067 0.5000000000
17420  42.708  -66.328  15.453 0.1000000015
110448  42.819  -65.061  14.277 0.1000000015
127312  42.513  -64.468  13.690 0.1000000015
18243  43.923  -64.991  14.091 0.1000000015
18252  43.157  -64.771  13.438 0.1000000015
17437  44.565  -65.254  13.708 0.1000000015
18251  43.919  -65.008  13.031 0.1000000015
117256  43.747  -63.745  12.194 0.1000000015
112611  46.317  -65.800  12.343 0.2000000030
17445  45.538  -65.399  12.559 0.1000000015
17457  46.494  -65.307  11.481 0.3000000119
19122  48.169  -64.053  10.787 0.5000000000
18288  45.885  -64.572  11.445 0.4000000060
18287  46.840  -64.655  11.120 0.4000000060
19995  48.246  -62.960  11.022 0.4000000060
19994  49.286  -62.593  11.181 0.5000000000
19980  50.103  -62.392  11.477 0.5000000000
19979  50.853  -62.314  11.951 0.5000000000
19978  51.638  -62.084  12.368 0.5000000000
18281  54.049  -63.894  10.870 0.5000000000
17468  54.083  -65.758  8.915 0.5000000000
16671  53.888  -66.433  7.970 0.5000000000
15122  53.242  -68.857  8.500 0.4000000060
12813  51.316  -71.549  9.342 0.5000000000
16593  40.354  -66.758  17.716 0.1000000015
16592  41.167  -66.243  17.136 0.1000000015
16601  41.771  -66.274  16.612 0.1000000015
17408  42.113  -66.387  16.148 0.1000000015
17431  42.565  -65.638  14.979 0.1000000015
18244  42.060  -65.043  14.954 0.1000000015
18253  41.980  -64.468  14.221 0.1000000015
17409  41.687  -65.504  16.542 0.1000000015
17421  42.037  -65.529  15.820 0.1000000015
19087  42.729  -63.996  13.093 0.1000000015
20814  45.723  -61.508  12.059 0.2000000030
21563  45.226  -60.767  12.483 0.2000000030
125243  45.196  -65.587  13.361 0.1000000015
18250  44.802  -65.089  12.822 0.1000000015
18263  44.246  -64.526  12.130 0.1000000015
19103  44.348  -63.606  11.821 0.1000000015
19985  45.173  -62.361  11.689 0.2000000030
18262  45.183  -64.864  11.966 0.2000000030
18289  44.986  -64.167  11.582 0.1000000015
19125  45.603  -63.770  11.377 0.2000000030
19983  46.996  -62.123  11.664 0.2000000030
118488  46.267  -60.689  12.331 0.2000000030
19124  46.457  -63.673  11.241 0.2000000030
19996  47.255  -62.888  11.256 0.3000000119
19982  47.886  -62.112  11.641 0.3000000119
19981  48.777  -62.046  11.598 0.4000000060
127053  49.540  -62.050  11.602 0.5000000000
18297  55.685  -64.096  10.185 0.5000000000
118803  50.157  -61.865  11.859 0.4000000060
19157  54.471  -64.070  8.449 0.5000000000
19156  55.329  -63.963  9.098 0.5000000000
19132  55.892  -63.760  9.879 0.5000000000
18318  54.518  -64.446  8.318 0.5000000000
18317  54.822  -64.402  8.876 0.5000000000
18304  55.403  -64.209  9.440 0.5000000000
19099  52.818  -63.207  12.065 0.5000000000
122310  52.356  -62.509  12.329 0.5000000000
16672  53.787  -66.295  7.418 0.5000000000
18336  54.260  -65.051  7.269 0.5000000000
18335  54.563  -64.978  8.192 0.5000000000
19115  55.531  -63.482  10.964 0.5000000000
15130  53.707  -68.040  7.802 0.5000000000
15890  53.930  -66.894  7.900 0.5000000000
109290  54.655  -64.979  9.009 0.5000000000
121858  55.273  -64.118  10.428 0.6000000238
17470  54.180  -65.684  8.364 0.5000000000
13590  52.538  -70.134  8.871 0.4000000060
16569  39.996  -66.228  18.522 0.1000000015
125647  40.943  -65.667  17.335 0.1000000015
17398  40.716  -65.143  17.657 0.1000000015
18226  41.142  -64.746  17.005 0.1000000015
19071  40.800  -63.734  17.084 0.1000000015
16602  41.401  -65.494  17.034 0.1000000015
18233  41.552  -64.821  16.296 0.1000000015
19082  41.633  -63.530  14.351 0.1000000015
19088  42.094  -63.763  13.609 0.1000000015
19105  42.378  -63.147  13.043 0.1000000015
20816  43.413  -61.704  12.461 0.1000000015
19986  43.705  -62.842  12.098 0.1000000015
20815  44.314  -61.225  12.443 0.2000000030
125518  44.488  -62.847  11.752 0.1000000015
116271  44.309  -62.096  12.021 0.2000000030
20812  47.528  -61.415  12.059 0.3000000119
22313  46.868  -59.983  12.630 0.2000000030
20811  48.360  -61.424  12.049 0.3000000119
21561  47.978  -60.744  12.426 0.2000000030
20810  49.293  -61.446  11.941 0.4000000060
119014  48.680  -60.726  12.195 0.3000000119
20809  50.194  -61.071  12.071 0.4000000060
21560  49.494  -60.554  11.984 0.4000000060
20008  55.318  -62.730  9.873 0.5000000000
20007  55.939  -62.715  10.447 0.5000000000
127285  56.027  -63.279  10.348 0.5000000000
120830  50.940  -61.569  12.261 0.5000000000
20833  55.581  -61.844  10.509 0.5000000000
20827  55.880  -61.653  11.049 0.5000000000
20002  55.949  -62.789  10.953 0.5000000000
19993  55.825  -62.954  11.378 0.6000000238
20807  52.441  -61.815  12.612 0.5000000000
21571  56.088  -61.045  11.220 0.5000000000
20823  55.776  -62.142  11.477 0.5000000000
19098  53.959  -63.221  12.151 0.5000000000
19097  55.373  -63.062  11.722 0.5000000000
19116  54.641  -63.426  11.521 0.5000000000
12091  50.819  -72.454  8.980 0.4000000060
117349  50.737  -71.824  8.744 0.4000000060
12826  52.053  -70.797  9.292 0.4000000060
20766  41.177  -61.784  17.256 0.1000000015
19930  40.738  -62.969  17.539 0.1000000015
20782  41.240  -61.557  15.862 0.1000000015
111658  41.051  -64.167  16.424 0.1000000015
19949  41.142  -62.553  15.837 0.1000000015
111237  41.325  -62.078  15.172 0.1000000015
19075  41.070  -63.451  16.165 0.1000000015
128014  41.309  -62.610  15.212 0.1000000015
119835  41.509  -61.872  14.570 0.1000000015
19089  41.803  -62.904  13.712 0.1000000015
114284  42.087  -61.673  13.592 0.1000000015
20817  42.599  -61.680  13.044 0.1000000015
21544  43.711  -60.010  13.144 0.2000000030
22299  44.398  -59.580  13.096 0.2000000030
22315  45.038  -59.951  12.787 0.2000000030
22314  45.878  -59.927  12.632 0.2000000030
25544  53.749  -55.763  9.328 0.2000000030
115550  47.710  -60.127  12.682 0.2000000030
24748  54.319  -56.527  9.591 0.2000000030
117976  53.925  -56.981  10.116 0.2000000030
23926  54.072  -57.699  10.436 0.2000000030
23915  53.279  -57.974  11.017 0.2000000030
125025  48.232  -60.259  12.518 0.2000000030
24734  56.158  -57.488  9.400 0.2000000030
23093  55.187  -58.212  10.366 0.2000000030
23914  54.302  -58.385  11.007 0.2000000030
23082  53.400  -58.717  11.404 0.2000000030
22306  53.334  -59.273  11.854 0.2000000030
22307  52.539  -59.328  12.160 0.4000000060
23091  56.797  -59.493  10.335 0.2000000030
23092  56.170  -58.847  10.292 0.3000000119
23081  55.452  -58.869  10.932 0.3000000119
22325  54.430  -59.230  11.447 0.4000000060
121216  53.025  -59.831  12.191 0.4000000060
121063  52.266  -60.073  12.564 0.5000000000
21559  51.001  -60.621  12.370 0.4000000060
22339  56.505  -60.164  9.621 0.5000000000
21582  56.995  -60.175  10.333 0.4000000060
21575  57.128  -60.185  10.824 0.4000000060
22323  56.777  -59.850  11.107 0.4000000060
115338  55.610  -60.856  11.910 0.4000000060
125172  54.448  -60.682  12.176 0.5000000000
21556  53.289  -60.612  12.455 0.5000000000
20808  51.701  -61.269  12.630 0.5000000000
127597  56.846  -60.499  11.042 0.5000000000
112482  55.776  -61.611  11.778 0.5000000000
20804  55.637  -62.516  11.848 0.5000000000
19976  54.680  -62.704  12.190 0.5000000000
19977  53.366  -62.475  12.470 0.5000000000
125775  41.730  -60.764  18.340 0.1000000015
20757  41.399  -61.474  18.045 0.1000000015
21524  41.609  -60.929  17.432 0.1000000015
21523  41.921  -60.080  17.111 0.1000000015
21528  41.510  -60.794  16.400 0.1000000015
21527  41.954  -60.119  16.028 0.1000000015
21532  41.551  -60.764  15.512 0.1000000015
121117  42.322  -59.372  15.522 0.1000000015
21537  42.223  -60.436  14.330 0.1000000015
22291  42.692  -59.691  14.157 0.1000000015
20795  42.346  -61.045  13.615 0.1000000015
22301  43.138  -59.767  13.584 0.2000000030
23067  43.654  -58.647  13.829 0.2000000030
22297  46.476  -59.181  12.714 0.2000000030
121843  47.433  -59.346  12.568 0.2000000030
24736  53.218  -56.356  9.979 0.2000000030
23927  53.129  -57.097  10.620 0.2000000030
22312  48.282  -59.460  12.385 0.2000000030
26327  52.452  -54.576  9.341 0.1000000015
25545  52.755  -55.516  9.584 0.1000000015
25534  52.237  -56.065  10.283 0.1000000015
24737  52.266  -56.794  10.846 0.1000000015
23083  52.600  -58.358  11.531 0.1000000015
23069  52.164  -58.733  12.036 0.2000000030
115871  48.888  -59.966  12.099 0.2000000030
23908  51.870  -58.017  11.863 0.1000000015
22308  51.759  -59.319  12.308 0.3000000119
115873  50.615  -59.770  12.134 0.2000000030
128363  54.010  -61.239  12.506 0.5000000000
125759  53.263  -61.526  12.643 0.5000000000
21557  52.431  -60.961  12.751 0.5000000000
21555  54.926  -61.418  12.257 0.5000000000
20806  54.234  -61.933  12.522 0.5000000000
20805  55.149  -62.077  12.171 0.5000000000
20756  42.034  -60.264  19.160 0.1000000015
22278  43.096  -59.106  18.257 0.1000000015
23031  42.811  -58.834  17.271 0.1000000015
22279  42.514  -59.468  17.747 0.1000000015
122171  42.330  -59.448  16.639 0.1000000015
114313  42.940  -58.146  14.989 0.1000000015
23045  43.035  -57.903  15.549 0.1000000015
23056  42.659  -58.890  14.698 0.1000000015
23055  43.314  -58.185  14.375 0.2000000030
116690  44.325  -58.797  13.425 0.2000000030
23065  44.931  -58.125  13.314 0.2000000030
22298  45.311  -59.123  13.032 0.2000000030
23064  46.074  -58.201  12.977 0.2000000030
114033  47.979  -58.572  12.476 0.2000000030
25546  51.959  -55.123  9.945 0.1000000015
24738  51.598  -56.335  10.988 0.1000000015
24729  51.588  -57.152  11.538 0.1000000015
23072  49.570  -58.252  12.360 0.1000000015
22311  49.193  -59.134  12.032 0.2000000030
23073  48.713  -58.608  12.232 0.2000000030
23909  51.108  -57.764  12.197 0.1000000015
23070  51.389  -58.572  12.194 0.1000000015
22309  50.956  -59.176  12.258 0.2000000030
22310  50.109  -59.046  12.166 0.2000000030
115872  49.750  -59.756  11.935 0.2000000030
23022  43.899  -58.504  18.872 0.1000000015
23023  43.316  -58.631  18.201 0.1000000015
126982  44.260  -57.256  19.141 0.1000000015
121438  43.078  -58.160  17.396 0.1000000015
24664  43.887  -56.941  18.393 0.1000000015
24677  43.636  -56.702  17.478 0.1000000015
23877  43.269  -57.332  15.966 0.1000000015
23038  42.909  -58.122  16.393 0.1000000015
23895  43.898  -57.335  14.342 0.1000000015
23066  44.064  -58.033  13.806 0.1000000015
111854  44.521  -56.520  14.342 0.1000000015
23905  44.626  -57.299  13.764 0.1000000015
23904  45.488  -57.385  13.325 0.2000000030
23063  46.869  -57.781  12.866 0.2000000030
23075  47.102  -58.470  12.646 0.2000000030
23074  47.665  -57.793  12.776 0.2000000030
23912  48.618  -57.780  12.594 0.1000000015
27124  51.648  -52.981  9.238 0.1000000015
27106  50.995  -53.899  9.897 0.1000000015
26316  51.242  -54.716  10.277 0.1000000015
25529  50.956  -55.891  11.217 0.1000000015
26317  50.473  -54.363  10.511 0.1000000015
25536  50.737  -55.139  10.905 0.1000000015
24730  51.106  -56.529  11.519 0.1000000015
23917  50.816  -56.988  12.036 0.1000000015
23071  50.539  -58.409  12.328 0.1000000015
24663  44.083  -56.212  18.938 0.1000000015
25478  44.168  -55.090  17.835 0.1000000015
127479  43.999  -55.768  17.006 0.1000000015
24701  43.687  -56.701  15.588 0.1000000015
24720  45.215  -56.627  13.651 0.1000000015
122665  46.657  -55.832  13.117 0.1000000015
118188  45.897  -56.803  13.318 0.1000000015
24718  46.570  -56.578  13.124 0.2000000030
23903  46.340  -57.323  13.108 0.2000000030
24717  47.420  -56.258  12.880 0.1000000015
23902  47.154  -57.131  12.937 0.2000000030
114553  49.768  -53.234  10.395 0.1000000015
26318  49.638  -54.042  10.694 0.1000000015
27100  48.855  -53.996  11.092 0.1000000015
26312  49.234  -54.681  11.387 0.1000000015
25526  48.595  -55.602  12.339 0.1000000015
131049  48.853  -56.200  12.469 0.1000000015
23913  48.021  -57.036  12.848 0.1000000015
27125  50.959  -52.985  9.635 0.1000000015
27107  50.291  -53.502  10.201 0.1000000015
25531  49.618  -55.287  11.754 0.1000000015
24732  49.870  -55.998  12.006 0.1000000015
24725  49.384  -56.491  12.390 0.1000000015
121994  48.777  -56.879  12.680 0.1000000015
26311  49.988  -54.867  11.132 0.1000000015
25530  50.280  -55.551  11.486 0.1000000015
24731  50.531  -56.281  11.773 0.1000000015
24724  50.087  -56.758  12.276 0.1000000015
121521  44.393  -54.882  16.963 0.1000000015
25488  44.344  -55.339  16.346 0.1000000015
25505  44.594  -55.479  15.656 0.1000000015
25517  45.403  -55.134  14.313 0.1000000015
25522  45.791  -55.368  13.601 0.1000000015
28543  47.563  -52.000  11.779 0.1000000015
27102  47.935  -52.943  11.692 0.1000000015
27097  47.631  -53.576  12.405 0.1000000015
26302  47.186  -54.697  13.070 0.1000000015
25521  46.515  -55.111  13.281 0.1000000015
28548  48.514  -51.622  10.606 0.1000000015
27828  48.148  -52.304  11.045 0.1000000015
27101  48.268  -53.768  11.636 0.1000000015
123609  47.662  -54.991  12.643 0.1000000015
25527  47.923  -55.563  12.599 0.1000000015
28547  49.281  -51.832  10.228 0.1000000015
27831  49.453  -52.691  10.376 0.1000000015
27109  48.612  -53.135  10.916 0.1000000015
26307  48.204  -54.929  12.208 0.1000000015
24726  48.272  -56.256  12.648 0.1000000015
25504  45.238  -54.995  15.246 0.1000000015
27085  45.947  -53.653  14.357 0.1000000015
26304  45.938  -54.695  13.818 0.1000000015
27811  45.975  -52.826  14.396 0.1000000015
26296  46.091  -54.101  14.004 0.1000000015
28542  47.868  -51.354  11.227 0.1000000015
27826  47.330  -52.587  12.430 0.1000000015
27820  46.880  -52.283  13.054 0.1000000015
27093  46.439  -53.497  13.736 0.1000000015
29296  48.301  -50.701  10.823 0.1000000015
17455  48.010  -65.597  10.884 0.4000000060
19118  52.877  -63.595  11.415 0.5000000000
19123  47.434  -63.869  11.049 0.4000000060
17419  43.376  -65.930  14.603 0.1000000015
19104  43.101  -63.414  12.524 0.1000000015
18261  45.875  -65.211  11.894 0.2000000030
123284  40.549  -65.888  17.811 0.1000000015
18238  41.739  -64.746  15.608 0.1000000015
19984  46.118  -62.192  11.642 0.3000000119
19126  45.031  -63.309  11.503 0.2000000030
19998  45.787  -63.016  11.377 0.2000000030
19997  46.505  -62.772  11.374 0.2000000030
20813  46.633  -61.437  12.024 0.3000000119
21562  47.181  -60.689  12.317 0.2000000030
20016  55.767  -63.438  9.774 0.5000000000
18227  40.646  -64.361  17.653 0.1000000015
115070  40.974  -62.881  16.715 0.1000000015
114812  41.287  -64.105  15.766 0.1000000015
19956  41.484  -62.603  14.584 0.1000000015
19078  41.312  -63.273  15.260 0.1000000015
19964  42.196  -62.324  13.279 0.1000000015
19987  42.841  -62.498  12.627 0.1000000015
21545  43.652  -60.777  12.852 0.1000000015
21564  44.381  -60.381  12.784 0.2000000030
123748  50.230  -60.337  12.009 0.4000000060
20834  54.734  -61.863  9.941 0.5000000000
21583  56.279  -60.827  10.509 0.5000000000
19929  40.988  -62.424  17.166 0.1000000015
20774  41.284  -61.439  16.674 0.1000000015
20796  41.713  -62.093  13.936 0.1000000015
20788  41.791  -61.299  14.236 0.1000000015
21538  41.713  -60.776  14.808 0.1000000015
124205  43.201  -60.361  13.237 0.1000000015
25543  54.791  -56.068  8.928 0.2000000030
24735  55.006  -57.414  9.808 0.2000000030
23916  52.406  -57.599  11.184 0.1000000015
23925  56.222  -58.031  9.879 0.2000000030
116716  51.398  -59.913  12.456 0.4000000060
22322  57.141  -59.876  10.815 0.5000000000
23080  56.545  -59.431  10.809 0.4000000060
23924  56.542  -58.759  9.715 0.2000000030
22324  55.762  -59.586  11.244 0.4000000060
22305  55.050  -60.083  11.717 0.5000000000
118840  53.870  -59.951  11.891 0.5000000000
21558  51.767  -60.544  12.695 0.5000000000
22331  57.063  -59.886  10.361 0.5000000000
21554  56.294  -60.781  11.266 0.5000000000
21521  41.988  -59.945  18.450 0.1000000015
21531  42.026  -60.203  15.135 0.1000000015
127003  42.340  -59.695  14.739 0.1000000015
21546  42.735  -60.368  13.654 0.1000000015
22290  43.109  -59.036  13.998 0.2000000030
130217  52.699  -56.563  10.435 0.1000000015
20755  42.902  -59.945  19.300 0.1000000015
22275  43.718  -59.187  19.006 0.1000000015
23039  42.544  -58.833  16.241 0.1000000015
23869  43.250  -57.412  16.954 0.1000000015
27123  52.197  -53.593  9.149 0.1000000015
26328  51.734  -54.219  9.692 0.1000000015
25535  51.454  -55.547  10.602 0.1000000015
23860  43.485  -57.743  18.057 0.1000000015
116357  44.436  -59.068  19.254 0.1000000015
124586  43.990  -57.800  18.786 0.1000000015
24651  44.447  -56.560  19.692 0.1000000015
24676  43.954  -55.959  18.050 0.1000000015
24685  43.598  -56.604  16.466 0.1000000015
23887  43.382  -57.452  15.043 0.1000000015
24713  43.927  -56.835  14.906 0.1000000015
23910  50.277  -57.574  12.407 0.1000000015
25469  44.099  -55.264  18.767 0.1000000015
24700  44.010  -55.970  16.029 0.1000000015
114142  44.276  -56.207  15.240 0.1000000015
25518  44.949  -55.735  14.842 0.1000000015
24712  45.183  -55.845  13.934 0.1000000015
24719  45.928  -56.092  13.433 0.1000000015
25520  47.248  -55.398  12.916 0.1000000015
27108  49.246  -53.434  10.638 0.1000000015
27830  50.160  -52.763  9.990 0.1000000015
26313  48.592  -54.486  11.717 0.1000000015
25532  48.949  -55.096  11.960 0.1000000015
25525  49.225  -55.754  12.176 0.1000000015
23911  49.454  -57.316  12.543 0.1000000015
26257  44.547  -54.337  17.630 0.1000000015
26286  44.829  -54.721  16.118 0.1000000015
114676  47.523  -51.141  11.994 0.1000000015
27092  47.160  -53.942  13.147 0.1000000015
26308  47.665  -54.415  12.582 0.1000000015
110710  46.994  -53.066  13.097 0.1000000015
27832  48.789  -52.353  10.576 0.1000000015
27086  45.655  -53.478  15.008 0.1000000015
26297  45.659  -54.324  14.627 0.1000000015
26303  46.580  -54.349  13.522 0.1000000015
27821  46.493  -52.538  13.655 0.1000000015
29292  47.836  -50.280  11.734 0.1000000015
28536  47.107  -51.576  12.645 0.1000000015
15078  48.837  -68.107  15.100 0.1000000015
15077  49.355  -68.615  14.573 0.1000000015
15839  48.983  -67.866  14.229 0.1000000015
15846  48.930  -67.718  13.201 0.1000000015
15840  48.371  -67.481  14.602 0.1000000015
16608  47.958  -66.922  14.028 0.1000000015
15071  49.150  -69.004  15.459 0.2000000030
16615  47.373  -66.716  13.223 0.1000000015
15070  49.747  -69.352  14.988 0.2000000030
15076  49.985  -69.047  14.030 0.1000000015
14317  50.306  -69.572  14.400 0.2000000030
123137  49.767  -67.966  13.003 0.1000000015
15850  48.474  -67.186  12.214 0.1000000015
14311  50.410  -70.113  14.641 0.2000000030
15849  49.328  -67.598  12.234 0.2000000030
15844  50.411  -68.602  13.224 0.2000000030
15848  50.297  -67.919  12.259 0.2000000030
16621  48.990  -66.878  11.441 0.3000000119
16620  49.746  -67.322  11.383 0.3000000119
15088  50.978  -68.534  12.602 0.2000000030
14315  51.500  -69.968  13.322 0.2000000030
15858  50.494  -67.658  11.217 0.2000000030
14325  51.416  -69.434  13.203 0.2000000030
10674  51.026  -73.818  13.376 0.1000000015
13505  51.075  -70.309  14.018 0.2000000030
15075  50.786  -69.259  13.634 0.2000000030
14316  50.933  -69.715  13.825 0.2000000030
16636  50.182  -66.911  10.726 0.3000000119
16652  50.078  -66.143  10.434 0.4000000060
11362  51.084  -72.755  14.026 0.1000000015
12732  51.126  -71.084  14.211 0.1000000015
15087  51.765  -68.796  12.337 0.2000000030
130198  51.137  -67.866  11.035 0.2000000030
11363  51.008  -73.225  13.798 0.1000000015
16651  50.684  -66.398  10.350 0.4000000060
12744  51.760  -71.405  13.758 0.2000000030
15082  51.316  -68.967  13.078 0.2000000030
13504  51.724  -70.600  13.577 0.2000000030
11371  51.232  -73.668  13.478 0.1000000015
10682  51.600  -73.951  12.779 0.2000000030
11370  51.462  -73.001  13.659 0.1000000015
12038  52.257  -72.423  13.207 0.1000000015
14324  51.951  -69.610  12.784 0.2000000030
15847  51.764  -68.367  11.367 0.2000000030
15857  51.732  -67.619  10.557 0.4000000060
12028  51.616  -72.272  13.734 0.1000000015
15856  52.479  -68.321  10.912 0.4000000060
13518  52.475  -70.344  12.696 0.3000000119
14323  52.412  -69.753  12.477 0.3000000119
12743  52.236  -70.807  13.214 0.2000000030
12751  52.585  -70.987  12.793 0.4000000060
122317  52.188  -66.911  10.253 0.4000000060
122726  52.871  -65.569  10.206 0.4000000060
15086  52.893  -68.915  11.808 0.3000000119
14332  53.354  -69.347  11.343 0.4000000060
13529  53.040  -70.224  12.011 0.3000000119
26361  54.625  -54.164  7.809 0.1000000015
25560  54.288  -55.301  8.653 0.1000000015
17465  52.168  -66.060  10.172 0.4000000060
113779  53.208  -68.274  10.655 0.4000000060
16649  53.024  -66.559  10.161 0.5000000000
15085  54.081  -69.007  11.186 0.4000000060
14333  52.884  -69.155  11.815 0.3000000119
15092  53.699  -68.927  10.822 0.4000000060
15855  53.649  -68.417  10.349 0.4000000060
26345  55.022  -54.860  8.123 0.1000000015
17464  53.765  -65.534  10.174 0.4000000060
16648  53.715  -66.566  9.893 0.5000000000
25559  55.475  -55.597  8.388 0.1000000015
24747  55.437  -56.835  9.174 0.1000000015
24763  57.044  -56.672  8.300 0.1000000015
25542  55.954  -56.389  8.608 0.1000000015
24746  56.588  -57.155  8.833 0.1000000015
15072  48.417  -68.729  15.795 0.1000000015
16614  48.146  -67.089  13.124 0.1000000015
129768  48.501  -67.368  13.854 0.1000000015
15832  48.079  -67.861  15.382 0.1000000015
15841  47.668  -67.170  14.849 0.1000000015
15063  48.854  -69.483  16.278 0.1000000015
16635  50.873  -67.274  10.592 0.3000000119
15081  51.817  -69.088  12.829 0.2000000030
16650  51.442  -66.684  10.279 0.4000000060
125572  52.520  -68.812  11.736 0.3000000119
15870  53.362  -67.585  10.154 0.4000000060
16603  46.877  -66.948  15.109 0.1000000015
12138  39.377  -72.690  5.607 0.1000000015
117212  39.813  -73.565  5.201 0.1000000015
10781  41.298  -74.320  5.327 0.1000000015
11464  38.831  -73.507  5.092 0.1000000015
10780  42.114  -74.131  5.533 0.1000000015
12125  38.307  -72.824  5.648 0.1000000015
11465  37.827  -73.518  5.093 0.1000000015
11467  36.092  -73.669  5.461 0.1000000015
10785  37.265  -74.260  4.600 0.1000000015
120063  36.030  -77.218  19.680 0.1000000015
9373  34.357  -75.618  10.453 0.1000000015
10059  34.396  -74.664  9.033 0.1000000015
12136  40.942  -72.677  5.661 0.1000000015
10736  34.062  -74.470  7.977 0.1000000015
126094  40.198  -72.944  5.499 0.1000000015
10773  35.000  -73.874  6.449 0.1000000015
11461  42.292  -73.315  5.696 0.1000000015
112932  35.415  -73.879  5.701 0.1000000015
113829  35.773  -78.356  20.902 0.1000000015
8530  36.722  -77.036  19.377 0.1000000015
8548  36.732  -76.429  18.909 0.1000000015
7234  35.896  -78.822  21.694 0.1000000015
7840  36.685  -77.836  19.889 0.1000000015
9250  38.399  -76.162  17.335 0.1000000015
9332  36.295  -76.386  12.590 0.1000000015
114855  35.666  -77.162  10.996 0.1000000015
12137  40.180  -72.412  5.811 0.1000000015
11456  37.402  -72.997  5.814 0.1000000015
12121  42.449  -72.459  6.081 0.1000000015
10771  43.477  -74.225  6.196 0.1000000015
115586  42.718  -74.737  5.925 0.1000000015
8529  37.349  -77.495  19.491 0.1000000015
8547  37.533  -76.910  18.897 0.1000000015
7233  36.804  -79.182  21.687 0.1000000015
7251  36.583  -78.728  21.019 0.1000000015
7824  36.373  -78.270  20.468 0.1000000015
8546  38.505  -77.242  18.576 0.1000000015
9240  38.051  -76.465  18.140 0.1000000015
9260  39.215  -76.371  16.150 0.1000000015
9291  38.731  -76.082  14.569 0.1000000015
9292  37.952  -75.755  14.215 0.1000000015
9314  38.481  -76.388  13.789 0.1000000015
9331  37.221  -76.591  12.758 0.1000000015
7937  36.294  -77.778  11.072 0.1000000015
7968  36.178  -77.641  10.912 0.1000000015
8667  36.043  -77.082  10.750 0.1000000015
10045  34.851  -75.151  10.029 0.1000000015
117977  36.119  -73.217  7.754 0.1000000015
12122  41.559  -72.077  6.006 0.1000000015
12124  39.692  -71.977  6.416 0.1000000015
116652  38.696  -72.258  6.320 0.1000000015
11450  37.032  -72.681  6.669 0.1000000015
11458  35.797  -73.472  6.456 0.1000000015
11455  42.999  -73.321  6.105 0.1000000015
120927  42.750  -73.952  5.790 0.1000000015
8561  39.779  -77.316  17.366 0.1000000015
130491  37.429  -79.527  21.731 0.1000000015
7250  37.519  -79.061  21.086 0.1000000015
7823  37.141  -78.465  20.436 0.1000000015
7839  37.628  -78.093  19.849 0.1000000015
7853  38.852  -78.074  18.917 0.1000000015
8545  39.366  -77.612  18.240 0.1000000015
9249  39.161  -76.553  16.929 0.1000000015
8581  39.762  -77.027  14.915 0.1000000015
8595  38.862  -77.169  13.388 0.1000000015
7935  37.716  -78.639  11.087 0.1000000015
7232  38.094  -79.676  21.475 0.1000000015
7249  38.471  -79.257  20.816 0.1000000015
7822  38.054  -78.639  20.385 0.1000000015
7838  38.445  -78.346  19.656 0.1000000015
8612  37.675  -77.389  12.268 0.1000000015
8630  37.247  -77.978  11.486 0.1000000015
7967  36.724  -77.640  10.632 0.1000000015
10044  36.276  -75.326  10.328 0.1000000015
128988  36.236  -76.538  10.462 0.1000000015
11436  35.860  -73.573  8.509 0.1000000015
10720  35.968  -74.326  9.442 0.1000000015
12110  38.204  -71.917  7.841 0.1000000015
123700  36.463  -73.160  8.410 0.1000000015
10735  35.035  -74.104  8.489 0.1000000015
12861  40.422  -71.497  6.839 0.1000000015
123428  38.200  -72.073  6.966 0.1000000015
12111  37.548  -72.275  7.297 0.1000000015
12108  42.892  -72.034  6.725 0.1000000015
12120  43.300  -72.623  6.508 0.1000000015
10770  44.137  -73.979  6.595 0.1000000015
11454  43.735  -73.370  6.464 0.1000000015
10753  45.339  -74.143  7.433 0.1000000015
11448  45.043  -73.323  7.323 0.1000000015
8568  40.285  -77.606  16.730 0.1000000015
8569  39.782  -77.018  16.343 0.1000000015
6634  39.683  -80.286  20.727 0.1000000015
7263  39.278  -79.559  20.440 0.1000000015
126351  39.473  -79.252  19.778 0.1000000015
7852  39.763  -78.480  18.583 0.1000000015
7865  40.024  -77.944  17.921 0.1000000015
7864  40.428  -77.990  17.319 0.1000000015
8580  40.379  -77.589  15.112 0.1000000015
108158  39.471  -77.516  13.638 0.1000000015
7934  38.458  -78.573  11.400 0.1000000015
6635  38.876  -79.958  21.139 0.1000000015
7264  38.855  -78.911  20.124 0.1000000015
7951  38.426  -78.700  10.162 0.1000000015
112764  37.866  -78.350  10.318 0.1000000015
125686  37.094  -77.540  10.298 0.1000000015
120029  37.593  -77.122  10.312 0.1000000015
9370  37.106  -76.172  10.292 0.1000000015
10042  37.569  -75.497  10.331 0.1000000015
10043  36.803  -74.871  10.259 0.1000000015
11419  37.099  -73.036  8.757 0.1000000015
110756  37.296  -73.685  9.502 0.1000000015
12846  41.655  -71.233  7.148 0.1000000015
12847  40.932  -71.117  7.423 0.1000000015
129086  40.314  -71.274  7.428 0.1000000015
12849  38.900  -71.603  7.881 0.1000000015
12097  37.492  -72.347  8.248 0.1000000015
127676  42.220  -71.162  7.338 0.1000000015
12859  42.146  -71.647  6.639 0.1000000015
12845  42.890  -71.440  7.249 0.1000000015
12107  43.711  -71.952  7.097 0.1000000015
12119  43.956  -72.731  6.843 0.1000000015
10734  45.941  -74.309  7.985 0.1000000015
6065  39.445  -81.476  21.771 0.1000000015
113657  38.758  -81.070  22.190 0.1000000015
6624  38.468  -80.354  21.846 0.1000000015
6646  40.513  -80.602  19.276 0.1000000015
6664  40.375  -79.906  18.885 0.1000000015
8575  40.383  -77.616  15.969 0.1000000015
6623  39.274  -80.668  21.508 0.1000000015
6647  40.034  -79.875  19.838 0.1000000015
7280  39.832  -79.286  19.113 0.1000000015
114884  40.802  -78.572  17.269 0.1000000015
7891  40.869  -78.206  15.498 0.1000000015
7896  40.778  -78.266  14.616 0.1000000015
7340  40.173  -78.914  12.901 0.1000000015
7353  39.248  -78.635  11.440 0.1000000015
7908  40.485  -78.552  13.751 0.1000000015
7365  39.780  -78.513  11.337 0.1000000015
7965  39.028  -78.271  9.987 0.1000000015
8664  38.092  -77.959  10.238 0.1000000015
9369  37.851  -76.288  10.362 0.1000000015
9368  38.320  -77.108  10.429 0.1000000015
10041  38.073  -75.480  10.357 0.1000000015
125267  38.158  -74.753  10.337 0.1000000015
128807  37.626  -72.572  8.976 0.1000000015
11418  37.613  -73.079  9.501 0.1000000015
12835  40.190  -71.082  8.162 0.1000000015
12837  38.607  -71.620  8.619 0.1000000015
12834  41.711  -70.750  7.882 0.1000000015
116375  40.941  -70.758  8.233 0.1000000015
12833  42.669  -70.763  7.851 0.1000000015
12844  44.433  -71.594  7.595 0.1000000015
12106  44.630  -72.435  7.278 0.1000000015
12105  45.365  -72.658  7.639 0.1000000015
11434  45.741  -73.383  7.756 0.1000000015
7293  41.584  -79.660  16.284 0.1000000015
6702  42.257  -80.006  14.534 0.1000000015
5566  40.039  -82.170  21.240 0.1000000015
6077  39.996  -81.103  21.051 0.1000000015
6089  40.230  -80.821  20.129 0.1000000015
6101  40.828  -81.210  18.616 0.1000000015
6663  40.846  -79.939  18.115 0.1000000015
7320  41.688  -79.625  14.393 0.1000000015
7338  41.354  -79.769  13.648 0.1000000015
7287  40.876  -79.214  17.638 0.1000000015
7305  41.216  -78.976  15.886 0.1000000015
7339  40.792  -79.421  13.249 0.1000000015
120154  41.078  -79.373  11.458 0.1000000015
8651  39.608  -77.547  10.819 0.1000000015
7351  40.605  -79.601  12.243 0.1000000015
112038  40.557  -79.098  11.578 0.1000000015
10031  38.997  -76.264  10.944 0.1000000015
10707  38.183  -73.884  10.854 0.1000000015
117339  37.811  -73.850  9.988 0.1000000015
12817  39.008  -71.161  9.778 0.1000000015
12082  38.030  -72.419  9.576 0.1000000015
13598  40.496  -70.535  8.972 0.1000000015
119590  38.946  -71.309  9.145 0.1000000015
13596  42.269  -70.276  8.617 0.1000000015
13595  43.231  -70.271  8.459 0.1000000015
12832  43.691  -71.031  7.807 0.1000000015
109261  41.821  -82.075  17.074 0.1000000015
5577  40.827  -82.322  19.713 0.1000000015
5598  41.721  -82.458  17.555 0.1000000015
6123  42.152  -81.572  16.552 0.1000000015
6686  42.065  -80.556  16.183 0.1000000015
6701  42.616  -80.302  14.190 0.1000000015
5565  40.626  -82.631  20.505 0.1000000015
6088  40.680  -81.439  19.496 0.1000000015
6111  41.612  -81.186  17.089 0.1000000015
6676  41.324  -80.079  17.143 0.1000000015
6718  41.944  -80.152  13.724 0.1000000015
110744  42.419  -80.245  13.149 0.1000000015
7363  41.771  -79.459  11.381 0.1000000015
6735  41.172  -80.026  12.011 0.1000000015
9348  40.178  -77.061  11.287 0.1000000015
125985  39.486  -76.863  10.966 0.1000000015
10025  39.191  -75.486  11.324 0.1000000015
10026  38.632  -74.723  11.162 0.1000000015
12060  38.478  -72.900  11.276 0.1000000015
11401  38.049  -73.041  10.262 0.1000000015
124835  38.841  -71.440  10.467 0.1000000015
13597  41.347  -70.358  8.813 0.1000000015
12816  39.601  -70.877  9.230 0.1000000015
13573  43.730  -69.915  9.151 0.1000000015
123798  44.830  -70.523  8.701 0.1000000015
5587  41.495  -82.611  18.239 0.1000000015
5617  42.441  -81.524  16.633 0.1000000015
6691  42.850  -80.479  14.923 0.1000000015
5588  40.982  -82.093  18.801 0.1000000015
6131  42.629  -80.837  15.953 0.1000000015
6733  42.687  -80.070  12.555 0.1000000015
7361  42.984  -79.251  12.083 0.1000000015
7373  42.072  -78.982  11.157 0.1000000015
8629  41.886  -78.046  11.561 0.1000000015
115537  40.602  -76.304  11.889 0.1000000015
9349  39.714  -76.252  11.437 0.1000000015
10700  39.418  -74.649  11.797 0.1000000015
12059  39.236  -72.332  11.831 0.1000000015
10701  38.762  -73.877  11.710 0.1000000015
12797  39.578  -70.776  10.393 0.1000000015
125491  38.790  -71.991  11.124 0.1000000015
13554  41.283  -70.018  10.499 0.1000000015
14355  42.472  -69.588  10.336 0.1000000015
13575  41.864  -70.069  9.661 0.1000000015
13577  40.169  -70.458  9.749 0.1000000015
13552  45.796  -70.029  9.940 0.1000000015
12795  47.021  -71.064  9.914 0.1000000015
112989  41.985  -82.691  17.081 0.1000000015
5607  42.595  -82.281  17.012 0.1000000015
6145  43.056  -80.313  14.628 0.1000000015
6732  43.118  -80.031  12.901 0.1000000015
7349  43.220  -79.786  12.800 0.1000000015
5102  42.537  -83.287  17.631 0.1000000015
6146  42.935  -80.325  13.952 0.1000000015
7933  42.410  -78.642  11.538 0.1000000015
111251  41.370  -76.260  12.384 0.1000000015
10699  40.407  -74.534  12.218 0.1000000015
10690  39.633  -73.833  12.266 0.1000000015
13544  41.017  -70.404  11.460 0.1000000015
12777  39.483  -71.325  11.433 0.1000000015
12796  40.142  -70.683  11.208 0.1000000015
14368  43.375  -69.542  9.936 0.1000000015
14367  44.179  -69.593  9.786 0.1000000015
14366  44.962  -69.773  9.800 0.1000000015
13541  47.750  -70.179  11.503 0.1000000015
12762  49.546  -72.120  12.539 0.1000000015
5597  43.381  -82.367  17.537 0.1000000015
5112  43.028  -82.837  17.435 0.1000000015
5615  43.321  -80.783  16.377 0.1000000015
6700  43.972  -79.974  14.832 0.1000000015
7895  44.158  -79.236  14.234 0.1000000015
7907  43.472  -78.982  13.034 0.1000000015
6144  43.405  -80.279  15.218 0.1000000015
122852  43.693  -79.898  14.077 0.1000000015
8609  42.544  -77.607  12.781 0.1000000015
9346  41.725  -77.139  12.324 0.1000000015
10698  41.263  -74.339  12.482 0.1000000015
117024  41.030  -72.836  12.435 0.1000000015
12058  40.233  -71.996  12.227 0.1000000015
14318  45.428  -69.997  14.511 0.1000000015
14327  45.311  -69.629  13.756 0.1000000015
113370  45.159  -69.204  12.942 0.1000000015
14338  43.564  -69.226  12.391 0.1000000015
14346  43.549  -69.291  11.451 0.1000000015
12776  40.481  -71.102  11.999 0.1000000015
13509  46.223  -70.023  14.112 0.1000000015
14326  45.990  -69.554  13.134 0.1000000015
14337  44.953  -69.121  12.105 0.1000000015
13553  41.824  -69.757  11.166 0.1000000015
110623  45.957  -70.070  15.185 0.1000000015
13508  47.018  -69.921  15.128 0.1000000015
13521  46.809  -69.801  13.289 0.1000000015
14336  45.802  -69.317  12.280 0.1000000015
14345  44.575  -69.285  11.198 0.1000000015
14354  43.182  -69.412  10.695 0.1000000015
13507  48.044  -70.071  14.944 0.1000000015
14352  45.294  -69.554  10.545 0.1000000015
13531  47.779  -69.872  12.720 0.1000000015
14351  46.170  -69.694  10.735 0.1000000015
12746  49.933  -71.493  14.938 0.1000000015
13540  48.564  -70.581  12.059 0.1000000015
12761  49.766  -72.075  13.478 0.1000000015
116889  43.598  -80.977  17.311 0.1000000015
5605  43.409  -81.568  17.188 0.1000000015
118685  44.060  -80.087  16.537 0.1000000015
6685  44.785  -79.809  15.897 0.1000000015
7319  44.287  -79.677  14.699 0.1000000015
6690  44.544  -79.904  15.385 0.1000000015
124385  44.641  -79.455  14.943 0.1000000015
8594  43.632  -78.137  14.032 0.1000000015
110126  43.004  -77.888  13.266 0.1000000015
109593  42.490  -76.956  13.514 0.1000000015
9330  42.025  -77.007  13.015 0.1000000015
124474  41.773  -75.379  12.679 0.1000000015
120119  41.401  -72.783  12.729 0.1000000015
12774  41.365  -71.265  12.855 0.1000000015
14328  44.464  -69.307  13.513 0.1000000015
14339  42.802  -69.491  12.084 0.1000000015
13543  41.677  -70.417  12.113 0.1000000015
14319  44.667  -69.755  14.347 0.1000000015
12719  48.025  -70.232  16.378 0.1000000015
12737  48.179  -70.538  15.962 0.1000000015
6675  43.822  -80.047  17.273 0.1000000015
7292  45.112  -79.327  16.073 0.1000000015
7286  44.604  -79.565  16.510 0.1000000015
7889  44.838  -79.069  15.196 0.1000000015
128966  44.412  -78.106  14.891 0.1000000015
7303  44.915  -79.543  15.436 0.1000000015
8579  43.788  -77.319  14.594 0.1000000015
125965  43.075  -77.135  14.117 0.1000000015
9313  42.709  -76.201  14.114 0.1000000015
110600  42.188  -75.911  13.509 0.1000000015
11388  41.441  -73.619  12.758 0.1000000015
10689  41.789  -74.597  12.773 0.1000000015
12049  41.427  -72.372  13.150 0.1000000015
14320  43.748  -69.453  14.059 0.1000000015
14321  42.912  -69.492  13.621 0.1000000015
13533  41.967  -70.193  12.614 0.1000000015
12057  41.105  -72.047  12.462 0.1000000015
13495  45.622  -69.728  15.949 0.1000000015
13511  44.133  -69.930  14.958 0.1000000015
7876  45.214  -78.560  16.480 0.1000000015
7888  45.209  -78.948  15.861 0.1000000015
125972  44.563  -77.631  15.613 0.1000000015
9288  44.143  -77.068  15.098 0.1000000015
9289  43.455  -76.408  14.691 0.1000000015
9994  42.895  -75.775  14.463 0.1000000015
10007  42.458  -75.441  13.924 0.1000000015
10013  42.270  -75.117  13.419 0.1000000015
10688  42.048  -74.619  13.240 0.1000000015
11380  41.627  -73.346  13.397 0.1000000015
11387  41.588  -73.073  13.000 0.1000000015
12763  41.414  -71.161  13.066 0.1000000015
13522  42.024  -70.050  13.095 0.1000000015
13510  45.065  -70.034  15.121 0.1000000015
124872  47.089  -70.151  16.465 0.1000000015
14302  48.453  -69.741  16.549 0.1000000015
8567  45.057  -77.570  16.384 0.1000000015
9974  43.791  -76.546  16.017 0.1000000015
9975  43.577  -75.992  15.294 0.1000000015
9272  43.799  -76.379  15.246 0.1000000015
10687  42.268  -74.805  13.689 0.1000000015
118172  41.848  -74.149  13.574 0.1000000015
12040  41.377  -72.063  13.412 0.1000000015
12755  41.484  -70.902  13.244 0.1000000015
14286  47.645  -69.531  16.747 0.1000000015
15064  48.024  -69.266  16.441 0.1000000015
10662  43.097  -75.529  15.071 0.1000000015
111677  43.321  -75.807  14.899 0.1000000015
10672  42.272  -74.857  14.520 0.1000000015
10677  42.526  -75.272  14.406 0.1000000015
10678  42.124  -74.416  13.972 0.1000000015
11373  41.758  -73.519  13.792 0.1000000015
119594  41.568  -72.838  13.554 0.1000000015
14287  46.512  -69.709  16.743 0.1000000015
118272  42.135  -69.761  13.839 0.1000000015
15050  46.946  -69.445  17.041 0.1000000015
10663  42.404  -75.135  15.336 0.1000000015
11358  41.753  -74.159  14.912 0.1000000015
12032  41.562  -72.345  14.073 0.1000000015
11367  41.712  -73.185  14.216 0.1000000015
11366  41.898  -73.929  14.094 0.1000000015
12738  41.123  -71.477  14.453 0.1000000015
12031  41.641  -72.760  13.703 0.1000000015
12756  41.465  -71.726  13.615 0.1000000015
14303  45.845  -69.509  16.342 0.1000000015
13479  45.211  -69.357  16.454 0.1000000015
13496  44.677  -69.618  15.854 0.1000000015
13512  43.036  -69.784  14.695 0.1000000015
129834  41.805  -70.221  13.400 0.1000000015
15065  47.309  -68.992  16.823 0.1000000015
13497  43.732  -69.651  15.766 0.1000000015
125561  41.272  -70.504  14.734 0.1000000015
117984  41.861  -69.779  14.682 0.1000000015
13513  41.609  -70.529  13.908 0.1000000015
8653  34.886  -76.623  11.296 0.1000000015
9372  35.444  -76.141  10.556 0.1000000015
10058  35.390  -74.699  9.714 0.1000000015
11463  40.697  -73.546  5.358 0.1000000015
11462  41.526  -73.446  5.503 0.1000000015
11457  36.574  -73.191  6.063 0.1000000015
10756  35.419  -73.593  7.468 0.1000000015
10786  36.442  -74.057  4.882 0.1000000015
8510  35.659  -77.764  20.198 0.1000000015
10046  33.802  -75.142  9.515 0.1000000015
8668  35.094  -76.543  10.896 0.1000000015
10757  34.597  -74.113  7.294 0.1000000015
112436  36.755  -77.172  12.007 0.1000000015
8631  36.357  -77.706  11.267 0.1000000015
12123  40.685  -71.967  6.135 0.1000000015
12126  37.835  -72.438  6.405 0.1000000015
8528  38.047  -77.717  19.222 0.1000000015
8562  38.923  -76.855  17.795 0.1000000015
9290  39.293  -76.432  14.911 0.1000000015
9273  38.871  -75.998  15.468 0.1000000015
8576  39.515  -76.628  15.551 0.1000000015
8582  39.248  -76.863  14.205 0.1000000015
7952  36.871  -78.058  10.841 0.1000000015
117918  36.728  -77.070  10.408 0.1000000015
11435  36.795  -72.699  7.730 0.1000000015
12860  41.242  -71.514  6.597 0.1000000015
12109  38.869  -71.826  7.112 0.1000000015
7897  40.001  -77.695  14.241 0.1000000015
7923  38.979  -78.426  12.190 0.1000000015
7924  38.087  -78.212  11.813 0.1000000015
7837  39.184  -78.751  19.342 0.1000000015
11420  36.744  -73.877  9.216 0.1000000015
7279  40.377  -79.225  18.402 0.1000000015
7851  40.453  -78.526  17.900 0.1000000015
7922  39.627  -78.470  12.720 0.1000000015
120207  38.990  -78.575  10.909 0.1000000015
10719  37.542  -74.573  10.077 0.1000000015
12836  39.286  -71.304  8.416 0.1000000015
127566  40.736  -80.490  18.559 0.1000000015
7890  41.413  -78.852  14.958 0.1000000015
7352  39.853  -78.886  12.136 0.1000000015
7321  41.056  -79.124  14.127 0.1000000015
7375  40.372  -78.551  11.381 0.1000000015
7950  39.626  -78.153  10.849 0.1000000015
8663  38.979  -77.857  10.408 0.1000000015
9356  38.453  -76.263  10.555 0.1000000015
12818  38.478  -71.684  9.562 0.1000000015
13594  44.145  -70.385  8.498 0.1000000015
12095  45.275  -71.774  7.923 0.1000000015
6692  42.559  -80.337  15.177 0.1000000015
7304  41.933  -79.667  15.326 0.1000000015
6076  40.478  -81.706  20.400 0.1000000015
6112  40.977  -80.818  17.833 0.1000000015
7364  40.848  -79.637  11.706 0.1000000015
7374  41.475  -78.848  11.272 0.1000000015
7949  40.683  -78.303  11.352 0.1000000015
10032  38.515  -75.537  10.678 0.1000000015
12070  38.350  -72.180  10.398 0.1000000015
12830  45.420  -70.987  8.621 0.1000000015
5599  41.310  -81.782  17.863 0.1000000015
6717  43.102  -80.111  13.179 0.1000000015
6745  42.160  -79.919  11.862 0.1000000015
9347  41.103  -77.341  11.718 0.1000000015
10024  40.080  -75.421  11.851 0.1000000015
13574  42.824  -69.919  9.324 0.1000000015
116448  44.539  -70.047  9.163 0.1000000015
13571  46.195  -70.805  9.341 0.1000000015
6130  42.813  -80.704  15.804 0.1000000015
5616  42.810  -81.485  16.696 0.1000000015
7921  42.892  -78.378  12.313 0.1000000015
129252  39.110  -73.179  11.994 0.1000000015
11382  39.949  -72.965  12.330 0.1000000015
13555  40.472  -70.334  10.518 0.1000000015
126655  46.647  -70.277  10.220 0.1000000015
13551  47.455  -70.555  10.630 0.1000000015
12773  48.271  -70.930  11.102 0.1000000015
5606  43.108  -81.955  17.179 0.1000000015
7337  43.596  -79.663  13.382 0.1000000015
10023  41.214  -75.234  12.248 0.1000000015
11389  40.697  -73.702  12.462 0.1000000015
127171  43.903  -69.386  10.549 0.1000000015
13542  46.979  -69.927  11.027 0.1000000015
13532  47.145  -69.773  11.824 0.1000000015
126734  49.285  -71.232  12.752 0.1000000015
10022  41.808  -76.094  12.946 0.1000000015
113009  44.346  -69.128  12.706 0.1000000015
111618  44.204  -69.139  11.974 0.1000000015
14347  42.647  -69.451  11.275 0.1000000015
122602  42.237  -69.827  11.858 0.1000000015
12775  41.179  -71.191  12.458 0.1000000015
13494  46.571  -70.063  16.113 0.1000000015
116935  47.378  -69.916  13.983 0.1000000015
14344  45.557  -69.360  11.400 0.1000000015
14343  46.425  -69.534  11.592 0.1000000015
14335  46.683  -69.583  12.463 0.1000000015
13520  48.380  -70.187  13.892 0.1000000015
13530  48.661  -70.516  13.032 0.1000000015
12753  49.903  -71.884  14.364 0.1000000015
12754  49.260  -71.077  13.954 0.1000000015
12056  41.356  -72.210  12.854 0.1000000015
14329  43.644  -69.225  13.217 0.1000000015
14330  42.820  -69.484  12.857 0.1000000015
13454  47.328  -69.932  16.868 0.1000000015
10014  42.095  -75.184  13.048 0.1000000015
11381  41.568  -74.183  12.952 0.1000000015
13478  46.219  -69.727  16.545 0.1000000015
15869  53.706  -67.740  9.745 0.4000000060
13539  53.508  -69.869  10.807 0.3000000119
119131  54.600  -68.856  10.563 0.3000000119
127284  54.606  -68.852  10.520 0.3000000119
15868  53.901  -67.850  9.394 0.4000000060
15100  54.379  -69.139  10.254 0.3000000119
10779  47.791  -74.468  5.672 0.1000000015
126710  48.739  -74.178  5.601 0.1000000015
10767  49.950  -73.362  7.060 0.2000000030
12092  50.363  -72.558  8.193 0.3000000119
17501  53.823  -65.497  6.766 0.4000000060
13528  53.106  -70.026  11.720 0.3000000119
13591  51.448  -70.905  8.909 0.4000000060
14389  52.588  -69.443  8.385 0.4000000060
123262  50.207  -73.116  7.910 0.2000000030
121702  51.809  -70.099  8.641 0.4000000060
15131  52.926  -68.488  7.879 0.4000000060
16673  53.648  -66.685  7.161 0.4000000060
10104  47.008  -75.106  5.556 0.1000000015
11447  50.199  -73.066  7.285 0.3000000119
15132  51.867  -68.820  7.876 0.4000000060
122322  52.977  -67.631  7.199 0.4000000060
16674  53.353  -66.578  6.703 0.4000000060
10792  47.186  -74.352  4.761 0.1000000015
18337  53.927  -64.730  6.957 0.5000000000
11453  50.153  -73.027  6.456 0.2000000030
12104  50.309  -72.931  7.569 0.3000000119
111892  50.781  -70.244  8.683 0.3000000119
15893  52.188  -67.953  7.488 0.4000000060
19167  54.166  -64.481  7.648 0.4000000060
20017  54.814  -63.507  9.032 0.4000000060
14380  51.363  -69.518  8.370 0.4000000060
115306  52.342  -66.956  6.982 0.4000000060
16693  53.137  -65.594  6.452 0.4000000060
17502  53.443  -65.247  6.531 0.5000000000
10797  47.873  -73.562  4.300 0.2000000030
10791  48.346  -73.987  4.996 0.2000000030
10790  49.366  -73.779  5.201 0.2000000030
12118  50.212  -72.845  6.746 0.2000000030
10777  49.860  -73.416  6.220 0.2000000030
13592  50.426  -71.082  8.538 0.3000000119
10798  46.798  -73.889  3.896 0.1000000015
12827  50.119  -71.841  8.094 0.3000000119
15123  50.809  -68.880  8.080 0.4000000060
15894  51.500  -67.458  7.518 0.4000000060
18354  53.352  -64.738  6.837 0.5000000000
19168  53.631  -64.395  7.460 0.5000000000
19158  54.022  -63.986  8.184 0.4000000060
15133  51.179  -68.176  7.783 0.4000000060
121487  52.012  -66.108  6.934 0.4000000060
18355  52.910  -64.957  6.598 0.5000000000
113309  52.867  -64.312  7.647 0.5000000000
20030  53.275  -63.959  8.235 0.4000000060
11474  49.116  -73.517  4.539 0.2000000030
11460  49.951  -73.069  5.574 0.2000000030
12134  50.016  -72.716  5.703 0.2000000030
12842  50.055  -72.389  7.202 0.4000000060
12857  50.042  -72.504  6.229 0.2000000030
12828  49.807  -71.062  8.096 0.3000000119
12843  49.610  -71.483  7.357 0.4000000060
13593  49.764  -70.258  8.393 0.3000000119
16694  52.317  -65.334  6.825 0.5000000000
20018  53.880  -63.207  8.563 0.4000000060
20009  54.297  -62.635  9.413 0.4000000060
13606  49.220  -70.627  7.646 0.4000000060
130737  50.019  -68.900  8.166 0.4000000060
19191  52.524  -64.492  7.319 0.5000000000
11473  49.845  -73.198  4.857 0.2000000030
11480  48.805  -73.241  3.796 0.2000000030
20010  53.441  -62.615  9.117 0.4000000060
14381  50.305  -69.531  8.423 0.3000000119
15124  50.242  -68.265  8.012 0.4000000060
16676  51.221  -66.632  7.459 0.4000000060
11481  47.635  -73.544  3.396 0.2000000030
11472  49.959  -72.687  4.767 0.2000000030
12858  49.591  -71.786  6.202 0.3000000119
117496  49.001  -70.916  6.635 0.4000000060
14382  49.489  -69.351  8.231 0.3000000119
17490  51.360  -65.628  7.266 0.5000000000
19169  51.896  -63.834  7.729 0.5000000000
11479  50.014  -73.109  4.093 0.2000000030
15887  49.671  -67.554  8.072 0.4000000060
16677  50.162  -66.704  7.892 0.4000000060
20031  52.348  -63.587  8.102 0.5000000000
122172  52.693  -62.313  9.164 0.4000000060
115933  56.769  -59.416  9.766 0.4000000060
11488  47.491  -73.649  2.390 0.2000000030
12147  50.263  -72.678  4.187 0.2000000030
121091  49.973  -72.303  4.716 0.2000000030
12869  49.837  -72.184  5.342 0.2000000030
14390  48.862  -69.855  7.953 0.4000000060
18338  50.503  -64.425  7.446 0.5000000000
19192  51.506  -63.936  7.564 0.5000000000
112603  46.445  -74.006  1.973 0.2000000030
17491  50.566  -65.181  7.550 0.5000000000
18356  52.019  -64.634  7.311 0.5000000000
20019  52.938  -63.120  8.594 0.5000000000
11505  47.300  -73.649  1.375 0.2000000030
22354  56.717  -59.435  9.003 0.2000000030
21584  55.498  -60.985  10.012 0.4000000060
20835  53.600  -61.905  9.582 0.4000000060
20020  51.938  -62.841  8.627 0.4000000060
117651  52.722  -61.428  9.594 0.4000000060
11487  48.606  -73.228  2.824 0.2000000030
12146  50.774  -72.005  3.958 0.2000000030
12878  50.291  -71.684  4.371 0.2000000030
11486  49.879  -72.906  3.246 0.2000000030
22340  55.000  -60.124  9.657 0.4000000060
123380  51.851  -61.069  9.580 0.4000000060
19193  50.646  -63.486  7.617 0.5000000000
127801  51.194  -63.104  7.965 0.5000000000
20836  51.797  -61.959  9.221 0.4000000060
15125  49.313  -68.452  8.172 0.4000000060
126053  49.847  -65.814  7.904 0.4000000060
13607  48.395  -70.200  7.034 0.4000000060
18339  49.981  -63.839  7.426 0.5000000000
12153  50.669  -72.449  3.619 0.2000000030
22341  53.523  -59.849  9.649 0.4000000060
20844  50.985  -62.368  8.515 0.5000000000
20021  50.321  -62.567  7.932 0.5000000000
16659  49.105  -66.666  8.177 0.4000000060
19170  50.893  -63.356  7.714 0.5000000000
17492  49.685  -64.712  7.686 0.5000000000
15099  54.069  -68.799  9.843 0.4000000060
15892  53.667  -67.269  7.249 0.4000000060
21585  53.924  -60.938  9.905 0.4000000060
19171  50.069  -63.047  7.630 0.5000000000
12067  52.232  -71.459  10.589 0.3000000119
13550  53.504  -70.121  10.186 0.3000000119
13568  53.991  -69.442  9.960 0.2000000030
14364  54.189  -69.013  9.830 0.2000000030
11397  51.979  -73.163  10.560 0.2000000030
12078  51.786  -72.238  10.413 0.3000000119
12812  51.917  -71.205  9.889 0.3000000119
13570  52.704  -70.316  9.365 0.3000000119
11414  51.436  -72.927  10.067 0.2000000030
12079  51.220  -72.214  9.792 0.2000000030
10820  46.495  -74.768  -0.105 0.1000000015
14432  48.063  -69.863  3.677 0.1000000015
12046  52.677  -72.552  12.405 0.1000000015
12770  52.941  -70.446  11.533 0.2000000030
13549  53.858  -69.447  10.452 0.2000000030
12053  52.536  -71.689  11.189 0.2000000030
12792  52.661  -70.737  10.729 0.2000000030
10694  52.059  -74.019  10.913 0.1000000015
120015  52.421  -73.289  11.153 0.2000000030
10011  50.952  -75.288  12.185 0.1000000015
10017  51.008  -75.186  11.097 0.1000000015
10801  46.534  -73.842  2.950 0.1000000015
10806  46.483  -74.393  0.956 0.1000000015
12892  51.359  -70.888  2.591 0.1000000015
13645  51.092  -70.718  3.214 0.1000000015
13634  49.309  -70.583  3.749 0.1000000015
14420  48.416  -69.964  4.178 0.1000000015
12909  51.244  -70.828  1.592 0.1000000015
13646  50.340  -70.530  3.098 0.1000000015
14411  47.941  -69.626  5.175 0.1000000015
13647  49.004  -70.326  3.240 0.1000000015
14413  47.135  -69.207  4.914 0.1000000015
15153  46.627  -68.834  5.617 0.1000000015
15146  46.015  -68.308  6.068 0.1000000015
12054  52.681  -72.571  11.538 0.2000000030
125223  51.926  -74.152  11.885 0.1000000015
13618  48.940  -71.105  5.463 0.1000000015
116097  48.747  -67.640  8.167 0.3000000119
11503  49.557  -72.772  2.249 0.1000000015
12164  50.697  -72.283  2.713 0.1000000015
13632  50.970  -71.167  3.850 0.1000000015
14401  47.754  -69.585  6.357 0.2000000030
15134  48.287  -68.458  7.800 0.3000000119
16660  48.357  -66.235  8.298 0.3000000119
17494  47.898  -64.976  7.915 0.3000000119
12879  49.572  -70.960  4.361 0.1000000015
15143  47.588  -68.937  6.896 0.2000000030
16661  47.619  -66.195  8.345 0.3000000119
12181  50.510  -72.160  1.660 0.1000000015
14402  47.314  -69.222  5.904 0.1000000015
15898  46.782  -67.299  7.636 0.2000000030
16662  46.689  -66.024  8.326 0.3000000119
127775  46.496  -67.770  7.088 0.1000000015
113430  46.022  -67.260  7.446 0.2000000030
17473  45.955  -65.444  8.173 0.4000000060
15154  45.618  -68.360  5.493 0.1000000015
15907  45.931  -67.818  6.746 0.1000000015
16679  45.459  -66.624  7.777 0.3000000119
14300  49.839  -70.391  16.075 0.1000000015
12715  50.200  -71.192  15.756 0.1000000015
20032  49.811  -62.614  7.781 0.4000000060
19172  49.580  -63.234  7.534 0.4000000060
17471  48.950  -65.658  8.098 0.3000000119
17493  48.679  -64.788  7.823 0.4000000060
18340  49.101  -63.783  7.500 0.4000000060
18319  47.258  -64.569  7.941 0.4000000060
118063  47.707  -63.561  7.493 0.4000000060
121802  46.692  -65.280  8.217 0.4000000060
18320  46.288  -64.638  8.044 0.5000000000
16663  45.743  -66.098  8.133 0.3000000119
18321  45.361  -64.781  8.131 0.5000000000
15908  45.299  -67.810  6.236 0.1000000015
17474  45.055  -65.576  8.163 0.4000000060
14434  45.931  -69.502  4.657 0.1000000015
15155  44.724  -68.415  5.319 0.1000000015
114289  44.548  -67.366  6.450 0.2000000030
16680  44.534  -66.491  7.657 0.2000000030
109505  46.524  -70.991  3.654 0.1000000015
13649  45.728  -70.647  4.101 0.1000000015
15915  44.414  -67.829  5.766 0.2000000030
13667  46.530  -71.331  2.667 0.1000000015
12886  45.561  -71.334  3.217 0.1000000015
20845  50.216  -61.933  8.292 0.4000000060
20857  49.791  -62.258  7.916 0.4000000060
109035  48.898  -62.980  7.456 0.4000000060
20033  49.279  -62.646  7.690 0.4000000060
19173  48.177  -62.833  7.343 0.4000000060
20859  48.782  -62.140  7.752 0.4000000060
18342  46.774  -63.755  7.792 0.4000000060
19175  46.310  -63.044  7.750 0.4000000060
19174  47.296  -62.885  7.459 0.4000000060
18343  45.793  -63.913  7.955 0.5000000000
18344  44.770  -64.058  8.062 0.4000000060
16681  43.542  -66.243  7.519 0.3000000119
17475  44.072  -65.747  8.088 0.4000000060
17476  44.364  -64.928  8.215 0.4000000060
15165  43.245  -69.011  4.690 0.2000000030
15156  43.699  -68.403  5.273 0.2000000030
16695  43.166  -66.602  6.755 0.2000000030
13636  43.770  -70.261  3.947 0.1000000015
14424  43.941  -69.685  4.565 0.2000000030
13732  46.798  -70.592  -1.585 0.1000000015
21596  49.991  -61.159  8.771 0.4000000060
20837  50.903  -61.419  9.147 0.4000000060
20846  48.790  -61.658  8.036 0.4000000060
20860  47.946  -61.723  7.801 0.4000000060
120922  48.417  -61.819  7.840 0.4000000060
20861  47.121  -61.635  7.815 0.4000000060
20037  45.828  -62.418  7.823 0.4000000060
20036  46.828  -62.279  7.616 0.4000000060
19176  45.272  -63.192  7.915 0.3000000119
113341  43.712  -64.202  8.068 0.4000000060
19177  44.170  -63.313  7.928 0.4000000060
16682  42.740  -65.969  7.124 0.3000000119
17495  43.036  -65.466  7.818 0.3000000119
126917  43.472  -64.992  8.160 0.4000000060
14435  43.130  -70.107  3.612 0.2000000030
15166  42.678  -68.582  4.461 0.2000000030
15916  43.216  -67.690  5.584 0.2000000030
15909  43.698  -67.183  6.232 0.2000000030
13651  43.491  -70.570  3.257 0.2000000030
14497  45.983  -69.921  -2.847 0.1000000015
14486  46.300  -70.091  -2.320 0.1000000015
13733  46.106  -70.456  -1.346 0.1000000015
21586  52.680  -60.539  9.664 0.3000000119
130986  50.564  -60.475  9.426 0.4000000060
129392  51.303  -60.585  9.550 0.3000000119
21597  49.196  -60.986  8.554 0.4000000060
22358  48.220  -59.937  8.639 0.4000000060
21598  48.451  -60.869  8.401 0.4000000060
109123  47.535  -61.223  8.087 0.4000000060
21599  47.852  -60.712  8.363 0.4000000060
109376  46.111  -61.289  7.916 0.4000000060
21609  46.713  -61.011  8.116 0.4000000060
20038  44.737  -62.484  7.841 0.4000000060
20862  45.376  -61.766  7.835 0.3000000119
19197  42.543  -63.579  5.828 0.3000000119
122441  42.654  -63.258  6.604 0.3000000119
20040  42.902  -62.931  7.151 0.3000000119
19178  43.196  -63.500  7.700 0.3000000119
20039  43.594  -62.536  7.575 0.3000000119
16710  42.538  -67.358  3.973 0.2000000030
115629  42.374  -67.050  4.768 0.2000000030
17507  42.285  -65.668  5.745 0.3000000119
18359  42.330  -65.013  6.313 0.2000000030
17496  42.462  -65.153  7.158 0.3000000119
18345  42.823  -64.454  7.721 0.3000000119
113876  42.521  -68.565  4.024 0.2000000030
16699  42.315  -66.293  5.880 0.2000000030
13652  42.867  -70.121  3.021 0.2000000030
23103  53.020  -59.092  9.182 0.3000000119
120191  52.365  -59.721  9.522 0.3000000119
22342  51.336  -59.754  9.580 0.4000000060
21587  51.891  -60.317  9.590 0.3000000119
22345  48.666  -59.241  9.195 0.3000000119
23107  49.215  -58.570  9.409 0.4000000060
23123  47.217  -58.937  9.096 0.4000000060
23122  47.968  -59.046  8.927 0.4000000060
22360  46.662  -59.828  9.147 0.4000000060
22359  47.540  -59.892  8.734 0.4000000060
22374  45.295  -60.123  8.521 0.3000000119
22373  46.209  -60.434  8.681 0.4000000060
21600  47.142  -60.612  8.531 0.4000000060
20880  42.790  -61.959  5.911 0.3000000119
21629  42.870  -61.226  6.015 0.2000000030
21612  43.404  -60.762  7.169 0.2000000030
21611  44.069  -60.325  7.653 0.2000000030
21610  44.921  -61.004  7.820 0.3000000119
111664  45.753  -60.694  8.076 0.3000000119
19196  42.984  -62.964  5.160 0.3000000119
20051  42.818  -62.471  6.540 0.3000000119
20865  43.035  -62.250  7.056 0.2000000030
20864  43.382  -61.613  7.259 0.2000000030
113293  43.931  -61.079  7.583 0.2000000030
127740  43.362  -66.115  3.496 0.2000000030
18368  42.997  -64.836  4.788 0.3000000119
19203  42.678  -64.207  5.289 0.3000000119
119972  42.364  -64.363  5.963 0.3000000119
22356  54.341  -59.335  9.286 0.3000000119
23124  46.246  -58.566  9.226 0.3000000119
109139  43.388  -57.811  7.080 0.2000000030
23126  43.752  -57.874  7.906 0.2000000030
22362  44.933  -59.362  8.548 0.2000000030
23125  45.071  -58.411  8.859 0.2000000030
23153  43.305  -58.517  5.734 0.2000000030
22388  43.284  -59.251  6.806 0.2000000030
22376  43.744  -59.446  7.533 0.2000000030
23141  44.164  -58.763  8.170 0.2000000030
12893  45.956  -71.651  1.821 0.1000000015
13650  44.474  -70.921  3.524 0.1000000015
18367  43.759  -64.722  4.075 0.3000000119
15169  42.523  -68.944  3.393 0.2000000030
15119  54.045  -68.024  8.722 0.3000000119
14378  53.787  -68.808  9.040 0.3000000119
13569  53.428  -69.942  9.524 0.3000000119
14312  50.027  -69.984  15.380 0.1000000015
12760  52.751  -71.128  12.039 0.2000000030
14350  54.739  -69.185  10.485 0.2000000030
12870  49.676  -71.540  4.931 0.1000000015
14383  48.802  -69.067  8.070 0.3000000119
22355  55.836  -59.612  9.017 0.3000000119
123465  50.345  -71.168  4.161 0.1000000015
14391  48.233  -69.315  7.386 0.2000000030
12885  51.189  -71.217  3.358 0.1000000015
12068  52.334  -72.456  10.900 0.2000000030
12811  52.703  -70.550  10.017 0.3000000119
126584  48.149  -69.807  4.007 0.1000000015
12045  52.795  -71.806  11.872 0.2000000030
12163  51.279  -71.450  2.181 0.1000000015
13664  51.031  -70.519  2.523 0.1000000015
13633  50.452  -70.791  3.714 0.1000000015
13625  48.568  -70.443  4.680 0.1000000015
14412  47.387  -69.263  5.230 0.1000000015
15144  47.032  -68.681  6.563 0.1000000015
13619  48.144  -70.448  5.898 0.2000000030
117928  48.084  -66.941  8.214 0.3000000119
15897  47.468  -67.476  7.817 0.3000000119
122257  47.353  -65.519  8.258 0.4000000060
18341  48.191  -64.152  7.586 0.4000000060
15136  47.028  -67.944  7.106 0.3000000119
15888  47.189  -66.703  8.133 0.3000000119
16678  46.330  -66.633  7.967 0.3000000119
20858  49.302  -62.210  7.851 0.4000000060
20035  47.815  -62.210  7.541 0.4000000060
15164  44.277  -68.958  4.957 0.2000000030
111168  49.534  -61.732  8.163 0.4000000060
123339  48.353  -62.034  7.667 0.4000000060
15157  42.832  -68.246  5.014 0.2000000030
21588  49.691  -60.314  9.212 0.4000000060
19194  42.448  -64.201  6.763 0.3000000119
16696  42.577  -66.310  6.458 0.2000000030
22344  49.458  -59.415  9.390 0.4000000060
22343  50.346  -59.570  9.517 0.4000000060
22357  48.886  -60.122  8.912 0.4000000060
20054  42.702  -62.710  5.904 0.3000000119
16702  42.597  -66.408  4.293 0.2000000030
17510  42.497  -65.604  4.954 0.2000000030
23105  51.001  -58.833  9.473 0.4000000060
22361  45.667  -59.606  9.122 0.4000000060
22375  44.533  -59.695  7.967 0.2000000030
119070  43.376  -60.013  4.842 0.2000000030
122645  43.131  -59.870  5.626 0.2000000030
127534  43.149  -59.742  6.324 0.2000000030
23106  50.087  -58.680  9.478 0.3000000119
23104  51.945  -58.966  9.300 0.2000000030
23936  50.737  -57.897  9.278 0.3000000119
23121  52.500  -58.266  8.793 0.2000000030
11415  50.921  -73.121  9.284 0.1000000015
10732  50.196  -74.022  8.836 0.1000000015
10731  50.378  -73.384  8.545 0.1000000015
12037  52.715  -71.667  12.600 0.1000000015
10752  49.593  -74.086  7.590 0.1000000015
12103  50.482  -72.990  8.365 0.1000000015
10751  49.984  -73.461  7.962 0.1000000015
22353  56.690  -59.284  9.141 0.1000000015
23118  56.254  -59.027  8.428 0.1000000015
23139  56.565  -58.499  7.907 0.1000000015
23140  55.747  -58.775  7.901 0.1000000015
23119  55.104  -59.093  8.448 0.1000000015
23948  54.626  -58.358  7.827 0.1000000015
23120  53.749  -58.663  8.667 0.1000000015
23949  53.318  -57.921  8.133 0.1000000015
23935  51.557  -58.286  9.165 0.2000000030
128567  52.460  -57.568  8.308 0.1000000015
24764  52.058  -56.991  8.027 0.2000000030
23938  48.949  -57.818  9.353 0.2000000030
24765  51.276  -56.726  8.417 0.2000000030
23951  50.875  -57.136  8.968 0.2000000030
24749  50.157  -57.181  9.141 0.2000000030
23937  49.749  -57.889  9.363 0.2000000030
25561  50.907  -55.971  8.034 0.2000000030
24766  50.512  -56.495  8.742 0.2000000030
24750  49.364  -57.201  9.250 0.2000000030
23108  48.448  -58.392  9.262 0.2000000030
23109  47.728  -58.205  9.174 0.2000000030
118218  47.032  -58.082  9.230 0.2000000030
23954  45.652  -57.498  9.273 0.1000000015
24787  51.735  -56.217  7.783 0.2000000030
126166  48.709  -57.217  9.262 0.2000000030
24751  48.110  -56.817  9.136 0.2000000030
23952  47.411  -57.343  9.242 0.1000000015
25565  46.905  -55.869  9.012 0.1000000015
23953  46.521  -57.444  9.315 0.1000000015
23102  56.673  -58.621  9.105 0.1000000015
23117  56.682  -58.617  8.551 0.1000000015
23138  57.041  -58.149  7.927 0.1000000015
23971  55.868  -58.315  7.373 0.1000000015
119426  54.919  -57.875  7.117 0.1000000015
23950  51.639  -57.517  8.787 0.2000000030
24767  49.712  -56.452  9.016 0.2000000030
18366  44.194  -63.962  4.149 0.2000000030
126074  42.944  -63.589  5.011 0.2000000030
110815  43.348  -64.083  4.626 0.2000000030
18365  45.001  -63.865  3.769 0.2000000030
19201  44.506  -63.203  4.071 0.2000000030
20888  43.437  -61.852  4.623 0.2000000030
20059  44.042  -62.390  4.241 0.2000000030
20879  42.997  -61.464  5.201 0.2000000030
20886  44.760  -61.766  3.837 0.1000000015
20058  44.822  -62.578  3.900 0.2000000030
20887  43.964  -61.574  4.225 0.2000000030
21638  43.473  -60.926  4.544 0.2000000030
20901  45.717  -61.469  3.327 0.1000000015
123187  45.021  -60.991  3.601 0.1000000015
21650  44.791  -60.245  3.712 0.1000000015
21647  47.213  -60.969  2.732 0.1000000015
20900  47.462  -61.774  2.692 0.1000000015
24786  52.603  -56.480  7.438 0.1000000015
22400  43.746  -59.300  4.487 0.1000000015
22407  45.460  -59.476  3.369 0.1000000015
21637  43.965  -60.139  4.228 0.1000000015
21648  46.429  -60.769  2.991 0.1000000015
21649  45.604  -60.476  3.279 0.1000000015
20911  47.978  -61.082  2.542 0.1000000015
21660  47.128  -60.178  2.778 0.1000000015
21657  49.258  -60.953  1.782 0.1000000015
26362  51.419  -55.351  7.448 0.1000000015
25586  53.167  -55.209  6.322 0.1000000015
111764  52.232  -55.834  7.298 0.1000000015
23150  43.277  -58.533  6.531 0.1000000015
22401  43.315  -59.212  5.235 0.1000000015
22408  44.497  -59.430  3.894 0.1000000015
23162  44.257  -58.639  4.124 0.1000000015
22417  47.060  -59.390  2.658 0.1000000015
21658  48.496  -60.367  2.239 0.1000000015
22416  47.786  -59.762  2.458 0.1000000015
115407  52.306  -55.237  6.960 0.1000000015
25562  50.063  -55.624  8.414 0.1000000015
23993  43.926  -57.475  4.984 0.1000000015
115397  43.342  -57.817  6.211 0.1000000015
23991  45.168  -57.301  3.797 0.1000000015
119951  44.228  -57.968  4.383 0.1000000015
23163  43.693  -58.432  4.922 0.1000000015
23998  45.711  -57.684  3.353 0.1000000015
23169  44.994  -58.802  3.674 0.1000000015
24007  46.898  -57.867  2.185 0.1000000015
120411  46.339  -58.156  2.823 0.1000000015
22406  46.322  -58.998  2.914 0.1000000015
23168  45.671  -58.516  3.321 0.1000000015
23187  47.463  -57.902  1.599 0.1000000015
23178  47.330  -58.427  1.981 0.1000000015
23179  46.939  -58.636  2.441 0.1000000015
22424  47.862  -58.641  1.654 0.1000000015
129125  51.592  -54.721  6.966 0.1000000015
25577  50.608  -55.229  7.725 0.1000000015
23980  43.406  -56.940  6.674 0.1000000015
24015  46.871  -57.091  2.070 0.1000000015
23997  46.282  -57.187  2.781 0.1000000015
115095  47.279  -57.139  1.565 0.1000000015
23974  43.538  -57.053  7.650 0.1000000015
20057  45.487  -62.381  3.561 0.1000000015
20074  46.195  -62.236  3.247 0.1000000015
128622  47.556  -59.031  2.154 0.1000000015
22423  48.328  -59.415  1.811 0.1000000015
24799  43.864  -56.624  5.269 0.1000000015
15980  43.493  -67.297  -1.102 0.1000000015
15981  43.011  -67.622  -1.536 0.1000000015
15221  43.330  -68.190  -1.968 0.1000000015
13745  43.038  -69.772  -2.213 0.1000000015
13757  43.122  -70.499  -3.009 0.1000000015
126060  42.447  -71.923  -3.490 0.1000000015
15979  44.004  -67.700  -1.168 0.1000000015
15967  43.823  -67.187  -0.765 0.1000000015
15211  42.736  -68.232  -1.736 0.1000000015
14513  43.639  -69.378  -2.959 0.1000000015
16760  43.440  -66.896  -0.496 0.1000000015
16759  43.806  -67.044  -0.135 0.1000000015
15966  44.032  -67.464  -0.584 0.1000000015
15991  43.755  -68.125  -1.718 0.1000000015
15968  42.652  -66.982  -0.887 0.1000000015
15193  44.156  -67.942  -0.150 0.1000000015
17560  43.989  -65.972  0.723 0.1000000015
16761  42.750  -66.681  0.117 0.1000000015
17570  43.469  -66.519  0.389 0.1000000015
12976  41.854  -72.264  -2.974 0.1000000015
4568  42.066  -83.350  17.922 0.1000000015
5103  41.956  -83.073  17.629 0.1000000015
5113  42.352  -82.815  17.205 0.1000000015
5596  43.606  -82.074  17.733 0.1000000015
5608  42.191  -82.297  16.879 0.1000000015
6122  43.570  -80.641  16.685 0.1000000015
6159  43.303  -80.110  13.833 0.1000000015
6716  43.359  -79.970  13.365 0.1000000015
6719  41.419  -80.076  12.827 0.1000000015
6731  43.353  -79.998  13.226 0.1000000015
6734  41.853  -80.125  12.248 0.1000000015
6746  41.398  -79.857  11.705 0.1000000015
7294  41.186  -79.071  16.824 0.1000000015
7336  43.708  -79.815  13.789 0.1000000015
7350  42.799  -79.872  12.271 0.1000000015
7362  42.403  -79.407  11.574 0.1000000015
7366  38.122  -78.807  11.221 0.1000000015
7376  39.034  -78.308  10.590 0.1000000015
7377  38.404  -78.662  10.240 0.1000000015
7383  38.558  -78.634  10.144 0.1000000015
7877  40.778  -78.259  16.518 0.1000000015
7909  39.834  -78.172  13.390 0.1000000015
7910  39.201  -77.937  13.023 0.1000000015
7936  36.992  -78.293  10.986 0.1000000015
7948  41.926  -78.606  11.233 0.1000000015
7966  37.286  -78.064  10.407 0.1000000015
8573  45.264  -78.282  16.311 0.1000000015
8574  44.988  -78.297  15.717 0.1000000015
8596  38.083  -76.865  13.063 0.1000000015
8610  42.299  -77.845  12.153 0.1000000015
8611  38.504  -77.651  12.615 0.1000000015
8649  41.363  -78.224  11.386 0.1000000015
8650  40.434  -77.844  11.237 0.1000000015
8665  37.462  -77.749  10.292 0.1000000015
8666  37.107  -77.078  10.248 0.1000000015
9271  44.217  -77.073  15.897 0.1000000015
9315  37.633  -76.128  13.503 0.1000000015
9355  38.979  -77.009  10.638 0.1000000015
9371  36.660  -76.382  10.346 0.1000000015
10670  51.059  -73.407  13.535 0.1000000015
10683  51.296  -74.737  12.588 0.1000000015
10695  51.496  -74.707  11.532 0.1000000015
10715  50.815  -73.929  9.278 0.1000000015
10754  44.679  -74.066  7.034 0.1000000015
10778  49.388  -73.967  5.906 0.2000000030
11377  52.019  -73.223  13.030 0.1000000015
11384  52.369  -73.420  12.028 0.1000000015
11449  44.374  -73.312  6.920 0.1000000015
11451  36.351  -73.078  6.981 0.1000000015
11466  36.914  -73.565  5.256 0.1000000015
12096  38.063  -72.075  8.803 0.1000000015
12135  41.768  -72.741  5.712 0.1000000015
12152  51.211  -71.679  3.122 0.1000000015
12208  49.908  -71.992  -0.915 0.1000000015
12238  48.685  -72.065  -1.812 0.1000000015
12752  52.319  -71.589  13.285 0.2000000030
12759  52.766  -70.553  12.249 0.4000000060
12771  52.653  -70.986  11.411 0.2000000030
12791  53.186  -70.241  10.827 0.2000000030
12831  44.663  -71.004  8.141 0.1000000015
12848  39.654  -71.459  7.429 0.1000000015
12894  45.539  -71.597  2.344 0.1000000015
12912  45.134  -71.758  1.555 0.2000000030
12929  50.846  -70.550  -0.257 0.1000000015
12931  44.828  -71.526  0.720 0.3000000119
12953  48.988  -71.206  -1.752 0.1000000015
13453  48.039  -69.872  16.575 0.1000000015
13491  50.394  -70.807  14.735 0.2000000030
13519  52.041  -70.204  12.937 0.2000000030
13572  45.312  -70.324  9.226 0.1000000015
13576  40.891  -70.184  9.691 0.1000000015
13589  53.136  -69.698  8.981 0.4000000060
13635  44.767  -70.176  4.351 0.2000000030
13668  43.875  -70.981  2.760 0.2000000030
13669  43.276  -70.533  2.476 0.3000000119
13699  49.350  -70.246  -0.472 0.1000000015
13717  48.922  -70.577  -1.082 0.1000000015
13743  48.366  -71.057  -2.352 0.1000000015
13744  48.073  -70.705  -1.722 0.1000000015
14301  49.218  -70.046  16.410 0.1000000015
14334  52.382  -69.218  12.281 0.3000000119
14342  54.300  -69.089  10.738 0.3000000119
14353  44.586  -69.496  10.358 0.1000000015
14365  53.648  -69.366  9.328 0.3000000119
14421  47.811  -69.572  4.666 0.1000000015
14423  44.838  -69.452  4.775 0.2000000030
14425  43.179  -69.700  4.130 0.2000000030
14426  42.663  -69.120  4.086 0.2000000030
14436  42.756  -69.600  3.536 0.2000000030
14455  50.555  -70.476  0.967 0.1000000015
14456  49.905  -70.157  0.581 0.1000000015
14483  49.772  -70.452  -0.800 0.1000000015
14496  49.034  -70.910  -1.593 0.1000000015
14499  43.334  -68.740  -2.334 0.1000000015
15090  54.027  -68.790  10.130 0.4000000060
15091  54.497  -68.868  10.650 0.4000000060
15114  53.954  -68.633  9.373 0.2000000030
15135  47.562  -68.224  7.359 0.2000000030
15145  46.545  -68.286  6.510 0.1000000015
15163  45.386  -68.734  4.950 0.1000000015
15845  49.598  -68.273  13.756 0.1000000015
15871  52.678  -67.553  10.421 0.4000000060
15883  54.085  -67.813  9.035 0.4000000060
15885  53.922  -67.238  8.284 0.5000000000
15891  53.730  -67.510  7.660 0.5000000000
15895  50.629  -67.490  7.812 0.4000000060
15896  48.044  -67.731  7.939 0.3000000119
15899  44.099  -66.848  6.971 0.2000000030
15910  42.739  -66.897  5.935 0.2000000030
15919  42.511  -67.925  4.459 0.2000000030
15924  42.551  -68.166  3.670 0.2000000030
15936  42.787  -68.349  2.807 0.2000000030
15944  43.849  -67.794  1.486 0.2000000030
16658  53.860  -66.421  8.435 0.5000000000
16664  44.962  -66.121  8.017 0.3000000119
16675  52.696  -66.080  6.572 0.4000000060
16691  53.710  -66.018  6.986 0.4000000060
16692  53.553  -65.901  6.701 0.5000000000
16709  43.184  -66.853  3.318 0.2000000030
17472  48.119  -65.625  8.220 0.3000000119
17488  54.141  -65.699  7.674 0.5000000000
17489  53.989  -65.721  7.141 0.4000000060
17503  51.326  -64.812  7.339 0.5000000000
17504  42.368  -65.743  6.473 0.2000000030
17509  43.113  -65.485  4.103 0.3000000119
17533  46.702  -65.441  1.989 0.1000000015
18245  41.665  -64.189  15.032 0.1000000015
18264  43.420  -64.341  12.635 0.1000000015
18280  54.883  -63.800  10.744 0.6000000238
18353  53.835  -65.027  6.670 0.5000000000
18357  50.868  -64.016  7.429 0.5000000000
18358  50.170  -63.455  7.554 0.5000000000
18362  42.467  -64.948  5.552 0.3000000119
18377  46.789  -64.535  2.610 0.3000000119
18378  45.369  -64.428  3.271 0.3000000119
18399  48.874  -64.217  1.040 0.1000000015
18419  48.722  -64.267  0.476 0.1000000015
18429  48.746  -64.122  0.235 0.1000000015
19179  42.719  -63.675  7.248 0.3000000119
19200  45.289  -63.155  3.696 0.2000000030
19202  43.624  -63.245  4.538 0.2000000030
19223  50.144  -63.234  1.130 0.1000000015
19225  48.883  -63.736  1.663 0.1000000015
19250  50.000  -63.206  0.680 0.1000000015
19251  49.326  -63.663  0.416 0.1000000015
19252  48.831  -63.996  0.040 0.1000000015
19940  41.097  -62.109  16.566 0.1000000015
20034  48.583  -62.431  7.573 0.4000000060
20053  42.998  -62.239  5.220 0.2000000030
20086  49.992  -63.125  1.120 0.1000000015
20088  48.660  -63.045  2.140 0.1000000015
20111  50.965  -62.313  -0.117 0.1000000015
20112  50.541  -62.741  0.376 0.1000000015
20789  41.464  -61.368  15.012 0.1000000015
20794  42.951  -60.967  13.094 0.1000000015
20863  44.267  -61.756  7.690 0.4000000060
20875  43.045  -61.154  6.729 0.2000000030
20876  42.930  -61.767  6.601 0.2000000030
21570  57.026  -60.261  11.068 0.4000000060
21576  56.757  -60.605  10.928 0.5000000000
21608  48.159  -61.394  8.063 0.4000000060
21624  43.052  -60.472  6.340 0.2000000030
21628  43.046  -60.645  5.348 0.2000000030
21659  47.754  -60.434  2.597 0.1000000015
22276  42.938  -59.503  18.824 0.1000000015
22300  43.682  -59.281  13.484 0.2000000030
22304  56.167  -60.278  11.369 0.4000000060
22338  56.870  -59.759  9.676 0.2000000030
22392  43.133  -59.173  6.007 0.2000000030
23046  42.682  -58.513  15.518 0.1000000015
23068  52.802  -58.883  11.836 0.2000000030
23142  43.512  -58.622  7.386 0.2000000030
23161  44.967  -58.030  3.814 0.1000000015
23939  48.224  -57.625  9.253 0.2000000030
23982  43.502  -57.181  5.746 0.1000000015
24834  47.016  -56.382  1.772 0.1000000015
25557  57.337  -56.300  7.863 0.1000000015
27096  48.034  -54.267  12.044 0.1000000015
109211  44.177  -80.279  16.009 0.1000000015
109254  42.326  -66.310  5.193 0.2000000030
109403  48.089  -70.824  -2.377 0.1000000015
109726  46.321  -61.843  7.791 0.4000000060
111976  49.696  -71.135  -1.143 0.1000000015
112182  48.415  -58.838  1.267 0.1000000015
112612  51.070  -68.209  11.841 0.2000000030
113724  51.004  -70.636  0.575 0.1000000015
115080  46.338  -59.877  2.984 0.1000000015
116317  44.314  -60.941  4.028 0.1000000015
116441  44.621  -70.772  0.037 0.1000000015
116712  46.841  -56.737  9.254 0.1000000015
117947  53.256  -63.898  10.953 0.5000000000
118757  46.658  -61.634  3.001 0.1000000015
118867  48.463  -63.383  7.382 0.4000000060
119358  50.380  -62.934  7.779 0.5000000000
119399  55.913  -63.416  10.654 0.5000000000
119477  37.811  -78.518  10.597 0.1000000015
120199  42.535  -67.449  5.197 0.2000000030
120629  43.399  -59.997  7.006 0.2000000030
121848  40.248  -79.067  11.724 0.1000000015
122050  35.865  -75.683  10.350 0.1000000015
122246  51.523  -53.511  9.528 0.1000000015
123820  46.217  -55.590  13.317 0.1000000015
123896  46.182  -65.534  1.543 0.2000000030
123942  53.955  -68.662  9.425 0.3000000119
124065  45.381  -56.860  9.293 0.1000000015
124350  49.162  -71.564  -1.633 0.1000000015
124567  44.932  -60.350  7.950 0.2000000030
124946  44.938  -61.592  12.111 0.2000000030
125489  46.711  -70.240  -2.818 0.1000000015
125571  50.877  -71.108  0.299 0.1000000015
125574  47.520  -70.362  15.924 0.1000000015
125676  49.752  -73.460  5.490 0.2000000030
126421  43.401  -62.538  4.703 0.2000000030
126505  43.965  -80.195  15.540 0.1000000015
126768  46.991  -70.527  -2.023 0.1000000015
126784  43.481  -80.066  14.451 0.1000000015
126914  46.310  -63.943  3.010 0.3000000119
126981  45.126  -67.203  7.079 0.2000000030
127020  39.960  -77.177  15.582 0.1000000015
127617  42.406  -66.771  5.374 0.2000000030
127820  46.289  -70.189  -1.809 0.1000000015
128031  52.257  -73.738  11.441 0.2000000030
128164  50.620  -65.988  7.645 0.5000000000
128601  42.666  -69.523  2.948 0.2000000030
128942  52.700  -71.092  12.442 0.2000000030
129129  41.700  -73.163  14.054 0.1000000015
129138  53.073  -68.764  11.197 0.3000000119
129267  52.238  -68.905  12.319 0.3000000119
129410  41.836  -69.822  10.417 0.1000000015
129432  47.145  -57.514  1.837 0.1000000015
130119  43.741  -70.850  1.272 0.2000000030
130501  54.715  -63.188  11.998 0.5000000000
130788  35.911  -73.333  7.189 0.1000000015
130839  43.508  -57.892  5.523 0.1000000015
130936  48.159  -61.794  2.485 0.1000000015
