#!ascii label  , from subject Paciente_3 vox2ras=TkReg
238
64765  28.215  -10.558  -7.632 0.0000000000
57790  27.217  -18.907  -4.700 0.0000000000
123335  27.775  -6.606  -10.718 0.0000000000
74220  26.468  -0.008  -18.246 0.0000000000
55868  25.991  -20.043  -3.727 0.0000000000
70829  28.220  -3.341  -9.981 0.0000000000
73340  27.421  -1.238  -12.447 0.0000000000
61376  26.828  -14.032  -8.987 0.0000000000
60510  27.614  -15.337  -6.944 0.0000000000
62983  28.988  -12.318  -6.368 0.0000000000
107866  28.968  -7.251  -7.062 0.0000000000
65584  29.699  -9.619  -5.925 0.0000000000
107977  27.385  -8.221  -9.738 0.0000000000
70026  28.693  -4.899  -8.682 0.0000000000
73364  27.008  -1.148  -15.801 0.0000000000
120377  27.587  0.786  -14.397 0.0000000000
59594  29.210  -16.504  -4.539 0.0000000000
71653  27.476  -2.747  -11.624 0.0000000000
72503  27.565  -2.003  -13.209 0.0000000000
62993  27.362  -13.072  -8.673 0.0000000000
62992  27.812  -13.044  -7.711 0.0000000000
62984  28.438  -12.067  -7.035 0.0000000000
56852  27.246  -19.285  -4.241 0.0000000000
67360  27.619  -7.338  -10.319 0.0000000000
108058  28.002  -6.871  -9.688 0.0000000000
69166  28.282  -5.980  -9.850 0.0000000000
73324  27.816  -1.284  -10.136 0.0000000000
118600  28.353  -2.033  -8.649 0.0000000000
73396  25.195  -0.135  -17.941 0.0000000000
72528  26.640  -2.161  -16.715 0.0000000000
73394  26.610  -0.692  -17.660 0.0000000000
77784  26.555  4.012  -16.732 0.0000000000
76904  27.006  3.232  -15.611 0.0000000000
75081  27.408  1.797  -15.100 0.0000000000
75983  27.324  2.411  -14.405 0.0000000000
75966  27.693  1.976  -12.833 0.0000000000
61335  28.710  -14.716  -5.890 0.0000000000
112499  28.384  -16.087  -6.016 0.0000000000
55856  25.937  -20.717  -3.130 0.0000000000
70039  28.159  -4.924  -10.394 0.0000000000
118841  27.605  -3.377  -10.900 0.0000000000
72491  27.555  -2.064  -10.917 0.0000000000
73332  27.799  -0.575  -10.646 0.0000000000
60526  26.293  -15.867  -7.825 0.0000000000
60537  26.769  -14.983  -8.282 0.0000000000
124788  28.220  -13.660  -6.677 0.0000000000
62134  29.546  -13.406  -5.705 0.0000000000
108049  28.458  -9.233  -7.593 0.0000000000
115703  29.141  -10.298  -6.644 0.0000000000
66447  29.412  -8.973  -6.265 0.0000000000
107823  27.436  -10.975  -9.215 0.0000000000
108011  27.061  -10.303  -10.616 0.0000000000
122966  27.400  -9.659  -8.810 0.0000000000
108029  28.251  -8.019  -7.973 0.0000000000
108047  28.737  -6.395  -7.617 0.0000000000
108068  29.161  -4.634  -7.285 0.0000000000
124301  28.271  -3.947  -9.495 0.0000000000
70809  28.609  -3.478  -7.948 0.0000000000
73353  27.285  -1.675  -15.307 0.0000000000
112443  26.582  1.654  -17.649 0.0000000000
75090  26.635  0.350  -16.383 0.0000000000
74191  27.291  -0.021  -14.806 0.0000000000
123161  27.559  -1.183  -14.400 0.0000000000
112380  27.684  0.594  -12.951 0.0000000000
75064  28.027  1.309  -11.978 0.0000000000
57806  27.182  -18.218  -5.389 0.0000000000
59627  27.047  -16.517  -7.087 0.0000000000
64758  29.228  -10.960  -6.338 0.0000000000
114160  30.012  -11.921  -5.718 0.0000000000
72512  27.529  -2.140  -14.490 0.0000000000
63930  27.690  -11.225  -8.271 0.0000000000
63002  27.713  -12.157  -7.980 0.0000000000
63921  28.164  -11.374  -7.477 0.0000000000
54927  26.006  -21.852  -2.047 0.0000000000
54940  25.522  -21.350  -2.610 0.0000000000
57769  27.673  -19.134  -4.176 0.0000000000
68271  27.875  -6.782  -10.361 0.0000000000
108185  28.145  -6.399  -9.985 0.0000000000
69177  28.073  -6.261  -10.336 0.0000000000
111569  28.118  -0.240  -9.801 0.0000000000
73317  28.342  -0.816  -9.176 0.0000000000
74221  25.586  0.281  -18.283 0.0000000000
73387  25.609  -0.656  -17.491 0.0000000000
73386  26.619  -1.105  -17.438 0.0000000000
76903  27.103  3.246  -14.605 0.0000000000
76889  27.331  3.259  -13.506 0.0000000000
61334  29.849  -13.975  -5.164 0.0000000000
61319  29.362  -14.728  -5.302 0.0000000000
56854  25.766  -19.377  -4.687 0.0000000000
111452  27.710  -5.001  -11.139 0.0000000000
113855  27.513  -4.130  -11.424 0.0000000000
72495  27.379  -1.995  -12.031 0.0000000000
73333  27.491  -1.290  -11.277 0.0000000000
74162  27.650  -0.435  -11.568 0.0000000000
75119  24.773  0.955  -18.125 0.0000000000
60538  26.572  -15.123  -8.254 0.0000000000
61366  26.995  -14.415  -8.748 0.0000000000
115992  28.357  -12.999  -6.851 0.0000000000
62150  27.750  -13.794  -7.447 0.0000000000
61346  28.564  -13.992  -6.140 0.0000000000
62141  28.845  -13.119  -6.205 0.0000000000
55855  26.833  -20.715  -2.899 0.0000000000
107847  28.687  -8.684  -7.331 0.0000000000
66455  29.050  -9.054  -6.802 0.0000000000
67336  29.090  -8.228  -6.663 0.0000000000
62177  26.507  -12.391  -9.520 0.0000000000
66482  27.087  -8.459  -10.467 0.0000000000
123005  27.178  -9.059  -9.654 0.0000000000
110476  27.329  -10.187  -9.795 0.0000000000
108023  27.757  -9.096  -8.450 0.0000000000
122987  27.420  -8.404  -9.052 0.0000000000
108037  28.646  -5.668  -8.397 0.0000000000
114839  28.310  -6.592  -8.600 0.0000000000
107875  29.155  -5.441  -7.265 0.0000000000
107968  28.976  -5.016  -7.947 0.0000000000
124569  28.234  -4.181  -9.970 0.0000000000
71630  28.441  -2.640  -8.337 0.0000000000
70808  29.196  -3.218  -6.989 0.0000000000
73374  26.903  -1.780  -16.962 0.0000000000
71692  26.800  -2.164  -16.463 0.0000000000
73373  27.045  -1.997  -16.356 0.0000000000
71691  27.018  -2.143  -16.121 0.0000000000
76915  26.811  3.214  -16.567 0.0000000000
76922  26.532  3.210  -17.784 0.0000000000
124638  26.769  1.830  -16.894 0.0000000000
118729  26.874  1.546  -15.989 0.0000000000
75080  27.524  1.553  -14.389 0.0000000000
121587  27.324  0.864  -15.254 0.0000000000
119899  27.465  -0.706  -14.592 0.0000000000
74181  27.725  0.235  -14.042 0.0000000000
74174  27.699  -0.420  -13.825 0.0000000000
75069  27.803  1.456  -12.652 0.0000000000
75956  28.027  2.166  -11.969 0.0000000000
128935  28.189  1.227  -11.439 0.0000000000
57807  26.483  -18.237  -5.612 0.0000000000
60525  26.597  -15.636  -7.755 0.0000000000
59643  26.473  -16.236  -7.531 0.0000000000
60511  27.102  -15.863  -7.460 0.0000000000
59611  28.728  -16.278  -5.299 0.0000000000
59612  28.000  -16.845  -5.858 0.0000000000
59595  28.451  -17.056  -4.914 0.0000000000
58735  27.795  -17.669  -5.220 0.0000000000
64749  29.458  -10.317  -6.221 0.0000000000
121547  27.513  -3.435  -11.807 0.0000000000
115881  27.522  -3.087  -12.640 0.0000000000
113742  27.492  -2.512  -12.668 0.0000000000
62157  27.027  -13.752  -8.983 0.0000000000
62151  27.355  -13.880  -8.386 0.0000000000
56839  26.747  -19.687  -3.877 0.0000000000
55867  27.216  -20.143  -3.320 0.0000000000
56838  27.522  -19.552  -3.671 0.0000000000
55853  28.700  -19.657  -2.696 0.0000000000
108032  29.301  -6.315  -6.663 0.0000000000
67335  29.408  -7.222  -6.099 0.0000000000
107844  27.445  -8.037  -10.180 0.0000000000
107849  27.610  -7.672  -9.662 0.0000000000
107856  28.329  -6.137  -9.350 0.0000000000
111454  28.468  -5.479  -9.322 0.0000000000
71641  28.144  -2.544  -9.885 0.0000000000
71640  28.219  -2.629  -9.225 0.0000000000
72483  28.142  -1.828  -9.385 0.0000000000
72473  28.548  -1.302  -8.498 0.0000000000
73385  26.723  -1.344  -17.277 0.0000000000
74205  26.754  -0.872  -17.049 0.0000000000
77770  26.915  4.033  -15.819 0.0000000000
75991  26.897  2.458  -16.293 0.0000000000
75075  27.641  1.247  -13.559 0.0000000000
75977  27.495  2.199  -13.536 0.0000000000
113067  27.706  2.881  -12.533 0.0000000000
61336  28.158  -14.783  -6.467 0.0000000000
60496  28.273  -15.440  -6.316 0.0000000000
60495  28.822  -15.461  -5.603 0.0000000000
55869  25.326  -20.340  -3.675 0.0000000000
55879  25.462  -19.781  -4.148 0.0000000000
55878  26.126  -19.618  -4.241 0.0000000000
56853  26.659  -19.259  -4.618 0.0000000000
69178  27.908  -5.922  -10.843 0.0000000000
70830  27.830  -4.136  -10.570 0.0000000000
71646  27.818  -2.708  -10.523 0.0000000000
74161  28.143  0.329  -10.578 0.0000000000
74222  24.731  0.437  -17.768 0.0000000000
75122  25.403  1.048  -18.350 0.0000000000
60524  27.118  -15.162  -7.672 0.0000000000
61357  27.250  -14.540  -8.063 0.0000000000
61356  27.690  -14.468  -7.013 0.0000000000
130281  29.240  -14.126  -5.649 0.0000000000
107963  28.118  -9.770  -7.970 0.0000000000
65594  28.797  -9.913  -7.129 0.0000000000
65593  29.223  -9.655  -6.624 0.0000000000
67322  29.676  -8.102  -5.758 0.0000000000
66446  30.119  -8.820  -5.548 0.0000000000
108075  26.952  -12.790  -9.236 0.0000000000
63003  27.317  -11.925  -9.116 0.0000000000
108025  27.091  -11.018  -10.033 0.0000000000
108057  27.627  -10.373  -8.554 0.0000000000
107848  28.094  -8.620  -8.119 0.0000000000
107854  28.692  -7.925  -7.367 0.0000000000
108034  27.956  -7.387  -8.724 0.0000000000
107855  28.427  -7.255  -7.865 0.0000000000
70016  29.427  -4.814  -6.651 0.0000000000
113746  28.277  -5.571  -10.076 0.0000000000
112334  28.410  -4.720  -9.536 0.0000000000
121639  28.279  -3.374  -8.970 0.0000000000
70817  28.455  -4.151  -8.778 0.0000000000
108074  28.789  -4.384  -7.979 0.0000000000
70804  28.978  -3.958  -7.321 0.0000000000
119338  27.523  -1.745  -14.664 0.0000000000
75117  26.277  1.598  -18.258 0.0000000000
112715  26.394  0.789  -17.864 0.0000000000
74216  26.639  -0.045  -17.643 0.0000000000
74192  26.750  -0.195  -15.725 0.0000000000
73344  27.617  -1.307  -13.739 0.0000000000
117385  27.543  -0.360  -12.731 0.0000000000
74168  27.940  0.576  -11.724 0.0000000000
118328  28.322  1.167  -10.877 0.0000000000
57791  26.788  -18.754  -5.117 0.0000000000
57789  27.725  -18.454  -4.660 0.0000000000
59628  26.505  -16.716  -7.167 0.0000000000
59626  27.725  -16.178  -6.685 0.0000000000
59613  27.376  -16.840  -6.501 0.0000000000
58749  26.866  -17.067  -6.644 0.0000000000
58736  27.316  -17.427  -6.007 0.0000000000
64759  28.715  -10.926  -6.857 0.0000000000
63916  29.034  -11.593  -6.485 0.0000000000
114164  29.410  -11.734  -6.104 0.0000000000
63907  29.681  -11.075  -5.868 0.0000000000
62974  29.518  -12.535  -5.917 0.0000000000
62973  30.214  -12.768  -5.527 0.0000000000
59642  26.741  -16.208  -7.434 0.0000000000
72484  27.986  -2.125  -10.161 0.0000000000
72520  27.332  -2.090  -15.291 0.0000000000
72527  26.855  -2.082  -16.741 0.0000000000
72538  26.844  -1.772  -17.038 0.0000000000
75118  26.034  0.845  -18.260 0.0000000000
113666  27.742  -8.019  -8.659 0.0000000000
114461  28.889  -9.331  -7.032 0.0000000000
117009  26.546  -20.263  -3.390 0.0000000000
128060  26.758  -15.386  -7.790 0.0000000000
