#!ascii label  , from subject Paciente_3 vox2ras=TkReg
593
50973  26.160  -25.973  0.850 0.1428571492
50129  24.972  -26.842  1.584 0.1428571492
50992  25.406  -25.319  0.679 0.1428571492
121041  26.966  -25.987  1.184 0.1428571492
50991  26.147  -25.176  0.666 0.2857142985
50974  25.172  -26.108  1.043 0.1428571492
50990  26.838  -25.362  0.900 0.1428571492
52962  25.820  -23.612  -0.080 0.5714285970
52961  26.429  -23.942  0.289 0.1428571492
52974  28.257  -22.910  -0.355 0.2857142985
52959  28.308  -23.486  0.173 0.2857142985
111820  28.585  -22.394  -0.668 0.1428571492
55839  28.713  -20.723  -1.744 0.2857142985
54924  28.382  -21.396  -1.535 0.2857142985
56836  29.117  -19.093  -2.907 0.2857142985
56807  30.006  -19.912  -1.800 0.2857142985
57767  29.927  -18.213  -3.347 0.2857142985
57768  29.129  -18.617  -3.386 0.2857142985
58720  29.669  -16.885  -3.900 0.2857142985
61319  29.362  -14.728  -5.302 0.8571428657
60479  29.461  -15.558  -4.787 0.4285714328
116773  30.396  -17.460  -3.485 0.2857142985
62134  29.546  -13.406  -5.705 0.7142857313
61334  29.849  -13.975  -5.164 0.7142857313
60495  28.822  -15.461  -5.603 0.7142857313
114160  30.012  -11.921  -5.718 0.8571428657
62973  30.214  -12.768  -5.527 0.5714285970
62141  28.845  -13.119  -6.205 0.8571428657
130281  29.240  -14.126  -5.649 0.7142857313
61335  28.710  -14.716  -5.890 0.7142857313
64748  30.155  -10.330  -5.591 0.4285714328
114164  29.410  -11.734  -6.104 0.7142857313
62974  29.518  -12.535  -5.917 0.8571428657
112322  30.414  -8.051  -5.123 0.2857142985
67322  29.676  -8.102  -5.758 0.5714285970
64749  29.458  -10.317  -6.221 0.8571428657
65584  29.699  -9.619  -5.925 0.7142857313
64758  29.228  -10.960  -6.338 0.8571428657
121007  30.268  -7.085  -5.156 0.1428571492
66447  29.412  -8.973  -6.265 0.5714285970
70008  30.525  -4.356  -5.457 0.1428571492
68230  30.557  -5.920  -4.883 0.1428571492
125108  29.828  -6.187  -5.689 0.1428571492
67335  29.408  -7.222  -6.099 0.4285714328
65593  29.223  -9.655  -6.624 0.8571428657
70802  29.878  -3.009  -6.014 0.1428571492
70795  30.668  -3.463  -5.500 0.1428571492
70796  30.019  -3.884  -5.861 0.1428571492
69130  30.241  -5.236  -5.510 0.1428571492
69135  29.550  -5.417  -6.209 0.4285714328
67336  29.090  -8.228  -6.663 0.7142857313
65594  28.797  -9.913  -7.129 0.8571428657
70803  29.411  -4.006  -6.514 0.1428571492
70808  29.196  -3.218  -6.989 0.1428571492
70016  29.427  -4.814  -6.651 0.5714285970
107866  28.968  -7.251  -7.062 0.8571428657
66455  29.050  -9.054  -6.802 0.8571428657
107847  28.687  -8.684  -7.331 0.8571428657
71614  29.570  -2.340  -6.723 0.1428571492
71615  28.902  -2.535  -7.480 0.2857142985
70804  28.978  -3.958  -7.321 0.1428571492
108047  28.737  -6.395  -7.617 0.8571428657
108032  29.301  -6.315  -6.663 0.7142857313
72473  28.548  -1.302  -8.498 0.1428571492
73316  29.024  -0.473  -8.418 0.1428571492
70817  28.455  -4.151  -8.778 0.8571428657
108074  28.789  -4.384  -7.979 0.8571428657
108037  28.646  -5.668  -8.397 0.8571428657
114839  28.310  -6.592  -8.600 0.8571428657
72460  28.705  -1.845  -7.920 0.4285714328
70026  28.693  -4.899  -8.682 0.8571428657
111454  28.468  -5.479  -9.322 0.8571428657
73317  28.342  -0.816  -9.176 0.1428571492
74148  28.780  0.053  -9.090 0.2857142985
72483  28.142  -1.828  -9.385 0.8571428657
118600  28.353  -2.033  -8.649 0.8571428657
121639  28.279  -3.374  -8.970 0.8571428657
124301  28.271  -3.947  -9.495 0.8571428657
112334  28.410  -4.720  -9.536 0.8571428657
74156  28.565  0.468  -9.701 0.2857142985
111569  28.118  -0.240  -9.801 0.7142857313
73324  27.816  -1.284  -10.136 0.8571428657
70829  28.220  -3.341  -9.981 0.8571428657
71646  27.818  -2.708  -10.523 0.8571428657
124569  28.234  -4.181  -9.970 0.8571428657
73332  27.799  -0.575  -10.646 0.8571428657
73333  27.491  -1.290  -11.277 0.8571428657
71653  27.476  -2.747  -11.624 0.7142857313
74162  27.650  -0.435  -11.568 0.8571428657
72491  27.555  -2.064  -10.917 0.8571428657
73340  27.421  -1.238  -12.447 0.8571428657
117385  27.543  -0.360  -12.731 0.8571428657
72495  27.379  -1.995  -12.031 0.7142857313
75069  27.803  1.456  -12.652 0.7142857313
112380  27.684  0.594  -12.951 0.8571428657
74181  27.725  0.235  -14.042 0.8571428657
75080  27.524  1.553  -14.389 0.7142857313
78659  27.577  5.095  -13.571 0.1428571492
75075  27.641  1.247  -13.559 0.8571428657
75983  27.324  2.411  -14.405 0.7142857313
120377  27.587  0.786  -14.397 0.8571428657
78667  26.825  5.698  -15.289 0.1428571492
76903  27.103  3.246  -14.605 0.5714285970
76904  27.006  3.232  -15.611 0.5714285970
76915  26.811  3.214  -16.567 0.5714285970
77770  26.915  4.033  -15.819 0.1428571492
121520  26.615  7.158  -15.981 0.1428571492
76922  26.532  3.210  -17.784 0.5714285970
80312  25.630  7.268  -17.775 0.1428571492
80993  25.831  8.043  -17.795 0.1428571492
78688  26.374  4.858  -17.034 0.1428571492
80320  25.374  7.848  -19.086 0.1428571492
77784  26.555  4.012  -16.732 0.5714285970
117432  25.286  7.156  -19.267 0.1428571492
81012  24.907  8.426  -20.226 0.1428571492
80326  24.695  7.526  -19.947 0.1428571492
50128  25.846  -26.723  1.343 0.1428571492
49271  25.629  -27.492  1.753 0.1428571492
118373  26.663  -24.620  0.575 0.2857142985
51921  27.551  -24.801  0.837 0.1428571492
51920  28.452  -24.338  0.626 0.2857142985
52960  27.352  -23.888  0.376 0.2857142985
54923  29.207  -21.122  -1.278 0.2857142985
54911  28.882  -21.726  -0.953 0.1428571492
111938  28.976  -17.238  -4.334 0.2857142985
58698  29.235  -17.843  -3.824 0.2857142985
59594  29.210  -16.504  -4.539 0.5714285970
63906  30.432  -11.220  -5.427 0.2857142985
60496  28.273  -15.440  -6.316 0.7142857313
65583  30.481  -9.453  -5.273 0.1428571492
63916  29.034  -11.593  -6.485 0.8571428657
108068  29.161  -4.634  -7.285 0.8571428657
107875  29.155  -5.441  -7.265 0.8571428657
107855  28.427  -7.255  -7.865 0.8571428657
74161  28.143  0.329  -10.578 0.8571428657
75064  28.027  1.309  -11.978 0.8571428657
75966  27.693  1.976  -12.833 0.8571428657
77769  26.923  4.036  -14.890 0.2857142985
116756  26.677  4.863  -15.980 0.1428571492
80302  26.068  7.025  -16.679 0.1428571492
81685  25.352  9.238  -20.509 0.1428571492
119761  27.795  -22.533  -0.814 0.2857142985
52976  26.658  -23.342  -0.191 0.4285714328
53971  28.117  -22.016  -1.277 0.1428571492
56823  30.498  -19.363  -2.275 0.2857142985
55853  28.700  -19.657  -2.696 0.2857142985
125153  28.354  -20.382  -2.432 0.2857142985
56824  29.570  -19.460  -2.401 0.2857142985
59611  28.728  -16.278  -5.299 0.7142857313
71600  30.290  -1.989  -6.043 0.1428571492
72459  29.350  -1.690  -7.221 0.1428571492
72472  29.190  -1.033  -7.748 0.1428571492
70809  28.609  -3.478  -7.948 0.8571428657
107854  28.692  -7.925  -7.367 0.8571428657
107848  28.094  -8.620  -8.119 1.0000000000
118328  28.322  1.167  -10.877 0.2857142985
118841  27.605  -3.377  -10.900 0.8571428657
75956  28.027  2.166  -11.969 0.5714285970
75977  27.495  2.199  -13.536 0.7142857313
77755  27.545  4.289  -13.103 0.2857142985
77761  27.172  4.115  -13.973 0.2857142985
120838  27.193  4.778  -14.370 0.1428571492
120884  26.999  4.862  -15.102 0.1428571492
77796  26.111  4.746  -18.255 0.2857142985
79506  26.291  6.595  -16.250 0.1428571492
79528  25.538  6.388  -18.678 0.1428571492
78699  25.851  5.489  -18.927 0.1428571492
79534  24.961  6.615  -19.975 0.1428571492
80311  26.207  7.594  -16.821 0.1428571492
130836  24.412  8.094  -20.313 0.1428571492
81013  24.336  8.643  -20.566 0.1428571492
75063  28.337  1.799  -11.213 0.4285714328
113067  27.706  2.881  -12.533 0.4285714328
76889  27.331  3.259  -13.506 0.5714285970
51922  25.742  -24.450  0.396 0.4285714328
50993  24.408  -25.416  0.798 0.2857142985
52975  27.545  -23.111  -0.269 0.1428571492
114669  29.116  -20.062  -2.023 0.2857142985
61346  28.564  -13.992  -6.140 0.7142857313
63907  29.681  -11.075  -5.868 0.8571428657
66446  30.119  -8.820  -5.548 0.5714285970
70009  29.769  -4.599  -5.941 0.2857142985
107968  28.976  -5.016  -7.947 0.8571428657
71630  28.441  -2.640  -8.337 0.8571428657
71641  28.144  -2.544  -9.885 0.8571428657
71640  28.219  -2.629  -9.225 0.8571428657
74168  27.940  0.576  -11.724 0.8571428657
78666  27.301  5.661  -14.374 0.1428571492
80992  26.434  8.181  -17.028 0.1428571492
129610  26.245  4.064  -17.648 0.4285714328
79515  25.812  6.463  -17.067 0.1428571492
81005  25.567  8.573  -19.025 0.1428571492
81004  26.154  8.591  -17.923 0.1428571492
78676  26.287  5.797  -16.287 0.1428571492
78689  25.886  5.654  -17.579 0.1428571492
54922  30.082  -21.013  -1.208 0.1428571492
128935  28.189  1.227  -11.439 0.5714285970
53958  25.944  -22.948  -0.798 0.4285714328
118885  25.423  5.744  -20.060 0.1428571492
55867  27.216  -20.143  -3.320 0.5714285970
55856  25.937  -20.717  -3.130 0.5714285970
55857  25.068  -20.918  -3.227 0.2857142985
56852  27.246  -19.285  -4.241 0.5714285970
55879  25.462  -19.781  -4.148 0.5714285970
54940  25.522  -21.350  -2.610 0.4285714328
56839  26.747  -19.687  -3.877 0.5714285970
55858  24.321  -20.751  -3.093 0.2857142985
55880  24.940  -19.941  -4.009 0.4285714328
57789  27.725  -18.454  -4.660 0.4285714328
57790  27.217  -18.907  -4.700 0.5714285970
56854  25.766  -19.377  -4.687 0.5714285970
56855  24.837  -19.389  -4.454 0.4285714328
58735  27.795  -17.669  -5.220 0.5714285970
57806  27.182  -18.218  -5.389 0.5714285970
56866  26.178  -18.919  -5.205 0.4285714328
58736  27.316  -17.427  -6.007 0.7142857313
58737  26.712  -17.599  -6.115 0.4285714328
56841  23.694  -19.468  -3.458 0.2857142985
55871  24.134  -20.110  -3.419 0.2857142985
56867  25.397  -18.968  -5.110 0.4285714328
59626  27.725  -16.178  -6.685 0.7142857313
59644  26.013  -16.615  -7.470 0.4285714328
60525  26.597  -15.636  -7.755 0.7142857313
60526  26.293  -15.867  -7.825 0.5714285970
60537  26.769  -14.983  -8.282 0.7142857313
60539  26.038  -15.378  -8.197 0.2857142985
112499  28.384  -16.087  -6.016 0.5714285970
60511  27.102  -15.863  -7.460 0.7142857313
61356  27.690  -14.468  -7.013 0.7142857313
61366  26.995  -14.415  -8.748 0.7142857313
62151  27.355  -13.880  -8.386 0.7142857313
61376  26.828  -14.032  -8.987 0.7142857313
61368  26.377  -14.702  -8.705 0.4285714328
62167  26.811  -13.390  -9.153 0.4285714328
124788  28.220  -13.660  -6.677 0.5714285970
62992  27.812  -13.044  -7.711 0.5714285970
62993  27.362  -13.072  -8.673 0.7142857313
107823  27.436  -10.975  -9.215 0.7142857313
108075  26.952  -12.790  -9.236 0.7142857313
62177  26.507  -12.391  -9.520 0.5714285970
108025  27.091  -11.018  -10.033 0.5714285970
62984  28.438  -12.067  -7.035 0.5714285970
63921  28.164  -11.374  -7.477 0.7142857313
63002  27.713  -12.157  -7.980 0.7142857313
108057  27.627  -10.373  -8.554 0.8571428657
122966  27.400  -9.659  -8.810 0.7142857313
110476  27.329  -10.187  -9.795 0.7142857313
123005  27.178  -9.059  -9.654 0.7142857313
108011  27.061  -10.303  -10.616 0.5714285970
64759  28.715  -10.926  -6.857 0.5714285970
63930  27.690  -11.225  -8.271 0.7142857313
108049  28.458  -9.233  -7.593 0.8571428657
108023  27.757  -9.096  -8.450 0.8571428657
107977  27.385  -8.221  -9.738 0.7142857313
66482  27.087  -8.459  -10.467 0.5714285970
67367  27.256  -7.762  -10.471 0.2857142985
122987  27.420  -8.404  -9.052 0.7142857313
123335  27.775  -6.606  -10.718 0.7142857313
108029  28.251  -8.019  -7.973 0.7142857313
107849  27.610  -7.672  -9.662 0.8571428657
107844  27.445  -8.037  -10.180 0.8571428657
113746  28.277  -5.571  -10.076 0.8571428657
108058  28.002  -6.871  -9.688 0.8571428657
68271  27.875  -6.782  -10.361 0.5714285970
69177  28.073  -6.261  -10.336 0.8571428657
69178  27.908  -5.922  -10.843 0.8571428657
69166  28.282  -5.980  -9.850 0.8571428657
111452  27.710  -5.001  -11.139 0.8571428657
70039  28.159  -4.924  -10.394 0.8571428657
70830  27.830  -4.136  -10.570 0.8571428657
72503  27.565  -2.003  -13.209 0.7142857313
73344  27.617  -1.307  -13.739 0.5714285970
72512  27.529  -2.140  -14.490 0.7142857313
74174  27.699  -0.420  -13.825 0.7142857313
74191  27.291  -0.021  -14.806 0.7142857313
123161  27.559  -1.183  -14.400 0.7142857313
74192  26.750  -0.195  -15.725 0.7142857313
75090  26.635  0.350  -16.383 0.7142857313
74205  26.754  -0.872  -17.049 0.5714285970
121587  27.324  0.864  -15.254 0.7142857313
73394  26.610  -0.692  -17.660 0.5714285970
75103  26.613  1.005  -17.095 0.4285714328
74216  26.639  -0.045  -17.643 0.5714285970
74220  26.468  -0.008  -18.246 0.5714285970
118729  26.874  1.546  -15.989 0.5714285970
73386  26.619  -1.105  -17.438 0.5714285970
112443  26.582  1.654  -17.649 0.5714285970
112715  26.394  0.789  -17.864 0.5714285970
73395  26.155  -0.444  -18.061 0.4285714328
73387  25.609  -0.656  -17.491 0.5714285970
73375  26.208  -1.562  -17.198 0.4285714328
74222  24.731  0.437  -17.768 0.5714285970
74221  25.586  0.281  -18.283 0.5714285970
75117  26.277  1.598  -18.258 0.5714285970
127813  24.505  0.264  -16.962 0.4285714328
116892  24.980  -1.282  -15.254 0.4285714328
73396  25.195  -0.135  -17.941 0.5714285970
75992  24.285  1.919  -16.069 0.4285714328
61318  30.032  -14.660  -4.680 0.2857142985
75091  24.197  1.161  -16.083 0.4285714328
75082  24.392  1.258  -15.295 0.2857142985
55855  26.833  -20.715  -2.899 0.5714285970
57769  27.673  -19.134  -4.176 0.2857142985
56837  28.328  -19.221  -3.432 0.4285714328
58699  28.367  -18.582  -4.014 0.2857142985
54941  24.627  -21.341  -2.611 0.2857142985
116387  25.826  -18.369  -5.623 0.4285714328
57807  26.483  -18.237  -5.612 0.5714285970
57770  23.344  -18.824  -3.701 0.2857142985
57792  24.326  -18.911  -4.385 0.2857142985
59628  26.505  -16.716  -7.167 0.5714285970
61317  30.793  -13.909  -4.785 0.2857142985
60528  24.837  -15.775  -7.594 0.2857142985
60538  26.572  -15.123  -8.254 0.7142857313
108034  27.956  -7.387  -8.724 0.8571428657
67360  27.619  -7.338  -10.319 0.7142857313
113742  27.492  -2.512  -12.668 0.7142857313
115881  27.522  -3.087  -12.640 0.7142857313
73364  27.008  -1.148  -15.801 0.7142857313
73385  26.723  -1.344  -17.277 0.5714285970
114001  24.943  -0.551  -16.535 0.2857142985
75081  27.408  1.797  -15.100 0.5714285970
75991  26.897  2.458  -16.293 0.5714285970
124638  26.769  1.830  -16.894 0.5714285970
75122  25.403  1.048  -18.350 0.5714285970
125862  25.004  1.597  -18.698 0.2857142985
57820  25.459  -17.896  -5.987 0.4285714328
62983  28.988  -12.318  -6.368 0.7142857313
61336  28.158  -14.783  -6.467 0.5714285970
115703  29.141  -10.298  -6.644 0.7142857313
107963  28.118  -9.770  -7.970 0.7142857313
107856  28.329  -6.137  -9.350 0.7142857313
59595  28.451  -17.056  -4.914 0.5714285970
59612  28.000  -16.845  -5.858 0.5714285970
113855  27.513  -4.130  -11.424 0.7142857313
56838  27.522  -19.552  -3.671 0.5714285970
55868  25.991  -20.043  -3.727 0.5714285970
117009  26.546  -20.263  -3.390 0.4285714328
55869  25.326  -20.340  -3.675 0.5714285970
55870  24.721  -20.330  -3.607 0.4285714328
55878  26.126  -19.618  -4.241 0.5714285970
56853  26.659  -19.259  -4.618 0.5714285970
54927  26.006  -21.852  -2.047 0.5714285970
56840  24.415  -19.683  -3.807 0.4285714328
57791  26.788  -18.754  -5.117 0.5714285970
56868  24.784  -18.833  -4.988 0.4285714328
58749  26.866  -17.067  -6.644 0.5714285970
58750  26.432  -17.216  -6.683 0.4285714328
59613  27.376  -16.840  -6.501 0.5714285970
59627  27.047  -16.517  -7.087 0.7142857313
59643  26.473  -16.236  -7.531 0.5714285970
60527  25.645  -16.019  -7.800 0.4285714328
59645  25.235  -16.529  -7.373 0.4285714328
59629  25.525  -17.123  -7.014 0.4285714328
60510  27.614  -15.337  -6.944 0.7142857313
60524  27.118  -15.162  -7.672 0.7142857313
62150  27.750  -13.794  -7.447 0.7142857313
61357  27.250  -14.540  -8.063 0.7142857313
62157  27.027  -13.752  -8.983 0.7142857313
115992  28.357  -12.999  -6.851 0.5714285970
63003  27.317  -11.925  -9.116 0.7142857313
64765  28.215  -10.558  -7.632 0.5714285970
107818  26.751  -10.910  -10.612 0.2857142985
110598  27.216  -8.273  -10.623 0.2857142985
108185  28.145  -6.399  -9.985 0.8571428657
119899  27.465  -0.706  -14.592 0.7142857313
75119  24.773  0.955  -18.125 0.5714285970
74206  24.324  0.566  -15.856 0.4285714328
57809  24.141  -18.459  -4.857 0.1428571492
58738  24.687  -18.204  -5.713 0.4285714328
118638  24.809  -24.610  0.439 0.4285714328
57753  30.999  -18.837  -2.608 0.1428571492
57754  30.043  -18.839  -2.890 0.1428571492
59593  29.960  -16.074  -4.071 0.1428571492
60478  30.274  -15.347  -4.165 0.1428571492
58683  30.788  -18.257  -3.103 0.1428571492
59580  30.772  -15.894  -3.826 0.1428571492
58719  30.576  -16.557  -3.717 0.1428571492
115695  31.181  -16.959  -3.468 0.1428571492
116178  30.882  -13.047  -5.016 0.2857142985
62962  30.833  -12.098  -5.148 0.1428571492
81687  23.516  8.617  -19.603 0.1428571492
70066  27.331  -4.943  -11.892 0.4285714328
81006  23.015  8.054  -18.854 0.1428571492
112957  27.424  -3.305  -13.297 0.4285714328
77809  23.842  4.703  -19.603 0.2857142985
76029  25.091  3.097  -20.038 0.2857142985
76020  25.957  2.406  -18.874 0.2857142985
76941  25.552  3.198  -19.835 0.2857142985
70092  26.612  -3.711  -13.924 0.1428571492
119338  27.523  -1.745  -14.664 0.5714285970
73353  27.285  -1.675  -15.307 0.5714285970
76933  24.256  2.606  -18.172 0.2857142985
76012  26.480  2.328  -18.230 0.4285714328
123186  27.066  -2.413  -15.537 0.4285714328
73373  27.045  -1.997  -16.356 0.5714285970
76022  24.794  2.283  -19.056 0.2857142985
71693  26.530  -2.453  -16.102 0.4285714328
71684  26.019  -2.933  -15.544 0.2857142985
75999  24.170  2.006  -16.665 0.1428571492
76013  24.332  1.766  -17.860 0.1428571492
72521  25.934  -2.399  -16.004 0.1428571492
72529  25.640  -1.651  -16.476 0.4285714328
76923  24.367  2.711  -16.099 0.1428571492
76924  24.162  3.336  -16.525 0.1428571492
76916  24.491  2.497  -15.539 0.2857142985
115462  24.557  2.012  -14.350 0.1428571492
76917  24.210  3.492  -15.831 0.1428571492
76905  24.516  2.969  -14.993 0.1428571492
127509  24.453  3.078  -15.577 0.1428571492
77771  24.285  3.594  -14.707 0.1428571492
51923  25.035  -23.854  0.053 0.4285714328
53960  24.273  -22.898  -0.884 0.2857142985
59579  31.384  -16.334  -3.582 0.1428571492
61300  30.740  -14.673  -4.104 0.1428571492
70857  27.444  -3.961  -12.479 0.2857142985
75984  27.200  2.461  -15.342 0.4285714328
76931  26.238  2.998  -19.044 0.2857142985
76934  24.105  3.163  -17.387 0.2857142985
76950  25.081  3.881  -20.505 0.2857142985
77797  23.744  4.160  -16.233 0.2857142985
52977  23.970  -23.489  -0.426 0.2857142985
54910  29.719  -21.534  -0.844 0.1428571492
53957  29.454  -22.257  -0.539 0.1428571492
56806  30.920  -19.887  -1.775 0.1428571492
56822  31.332  -19.281  -2.109 0.1428571492
70888  26.334  -3.491  -14.314 0.2857142985
73374  26.903  -1.780  -16.962 0.5714285970
75998  26.745  2.427  -17.274 0.4285714328
117811  23.937  4.216  -17.523 0.2857142985
77818  24.416  4.648  -20.519 0.2857142985
76932  25.785  3.675  -19.640 0.2857142985
77808  25.343  4.195  -20.499 0.2857142985
78719  24.245  5.077  -20.608 0.2857142985
78706  23.694  5.768  -20.036 0.1428571492
117914  23.537  6.501  -19.329 0.1428571492
79535  24.451  6.858  -20.179 0.1428571492
79536  23.793  6.786  -20.041 0.1428571492
80328  23.534  7.616  -19.790 0.1428571492
118706  24.582  5.899  -20.642 0.1428571492
63894  31.188  -11.253  -4.867 0.2857142985
77795  26.190  3.778  -18.776 0.4285714328
78700  23.603  5.641  -18.490 0.2857142985
77802  25.737  4.656  -19.641 0.2857142985
78705  25.222  5.134  -20.820 0.1428571492
124188  25.246  -23.348  -0.477 0.4285714328
62133  30.282  -13.424  -5.264 0.4285714328
71664  27.497  -2.661  -13.628 0.4285714328
75104  24.240  1.165  -17.017 0.4285714328
118471  24.453  1.830  -15.503 0.2857142985
121547  27.513  -3.435  -11.807 0.5714285970
72528  26.640  -2.161  -16.715 0.5714285970
75121  25.670  1.660  -18.560 0.2857142985
76021  25.336  2.399  -19.279 0.2857142985
58682  31.395  -17.561  -3.149 0.1428571492
60459  30.823  -15.253  -3.754 0.1428571492
70869  27.249  -3.923  -13.323 0.2857142985
77803  24.313  3.589  -18.539 0.2857142985
121450  24.639  2.945  -19.284 0.2857142985
70886  27.083  -2.923  -14.742 0.2857142985
71692  26.800  -2.164  -16.463 0.4285714328
71683  26.545  -2.974  -15.204 0.2857142985
71691  27.018  -2.143  -16.121 0.5714285970
61299  31.324  -14.840  -3.595 0.1428571492
70076  27.040  -4.793  -12.588 0.2857142985
77827  24.720  4.802  -20.944 0.2857142985
108362  26.408  -11.425  -10.218 0.4285714328
65616  27.131  -9.165  -10.538 0.2857142985
79507  23.161  5.869  -15.768 0.1428571492
78690  23.626  5.229  -16.967 0.1428571492
79508  22.074  6.461  -16.087 0.1428571492
77763  24.067  4.340  -14.316 0.1428571492
79490  22.971  6.897  -15.059 0.1428571492
78677  23.509  5.084  -15.977 0.1428571492
112404  23.248  5.794  -16.695 0.1428571492
78668  23.647  5.170  -15.289 0.1428571492
78661  23.832  5.282  -14.632 0.1428571492
80291  21.601  7.056  -15.245 0.1428571492
79498  23.623  6.095  -15.078 0.1428571492
80281  23.075  7.380  -14.039 0.1428571492
108197  27.077  -9.472  -10.485 0.2857142985
79489  23.815  6.478  -14.330 0.1428571492
80282  22.113  7.585  -14.255 0.1428571492
80303  20.945  6.907  -16.412 0.1428571492
110832  23.428  6.043  -17.589 0.1428571492
114625  22.638  6.330  -16.660 0.1428571492
80280  23.769  7.078  -13.707 0.1428571492
58721  28.356  -17.822  -4.462 0.4285714328
54926  26.898  -21.804  -1.995 0.2857142985
54925  27.668  -21.651  -1.819 0.1428571492
54938  27.239  -21.210  -2.326 0.2857142985
55854  27.607  -20.603  -2.710 0.2857142985
53973  26.453  -22.303  -1.456 0.2857142985
72538  26.844  -1.772  -17.038 0.4285714328
55866  27.983  -19.971  -3.113 0.2857142985
54937  27.962  -21.017  -2.077 0.1428571492
53972  27.340  -22.174  -1.421 0.1428571492
54939  26.418  -21.286  -2.484 0.4285714328
71673  27.372  -2.566  -14.618 0.2857142985
53959  25.006  -22.869  -0.921 0.2857142985
53974  25.511  -22.369  -1.469 0.2857142985
53975  24.612  -22.364  -1.437 0.2857142985
54928  25.062  -21.847  -2.033 0.2857142985
57819  26.110  -17.658  -6.266 0.2857142985
58752  25.111  -17.550  -6.454 0.2857142985
59630  24.785  -16.968  -6.813 0.2857142985
61369  25.418  -14.654  -8.290 0.1428571492
61377  26.531  -14.074  -9.064 0.2857142985
108050  26.157  -12.634  -9.640 0.1428571492
64793  26.661  -9.646  -10.907 0.1428571492
67375  27.072  -7.658  -10.772 0.1428571492
118456  27.212  -6.896  -11.147 0.1428571492
68279  27.488  -6.607  -11.143 0.1428571492
68287  27.068  -6.768  -11.316 0.1428571492
70083  26.762  -4.547  -13.028 0.1428571492
117752  27.285  -3.095  -14.003 0.1428571492
70084  26.571  -4.367  -13.308 0.1428571492
70877  26.939  -3.625  -13.881 0.1428571492
73376  24.365  0.154  -15.513 0.1428571492
74193  24.373  0.736  -14.813 0.1428571492
51936  24.331  -23.977  0.058 0.2857142985
69188  27.501  -5.883  -11.571 0.2857142985
69196  26.828  -6.225  -11.847 0.1428571492
51924  24.037  -24.621  0.470 0.2857142985
57808  25.227  -18.543  -5.522 0.2857142985
58753  24.301  -17.428  -6.176 0.2857142985
62158  25.786  -13.920  -9.019 0.1428571492
108175  26.179  -11.678  -10.072 0.1428571492
108073  26.479  -11.151  -10.753 0.1428571492
110250  26.952  -10.271  -10.846 0.1428571492
64794  25.992  -9.355  -10.981 0.1428571492
65625  26.504  -8.768  -10.870 0.1428571492
66490  26.865  -8.127  -11.094 0.1428571492
66497  26.366  -7.943  -11.010 0.1428571492
112722  27.093  -5.718  -12.106 0.1428571492
69205  26.413  -5.177  -12.663 0.1428571492
122439  24.322  -0.083  -14.796 0.1428571492
129567  24.786  -0.646  -15.691 0.1428571492
62169  26.047  -13.361  -9.467 0.1428571492
68272  27.482  -7.117  -10.676 0.1428571492
71685  25.106  -2.140  -14.360 0.1428571492
125139  27.200  -6.316  -11.626 0.1428571492
59631  23.938  -16.579  -6.454 0.1428571492
67381  26.976  -7.422  -11.009 0.1428571492
52963  23.116  -23.971  0.330 0.1428571492
51937  23.706  -24.004  0.137 0.1428571492
51926  22.667  -24.267  0.755 0.1428571492
52978  23.189  -23.421  -0.169 0.1428571492
54929  24.107  -21.819  -1.989 0.1428571492
64737  30.906  -10.557  -4.978 0.1428571492
75955  28.433  2.531  -11.248 0.1428571492
50994  23.633  -25.074  0.756 0.1428571492
53961  23.575  -22.870  -0.715 0.1428571492
53976  23.877  -22.347  -1.260 0.1428571492
54942  23.914  -21.087  -2.507 0.1428571492
75056  28.691  1.716  -10.574 0.1428571492
76872  28.247  3.069  -11.604 0.1428571492
55859  23.609  -20.194  -2.903 0.1428571492
75046  28.782  1.194  -10.029 0.1428571492
65572  30.782  -9.942  -4.991 0.1428571492
56856  24.054  -19.089  -3.945 0.1428571492
109623  24.593  -23.411  -0.465 0.1428571492
51925  23.353  -24.526  0.528 0.1428571492
52964  22.564  -23.532  0.489 0.1428571492
58751  26.064  -17.182  -6.954 0.4285714328
59642  26.741  -16.208  -7.434 0.5714285970
61367  26.784  -14.583  -8.732 0.4285714328
62168  26.540  -13.401  -9.261 0.4285714328
65624  26.753  -9.039  -10.764 0.1428571492
70887  26.761  -3.286  -14.495 0.2857142985
72484  27.986  -2.125  -10.161 0.8571428657
72520  27.332  -2.090  -15.291 0.5714285970
72527  26.855  -2.082  -16.741 0.5714285970
75118  26.034  0.845  -18.260 0.5714285970
75946  28.822  2.378  -10.706 0.1428571492
76880  27.655  3.738  -12.657 0.4285714328
76942  24.668  3.918  -19.972 0.2857142985
76949  25.155  3.832  -20.435 0.2857142985
77816  25.045  4.386  -20.850 0.2857142985
77817  24.886  4.460  -20.858 0.2857142985
78717  25.025  4.636  -21.032 0.2857142985
78718  24.782  4.888  -21.015 0.2857142985
107812  26.166  -11.436  -10.522 0.1428571492
107813  26.262  -11.207  -10.838 0.1428571492
107817  26.746  -11.669  -9.681 0.4285714328
111058  24.113  2.545  -16.975 0.1428571492
113666  27.742  -8.019  -8.659 0.7142857313
114461  28.889  -9.331  -7.032 0.8571428657
117521  25.686  -17.475  -6.611 0.4285714328
123421  24.903  4.680  -21.037 0.2857142985
127861  25.063  -13.823  -8.456 0.1428571492
128060  26.758  -15.386  -7.790 0.7142857313
130852  24.578  1.765  -14.955 0.2857142985
